SampleTime,Phase,Sensor1,Sensor2,Sensor3,IJ,Sensor5,Sensor6,MouldTemp1,MouldTemp2,MouldTemp3,MouldTemp4,MouldTemp5,MouldTemp9,MouldTemp10,MouldTemp11,MouldTemp12,MouldTemp13,MouldTemp14,Sensor8,MouldFlow1,MouldFlow2,MouldFlow3,SP
0.0,1.0,6.429,5.468,5.013,96.329,92.622,92.719,65.2,55.1,30.1,100.4,65.2,86.8,93.8,86.4,93.7,90.3,93.3,19.582,5,5,5,104.484
0.05,1.0,6.1579999999999995,5.651,5.001,68.201,92.208,92.101,65.2,55.1,30.1,100.4,65.2,86.8,93.8,86.4,93.7,90.3,93.3,20.380000000000003,5,5,5,104.488
0.1,1.0,6.265,5.506,5.0,46.013000000000005,92.173,92.01100000000001,65.2,55.1,30.1,100.4,65.2,86.8,93.8,86.4,93.7,90.3,93.3,19.740000000000002,5,5,5,104.48299999999999
0.15,1.0,6.335,5.443,5.007,33.037,91.928,92.041,65.2,55.1,30.1,100.4,65.2,86.8,93.8,86.4,93.7,90.3,93.3,21.230999999999998,5,5,5,104.48899999999999
0.2,1.0,6.167,5.616,5.004,16.879,92.45,92.01100000000001,65.2,55.1,30.1,100.4,65.2,86.8,93.8,86.4,93.7,90.3,93.3,19.232999999999997,5,5,5,104.49
0.25,1.0,5.91,5.882,5.0,32.33,92.312,92.19,65.2,55.1,30.1,100.4,65.2,86.8,93.8,86.4,93.7,90.3,93.3,20.548000000000002,5,5,5,104.493
0.3,1.0,5.986,5.531,5.0,34.516999999999996,92.312,92.485,65.2,55.1,30.1,100.4,65.2,86.8,93.8,86.4,93.7,90.3,93.3,19.536,5,5,5,104.488
0.35,1.0,5.978,5.818,5.0,33.32,92.657,92.661,65.2,55.1,30.1,100.4,65.2,86.8,93.8,86.4,93.7,90.3,93.3,20.244999999999997,5,5,5,104.49
0.4,1.0,6.138,5.493,5.0,47.571999999999996,92.554,92.922,65.2,55.1,30.1,100.4,65.2,86.8,93.8,86.4,93.7,90.3,93.3,19.285,5,5,5,104.48700000000001
0.45,1.0,5.854,5.507,5.0,60.615,92.964,93.009,65.2,55.1,30.1,100.4,65.2,86.8,93.8,86.4,93.7,90.3,93.3,20.112000000000002,5,5,5,104.492
0.5,1.0,5.884,5.579,5.291,63.217,93.09899999999999,93.24,65.2,55.1,30.1,100.4,65.2,86.8,93.8,86.4,93.7,90.3,93.3,18.864,5,5,5,104.48299999999999
0.55,1.0,6.004,5.551,5.016,59.208999999999996,93.268,93.497,65.2,55.1,30.1,100.4,65.2,86.8,93.8,86.4,93.7,90.3,93.3,19.982,5,5,5,104.495
0.6,1.0,6.149,5.558,5.294,56.827,93.301,93.582,65.2,55.1,30.1,100.4,65.2,86.8,93.8,86.4,93.7,90.3,93.3,18.977,5,5,5,104.488
0.65,1.0,6.015,5.515,5.016,45.881,93.435,93.525,65.2,55.1,30.1,100.4,65.2,86.8,93.8,86.4,93.7,90.17399999999999,93.3,20.029000000000003,5,5,5,104.49
0.7,1.0,5.671,5.599,5.307,27.129,93.469,93.97800000000001,65.2,55.1,30.1,100.4,65.2,86.8,93.8,86.4,93.7,90.118,93.3,19.110999999999997,5,5,5,104.486
0.75,1.0,5.816,5.647,5.017,13.63,93.834,93.865,65.2,55.1,30.1,100.4,65.2,86.8,93.8,86.4,93.7,90.104,93.3,19.099,5,5,5,104.491
0.8,1.0,5.819,5.691,5.326,18.118000000000002,93.768,93.921,65.1,55.1,30.1,100.5,65.2,86.8,93.8,86.4,93.7,90.101,93.3,20.048000000000002,5,5,5,104.494
0.85,1.0,5.628,5.466,5.018,20.159,94.12899999999999,94.006,65.1,55.1,30.1,100.5,65.2,86.8,93.8,86.4,93.7,90.1,93.3,19.448,5,5,5,104.491
0.9,1.0,6.021,5.475,5.0,31.178,94.292,94.146,65.1,55.1,30.1,100.5,65.2,86.8,93.8,86.4,93.7,90.1,93.3,20.029000000000003,5,5,5,104.485
0.95,1.0,5.913,5.476,5.0,20.724,94.195,94.062,65.1,55.1,30.1,100.5,65.2,86.8,93.8,86.4,93.7,90.1,93.3,19.387999999999998,5,5,5,104.48899999999999
1.0,1.0,5.913,5.5120000000000005,5.051,20.712,94.16199999999999,94.20100000000001,65.1,55.1,30.1,100.5,65.2,86.8,93.64699999999999,86.4,93.7,90.1,93.3,20.250999999999998,5,5,5,104.485
1.05,1.0,6.2940000000000005,5.599,5.0,27.252,94.292,94.285,65.1,55.1,30.1,100.5,65.2,86.8,93.611,86.4,93.7,90.1,93.3,19.458,5,5,5,104.484
1.1,1.0,6.042,5.486,5.348,26.168000000000003,94.584,94.396,65.1,55.1,30.1,100.5,65.2,86.8,93.60300000000001,86.255,93.7,90.1,93.3,20.006999999999998,5,5,5,104.48299999999999
1.15,1.0,6.155,5.6899999999999995,5.019,26.988000000000003,94.648,93.893,65.1,55.1,30.1,100.5,65.2,86.8,93.601,86.21300000000001,93.7,90.1,93.3,19.547,5,5,5,104.486
1.2,1.0,5.817,5.567,5.355,27.101,94.325,94.313,65.1,55.1,30.1,100.5,65.2,86.8,93.6,86.203,93.7,90.1,93.3,20.412,5,5,5,104.485
1.25,1.0,5.698,5.554,5.02,27.351,94.325,94.64399999999999,65.1,55.1,30.1,100.5,65.2,86.8,93.6,86.20100000000001,93.7,90.1,93.3,19.360999999999997,5,5,5,104.485
1.3,1.0,5.712,5.467,5.361,26.958000000000002,94.648,94.507,65.1,55.1,30.1,100.5,65.2,86.8,93.6,86.2,93.7,90.1,93.3,20.14,5,5,5,104.488
1.35,1.0,5.772,5.534,5.02,27.008000000000003,94.51899999999999,95.0,65.1,55.1,30.1,100.5,65.2,86.8,93.6,86.2,93.7,90.1,93.3,19.323,5,5,5,104.48899999999999
1.4,1.0,5.737,5.546,5.3629999999999995,26.680999999999997,94.712,94.727,65.1,55.1,30.1,100.5,65.2,86.8,93.6,86.2,93.7,90.1,93.3,20.262999999999998,5,5,5,104.48899999999999
1.45,1.0,6.505,5.438,5.021,26.443,94.873,94.973,65.1,55.1,30.1,100.5,65.2,86.8,93.6,86.2,93.7,90.1,93.3,19.240000000000002,5,5,5,104.485
1.5,1.0,6.0009999999999994,5.465,5.367,26.45,94.68,95.13600000000001,65.1,55.1,30.1,100.5,65.2,86.8,93.6,86.2,93.7,90.1,93.3,20.006999999999998,5,5,5,104.485
1.55,1.0,5.638,5.458,5.0,26.381999999999998,95.19,95.37899999999999,65.1,55.1,30.1,100.5,65.2,86.8,93.6,86.2,93.7,90.1,93.3,19.088,5,5,5,104.485
1.6,1.0,6.103,5.5280000000000005,5.008,26.459,94.936,95.406,65.1,55.1,30.1,100.5,65.2,86.8,93.6,86.2,93.7,90.1,93.3,19.880000000000003,5,5,5,104.48899999999999
1.65,1.0,5.95,5.568,5.005,26.621,95.15899999999999,95.567,65.1,55.1,30.1,100.5,65.2,86.8,93.6,86.2,93.7,90.1,93.3,19.115000000000002,5,5,5,104.486
1.7,1.0,6.454,5.556,5.0,26.329,95.19,95.054,65.1,55.1,30.1,100.5,65.2,86.8,93.6,86.2,93.7,90.1,93.3,19.297,5,5,5,104.48100000000001
1.75,1.0,5.7170000000000005,5.563,5.021,26.298000000000002,94.904,95.352,65.1,55.1,30.1,100.5,65.2,86.8,93.6,86.2,93.555,90.1,93.3,19.988,5,5,5,104.488
1.8,1.0,5.892,5.582,5.063,26.401999999999997,95.15899999999999,95.082,65.1,55.1,30.1,100.5,65.2,86.8,93.6,86.2,93.513,90.1,93.3,18.92,5,5,5,104.485
1.85,1.0,5.71,5.684,5.0,26.34,95.064,95.62,65.1,55.1,30.1,100.5,65.2,86.8,93.6,86.2,93.503,90.1,93.3,19.871,5,5,5,104.48899999999999
1.9,1.0,5.884,5.497,5.0,26.226999999999997,95.536,95.78,65.1,55.1,30.1,100.5,65.2,86.8,93.6,86.2,93.501,90.1,93.105,19.038,5,5,5,104.485
1.95,1.0,5.618,5.508,5.0,25.612,95.222,95.75399999999999,65.1,55.1,30.1,100.5,65.2,86.8,93.6,86.2,93.5,90.1,93.025,20.304000000000002,5,5,5,104.48899999999999
2.0,1.0,5.723,5.51,5.002,24.805999999999997,95.59899999999999,95.78,65.1,55.1,30.1,100.5,65.2,86.8,93.6,86.2,93.5,90.1,93.006,19.103,5,5,5,104.48100000000001
2.05,1.0,6.116,5.471,5.0,24.824,95.253,95.67399999999999,65.1,55.1,30.1,100.5,65.2,86.684,93.6,86.2,93.5,90.1,93.001,20.122,5,5,5,104.48700000000001
2.1,1.0,5.923,5.55,5.0,23.847,95.411,95.727,65.1,55.1,30.1,100.5,65.2,86.62,93.6,86.2,93.5,90.1,93.0,19.059,5,5,5,104.48299999999999
2.15,1.0,5.769,5.466,5.018,23.079,95.37899999999999,96.01899999999999,65.1,55.1,30.1,100.5,65.2,86.605,93.6,86.2,93.5,90.1,93.0,20.148,5,5,5,104.48899999999999
2.2,1.0,6.171,5.624,5.001,24.308,95.505,95.833,65.1,55.1,30.1,100.5,65.2,86.601,93.6,86.2,93.5,90.1,93.0,19.072000000000003,5,5,5,104.484
2.25,1.0,5.82,5.551,5.0,24.05,95.47399999999999,96.256,65.1,55.1,30.1,100.5,65.2,86.6,93.6,86.2,93.5,90.1,93.0,20.154000000000003,5,5,5,104.485
2.3,1.0,5.752,5.759,5.001,24.39,95.37899999999999,95.833,65.1,55.1,30.1,100.5,65.2,86.6,93.6,86.2,93.5,90.1,93.0,18.872,5,5,5,104.485
2.35,1.0,6.064,5.496,5.0,23.992,95.348,95.486,65.1,55.1,30.1,100.5,65.2,86.6,93.6,86.2,93.5,90.1,93.0,20.533,5,5,5,104.48100000000001
2.4,1.0,6.205,5.486,5.0,23.86,95.253,95.513,65.1,55.1,30.1,100.5,65.2,86.6,93.6,86.2,93.5,90.1,93.0,19.151,5,5,5,104.485
2.45,1.0,5.89,5.571,5.0,45.637,95.411,95.406,65.1,55.1,30.1,100.5,65.2,86.6,93.6,86.2,93.5,90.1,93.0,20.57,5,5,5,104.486
2.5,1.0,6.093,5.521,5.001,73.36399999999999,95.285,95.271,65.1,55.1,30.1,100.5,65.2,86.6,93.6,86.2,93.5,90.1,93.0,19.102,5,5,5,104.49
2.55,1.0,6.13,5.453,5.0,108.954,95.127,95.37899999999999,65.1,55.1,30.1,100.5,65.2,86.6,93.6,86.2,93.5,90.1,93.0,20.479,5,5,5,104.48700000000001
2.6,1.0,5.641,5.505,5.001,139.981,95.222,95.163,65.1,55.1,30.1,100.5,65.2,86.6,93.6,86.2,93.5,90.1,93.0,19.184,5,5,5,104.495
2.65,1.0,5.868,5.641,5.0,164.187,95.222,94.946,65.1,55.1,30.1,100.5,65.2,86.6,93.6,86.2,93.5,90.1,93.0,20.231,5,5,5,104.49
2.7,1.0,5.787,5.489,5.0,177.22400000000002,95.47399999999999,95.352,65.1,55.1,30.1,100.5,65.2,86.6,93.6,86.2,93.5,90.1,93.0,20.28,5,5,5,104.48299999999999
2.75,1.0,5.9079999999999995,5.496,5.002,180.954,95.317,95.433,65.1,55.1,30.1,100.5,65.2,86.6,93.6,86.2,93.5,90.1,93.0,19.439999999999998,5,5,5,104.48200000000001
2.8,1.0,6.095,5.5440000000000005,5.0,174.387,95.37899999999999,95.19,65.1,55.0,30.0,100.4,65.2,86.6,93.6,86.2,93.5,90.1,93.0,20.046,5,5,5,104.48299999999999
2.85,1.0,5.861,5.522,5.0,154.159,95.442,95.567,65.1,55.0,30.0,100.4,65.2,86.6,93.6,86.2,93.5,90.1,93.0,19.475,5,5,5,104.49
2.9,1.0,5.8100000000000005,5.466,5.0,126.279,95.37899999999999,95.567,65.1,55.0,30.0,100.4,65.2,86.6,93.6,86.2,93.5,90.1,93.0,20.151,5,5,5,104.486
2.95,1.0,5.848,5.696,5.0,93.73299999999999,95.253,95.352,65.1,55.0,30.0,100.4,65.2,86.6,93.6,86.047,93.5,90.1,93.0,19.447000000000003,5,5,5,104.48899999999999
3.0,1.0,5.814,5.582,5.0,70.059,95.317,95.298,65.1,55.0,30.0,100.4,65.2,86.6,93.6,86.01100000000001,93.5,90.1,93.0,20.103,5,5,5,104.486
3.05,1.0,6.09,5.434,5.0,54.388999999999996,95.317,95.027,65.1,55.0,30.0,100.4,65.2,86.6,93.484,86.003,93.5,90.1,93.0,19.29,5,5,5,104.49
3.1,14.0,5.939,5.49,5.001,104.368,95.222,95.486,65.1,55.0,30.0,100.4,65.2,86.6,93.42,86.001,93.5,90.1,93.0,19.96,5,5,5,104.48299999999999
3.15,14.0,5.881,5.437,5.0,105.75200000000001,94.936,95.054,65.1,55.0,30.0,100.4,65.2,86.6,93.405,86.0,93.5,90.1,93.0,19.539,5,5,5,104.48700000000001
3.2,14.0,6.082,5.57,5.0,79.119,94.809,94.699,65.1,55.0,30.0,100.4,65.2,86.6,93.40100000000001,86.0,93.5,90.1,93.0,20.107,5,5,5,104.47399999999999
3.25,14.0,5.8100000000000005,5.438,5.0,57.107,94.809,94.45100000000001,65.1,55.0,30.0,100.4,65.2,86.6,93.4,86.0,93.5,90.1,93.0,19.500999999999998,5,5,5,104.48299999999999
3.3,14.0,5.914,5.572,5.0,48.711999999999996,94.873,94.313,65.1,55.0,30.0,100.4,65.2,86.6,93.4,86.0,93.5,90.1,93.0,19.981,5,5,5,104.478
3.35,14.0,6.173,5.598,5.0,52.739,95.095,94.809,65.1,55.0,30.0,100.4,65.2,86.6,93.4,86.0,93.5,90.1,93.0,19.610999999999997,5,5,5,104.48299999999999
3.4,14.0,5.683,5.491,5.0,55.768,94.487,94.562,65.1,55.0,30.0,100.4,65.2,86.6,93.4,86.0,93.5,90.1,93.0,20.17,5,5,5,104.47200000000001
3.45,14.0,5.545,5.523,5.0,59.93899999999999,94.873,94.75399999999999,65.1,55.0,30.0,100.4,65.2,86.6,93.4,86.0,93.5,89.984,93.0,19.437,5,5,5,104.48299999999999
3.5,14.0,5.818,5.5489999999999995,5.0,74.344,95.19,94.617,65.1,55.0,30.0,100.4,65.2,86.6,93.4,86.0,93.5,89.92,93.0,20.189999999999998,5,5,5,104.484
3.55,14.0,5.883,5.44,5.0,109.555,94.873,95.19,65.1,55.0,30.0,100.4,65.2,86.6,93.4,86.0,93.5,89.905,93.0,19.497999999999998,5,5,5,104.478
3.6,14.0,5.963,5.469,5.001,132.834,95.348,95.67399999999999,65.1,55.0,30.0,100.4,65.2,86.6,93.4,86.0,93.5,89.90100000000001,93.0,19.987000000000002,5,5,5,104.475
3.65,14.0,5.739,5.518,5.0,150.406,95.15899999999999,95.64699999999999,65.1,55.0,30.0,100.4,65.2,86.6,93.4,86.0,93.5,89.9,93.0,19.533,5,5,5,104.48100000000001
3.7,14.0,5.68,5.5,5.001,162.998,94.936,94.809,65.1,55.0,30.0,100.4,65.2,86.6,93.4,86.0,93.5,89.9,93.0,20.214,5,5,5,104.479
3.75,14.0,5.705,5.497,5.0,172.271,95.19,95.13600000000001,65.1,55.0,30.0,100.4,65.2,86.6,93.4,86.0,93.5,89.9,93.0,19.365000000000002,5,5,5,104.48200000000001
3.8,14.0,5.8870000000000005,5.5440000000000005,5.0,178.61700000000002,95.19,95.19,65.1,55.0,30.0,100.4,65.2,86.6,93.4,86.0,93.5,89.9,93.0,20.052,5,5,5,104.48100000000001
3.85,14.0,5.741,5.621,5.0,179.41400000000002,94.904,95.406,65.1,55.0,30.0,100.4,65.2,86.6,93.4,86.0,93.5,89.9,93.0,19.316,5,5,5,104.48200000000001
3.9,14.0,5.73,5.611,5.002,174.769,95.0,95.325,65.1,55.0,30.0,100.4,65.2,86.6,93.4,86.0,93.5,89.9,93.0,20.0,5,5,5,104.48200000000001
3.95,14.0,5.813,5.504,5.0,175.105,95.127,95.298,65.1,55.0,30.0,100.4,65.2,86.6,93.4,86.0,93.5,89.9,93.0,19.086,5,5,5,104.48100000000001
4.0,14.0,5.721,5.588,5.0,175.894,95.253,95.027,65.1,55.0,30.0,100.4,65.2,86.6,93.4,86.0,93.5,89.9,93.0,19.963,5,5,5,104.479
4.05,14.0,5.78,5.602,5.0,173.769,95.0,94.891,65.1,55.0,30.0,100.4,65.2,86.6,93.4,86.0,93.5,89.9,93.0,19.062,5,5,5,104.479
4.1,14.0,5.927,5.524,5.0,173.752,94.904,95.082,65.1,55.0,30.0,100.4,65.2,86.6,93.4,86.0,93.384,89.9,93.0,20.208,5,5,5,104.48
4.15,14.0,6.159,5.46,5.0,175.639,94.936,95.13600000000001,65.1,55.0,30.0,100.4,65.2,86.6,93.4,86.0,93.32,89.9,93.0,19.235999999999997,5,5,5,104.48200000000001
4.17,3.0,6.059,5.684,5.0,174.035,94.968,95.513,65.1,55.0,30.0,100.4,65.2,86.6,93.4,86.0,93.311,89.9,93.0,19.110999999999997,5,5,5,104.48200000000001
4.19,3.0,5.559,5.449,5.0,169.838,94.195,93.488,65.1,55.0,30.0,100.4,65.2,86.6,93.4,86.0,93.306,89.9,93.0,19.163,5,5,5,104.48299999999999
4.21,3.0,5.575,5.626,5.0,153.963,94.71300000000001,94.36399999999999,65.1,55.0,30.0,100.4,65.2,86.6,93.4,86.0,93.304,89.9,93.0,19.259999999999998,5,5,5,104.485
4.23,3.0,5.792,5.562,5.0,136.391,94.584,94.084,65.1,55.0,30.0,100.4,65.2,86.6,93.4,86.0,93.30199999999999,89.9,93.0,19.238,5,5,5,104.48
4.25,3.0,5.793,5.448,5.0,118.803,94.422,94.309,65.1,55.0,30.0,100.4,65.2,86.6,93.4,86.0,93.301,89.9,93.0,19.261,5,5,5,104.48200000000001
4.27,3.0,5.915,5.517,5.0,99.696,94.358,93.915,65.1,55.0,30.0,100.4,65.2,86.6,93.4,86.0,93.301,89.9,93.0,19.353,5,5,5,104.486
4.29,3.0,5.633,5.709,5.0,84.97399999999999,94.55199999999999,93.858,65.1,55.0,30.0,100.4,65.2,86.6,93.4,86.0,93.3,89.9,93.0,19.323,5,5,5,104.48
4.31,3.0,6.412,6.555,5.099,89.44200000000001,94.84100000000001,94.112,65.1,55.0,30.0,100.4,65.2,86.6,93.4,86.0,93.3,89.9,93.0,19.17,5,5,5,104.484
4.33,3.0,5.898,7.036,5.201,81.108,94.648,94.197,65.1,55.0,30.0,100.4,65.2,86.6,93.4,86.0,93.3,89.9,93.0,19.235999999999997,5,5,5,104.162
4.35,3.0,6.197,6.172,5.108,75.936,94.745,94.642,65.1,55.0,30.0,100.4,65.2,86.6,93.35,86.0,93.3,89.9,93.0,19.434,5,5,5,103.34299999999999
4.37,3.0,5.747,6.801,5.031,59.091,94.71300000000001,94.36399999999999,65.1,55.0,30.0,100.4,65.2,86.6,93.28399999999999,86.0,93.3,89.9,93.0,19.363,5,5,5,102.012
4.39,3.0,5.992,6.546,5.122,56.361000000000004,94.873,94.36399999999999,65.1,55.0,30.0,100.4,65.2,86.6,93.247,86.0,93.3,89.9,93.0,19.258,5,5,5,100.84299999999999
4.41,3.0,5.798,6.7,5.036,49.295,94.68,94.337,65.1,55.0,30.0,100.4,65.2,86.6,93.227,86.0,93.3,89.9,93.0,19.179000000000002,5,5,5,99.353
4.43,3.0,5.893,6.436,5.275,38.916,94.873,94.169,65.1,55.0,30.0,100.4,65.2,86.6,93.215,86.0,93.3,89.9,93.0,19.243000000000002,5,5,5,98.177
4.45,3.0,5.627,6.523,5.084,41.972,94.648,94.36399999999999,65.1,55.0,30.0,100.4,65.2,86.6,93.208,86.0,93.3,89.9,93.0,19.177999999999997,5,5,5,97.09899999999999
4.47,3.0,5.875,6.963,5.15,46.647,94.71300000000001,93.971,65.1,55.0,30.0,100.4,65.2,86.6,93.205,86.0,93.3,89.9,93.0,19.264000000000003,5,5,5,96.179
4.49,3.0,6.0809999999999995,6.709,5.015,50.035,94.777,94.42,65.1,55.0,30.0,100.4,65.2,86.6,93.203,86.0,93.3,89.9,93.0,19.209000000000003,5,5,5,95.26799999999999
4.51,3.0,5.889,6.929,5.228,52.958,95.0,94.392,65.1,55.0,30.0,100.4,65.2,86.6,93.20100000000001,86.0,93.3,89.9,93.0,19.212,5,5,5,94.365
4.53,3.0,5.747,7.127,5.06,57.147,94.936,94.42,65.1,55.0,30.0,100.4,65.2,86.6,93.20100000000001,86.0,93.3,89.9,92.95,19.357999999999997,5,5,5,93.49799999999999
4.55,3.0,6.032,6.683,5.097,61.391999999999996,95.064,94.42,65.1,55.0,30.0,100.4,65.2,86.6,93.2,86.0,93.3,89.9,92.884,19.375,5,5,5,92.615
4.57,3.0,6.114,6.523,5.029,65.18299999999999,94.84100000000001,94.028,65.1,55.0,30.0,100.4,65.2,86.6,93.2,86.0,93.3,89.9,92.847,19.299,5,5,5,91.757
4.59,3.0,5.841,6.825,5.004,69.57,94.873,94.253,65.1,55.0,30.0,100.4,65.2,86.6,93.2,86.0,93.3,89.9,92.827,19.267000000000003,5,5,5,90.93
4.61,3.0,5.979,6.692,5.089,74.056,94.809,94.337,65.1,55.0,30.0,100.4,65.2,86.6,93.2,86.0,93.3,89.9,92.815,19.326,5,5,5,90.09
4.63,3.0,6.233,7.038,5.118,77.959,94.873,94.197,65.1,55.0,30.0,100.4,65.2,86.6,93.2,86.0,93.3,89.9,92.808,19.173000000000002,5,5,5,89.26100000000001
4.65,3.0,5.826,7.295,5.191,80.183,94.68,94.36399999999999,65.1,55.0,30.0,100.4,65.2,86.6,93.2,86.0,93.3,89.9,92.805,19.23,5,5,5,88.506
4.67,3.0,5.7829999999999995,6.621,5.198,83.35,94.584,94.44800000000001,65.1,55.0,30.0,100.4,65.2,86.6,93.2,86.0,93.3,89.9,92.803,19.194000000000003,5,5,5,87.767
4.69,3.0,5.404,7.015000000000001,5.193,82.325,94.616,94.587,65.1,55.0,30.0,100.4,65.2,86.6,93.2,86.0,93.3,89.9,92.801,20.619999999999997,5,5,5,86.916
4.71,3.0,5.767,6.834,5.05,81.977,94.71300000000001,95.137,65.1,55.0,30.0,100.4,65.2,86.6,93.2,86.0,93.3,89.9,92.801,20.326999999999998,5,5,5,86.051
4.73,3.0,6.022,6.929,5.147,81.566,94.68,95.65100000000001,65.1,55.0,30.0,100.4,65.2,86.6,93.2,86.0,93.3,89.9,92.8,20.575,5,5,5,85.176
4.75,3.0,5.918,6.25,5.119,81.306,94.84100000000001,95.891,65.1,55.0,30.0,100.4,65.2,86.6,93.2,86.0,93.3,89.9,92.8,20.441,5,5,5,84.305
4.77,3.0,5.854,6.689,5.115,80.017,94.968,96.656,65.1,55.0,30.0,100.4,65.2,86.6,93.2,86.0,93.3,89.9,92.8,20.42,5,5,5,83.426
4.79,3.0,5.886,6.6850000000000005,5.166,78.983,95.032,97.785,64.9,55.0,30.0,100.3,64.9,86.6,93.2,86.0,93.3,89.9,92.8,20.211,5,5,5,82.527
4.81,3.0,5.964,7.183,5.115,78.253,95.064,99.05,64.9,55.0,30.0,100.3,64.9,86.6,93.2,86.0,93.3,89.9,92.8,20.164,5,5,5,81.667
4.83,3.0,5.9350000000000005,6.496,5.016,77.973,94.68,100.881,64.9,55.0,30.0,100.3,64.9,86.6,93.2,86.0,93.3,89.9,92.8,20.131,5,5,5,80.79
4.85,3.0,5.933,6.701,5.016,78.005,94.777,103.045,64.9,55.0,30.0,100.3,64.9,86.6,93.2,86.0,93.3,89.9,92.8,20.512999999999998,5,5,5,79.90899999999999
4.87,3.0,5.822,6.7940000000000005,5.138,78.445,94.68,106.37100000000001,64.9,55.0,30.0,100.3,64.9,86.6,93.2,86.0,93.3,89.9,92.8,20.185000000000002,5,5,5,79.065
4.89,3.0,5.737,7.2669999999999995,5.128,78.185,94.84100000000001,112.735,64.9,55.0,30.0,100.3,64.9,86.55,93.2,86.0,93.3,89.9,92.8,20.207,5,5,5,78.181
4.91,3.0,5.765,6.878,5.076,78.88,94.809,122.70299999999999,64.9,55.0,30.0,100.3,64.9,86.484,93.2,86.0,93.3,89.9,92.8,20.295,5,5,5,77.333
4.93,3.0,5.9030000000000005,7.194,5.253,78.766,95.064,135.668,64.9,55.0,30.0,100.3,64.9,86.447,93.2,86.0,93.3,89.9,92.8,20.058,5,5,5,76.509
4.95,3.0,6.057,7.293,5.294,79.093,95.348,157.80200000000002,64.9,55.0,30.0,100.3,64.9,86.42699999999999,93.2,86.0,93.3,89.9,92.8,20.076,5,5,5,75.66199999999999
4.97,3.0,6.155,7.5280000000000005,5.175,79.461,95.59899999999999,229.49599999999998,64.9,55.0,30.0,100.3,64.9,86.415,93.2,85.95,93.3,89.9,92.8,20.25,5,5,5,74.828
4.99,3.0,6.187,7.6899999999999995,5.006,80.038,96.794,243.49599999999998,64.9,55.0,30.0,100.3,64.9,86.408,93.2,85.884,93.3,89.9,92.8,20.122,5,5,5,73.97
5.01,3.0,6.053,8.453,5.039,80.37,98.665,238.507,64.9,55.0,30.0,100.3,64.9,86.405,93.2,85.847,93.3,89.9,92.8,20.129,5,5,5,73.14500000000001
5.03,3.0,5.947,8.207,5.192,80.942,101.109,235.71400000000003,64.9,55.0,30.0,100.3,64.9,86.403,93.2,85.827,93.3,89.9,92.8,20.204,5,5,5,72.282
5.05,3.0,6.004,8.77,5.038,80.721,103.939,234.584,64.9,55.0,30.0,100.3,64.9,86.402,93.2,85.815,93.3,89.9,92.8,20.184,5,5,5,71.456
5.07,3.0,5.995,9.146,5.129,81.1,107.5,233.957,64.9,55.0,30.0,100.3,64.9,86.40100000000001,93.2,85.808,93.3,89.9,92.8,20.047,5,5,5,70.61
5.09,3.0,6.0280000000000005,9.79,5.233,81.09,111.615,234.107,64.9,55.0,30.0,100.3,64.9,86.4,93.2,85.805,93.3,89.9,92.8,20.34,5,5,5,69.75899999999999
5.11,3.0,6.079,9.766,5.239,81.407,117.258,234.358,64.9,55.0,30.0,100.3,64.9,86.4,93.2,85.803,93.3,89.9,92.8,20.343,5,5,5,68.925
5.13,3.0,5.85,10.152999999999999,5.202,81.719,123.368,234.345,64.9,55.0,30.0,100.3,64.9,86.4,93.2,85.801,93.3,89.9,92.8,20.252000000000002,5,5,5,68.077
5.15,3.0,6.334,10.542000000000002,5.178,82.327,132.18200000000002,234.082,64.9,55.0,30.0,100.3,64.9,86.4,93.2,85.801,93.3,89.9,92.8,20.293,5,5,5,67.219
5.17,3.0,6.093,10.812999999999999,5.052,81.422,141.179,233.507,64.9,55.0,30.0,100.3,64.9,86.4,93.2,85.8,93.3,89.9,92.8,20.161,5,5,5,66.346
5.19,3.0,5.968,11.401,5.214,79.498,149.51,232.609,64.9,55.0,30.0,100.3,64.9,86.4,93.2,85.8,93.3,89.9,92.8,20.231,5,5,5,65.421
5.21,3.0,5.9190000000000005,11.972999999999999,5.247,77.259,159.711,231.601,64.9,55.0,30.0,100.3,64.9,86.4,93.2,85.8,93.3,89.9,92.8,20.285,5,5,5,64.494
5.23,3.0,6.59,13.036,5.115,75.11399999999999,178.578,230.52200000000002,64.9,55.0,30.0,100.3,64.9,86.4,93.2,85.8,93.3,89.9,92.8,19.964,5,5,5,63.532
5.25,3.0,6.493,13.533999999999999,5.156,73.285,237.31099999999998,229.47099999999998,64.9,55.0,30.0,100.3,64.9,86.4,93.2,85.8,93.3,89.9,92.8,20.271,5,5,5,62.599
5.27,3.0,6.539,14.322000000000001,5.373,71.926,244.69,228.423,64.9,55.0,30.0,100.3,64.9,86.4,93.2,85.8,93.3,89.9,92.8,20.389000000000003,5,5,5,61.681999999999995
5.29,3.0,6.423,15.011000000000001,5.648,71.566,240.273,227.37900000000002,64.9,55.0,30.0,100.3,64.9,86.4,93.2,85.8,93.3,89.9,92.8,20.218,5,5,5,60.78
5.31,3.0,6.853,14.95,5.933,71.054,237.234,226.31400000000002,64.9,55.0,30.0,100.3,64.9,86.4,93.2,85.8,93.3,89.9,92.8,20.252000000000002,5,5,5,59.883
5.33,3.0,6.661,15.638,6.512,71.237,234.929,225.581,64.9,55.0,30.0,100.3,64.9,86.4,93.2,85.8,93.3,89.9,92.8,20.255000000000003,5,5,5,59.027
5.35,3.0,6.32,15.838,7.067,70.876,232.97799999999998,224.351,64.9,55.0,30.0,100.3,64.9,86.4,93.2,85.8,93.3,89.9,92.8,20.272,5,5,5,58.175
5.37,3.0,6.888,15.677999999999999,7.198,71.81,231.226,223.271,64.9,55.0,30.0,100.3,64.9,86.4,93.2,85.8,93.3,89.9,92.8,20.322000000000003,5,5,5,57.317
5.39,3.0,6.695,16.668,8.012,71.561,229.706,223.562,64.9,55.0,30.0,100.3,64.9,86.4,93.2,85.8,93.3,89.9,92.8,20.17,5,5,5,56.478
5.41,3.0,6.769,16.542,8.292,71.88,228.403,223.74400000000003,64.9,55.0,30.0,100.3,64.9,86.4,93.2,85.8,93.3,89.9,92.8,20.165999999999997,5,5,5,55.602
5.43,3.0,6.707,17.237000000000002,8.806000000000001,71.788,227.278,223.671,64.9,55.0,30.0,100.3,64.9,86.4,93.2,85.8,93.3,89.9,92.8,20.148,5,5,5,54.762
5.45,3.0,7.237,17.825,9.263,72.925,226.095,223.574,64.9,55.0,30.0,100.3,64.9,86.4,93.2,85.8,93.3,89.9,92.8,20.317999999999998,5,5,5,53.909
5.47,3.0,7.303,18.025,9.686,72.935,224.94,223.574,64.9,55.0,30.0,100.3,64.9,86.4,93.2,85.8,93.3,89.9,92.8,20.726,5,5,5,53.067
5.49,3.0,7.45,18.82,10.026,73.51100000000001,224.095,223.53799999999998,64.9,55.0,30.0,100.3,64.9,86.4,93.2,85.8,93.3,89.9,92.8,20.435000000000002,5,5,5,52.218999999999994
5.51,3.0,7.508,19.25,10.553999999999998,72.015,223.55700000000002,223.44099999999997,64.9,55.0,30.0,100.3,64.9,86.4,93.2,85.8,93.3,89.875,92.8,20.619999999999997,5,5,5,51.38
5.53,3.0,7.609999999999999,20.015,11.121,69.984,223.08,223.222,64.9,55.0,30.0,100.3,64.9,86.4,93.2,85.8,93.3,89.798,92.8,20.714,5,5,5,50.580999999999996
5.55,3.0,7.711,19.957,11.361,71.155,222.61700000000002,222.775,64.9,55.0,30.0,100.3,64.9,86.4,93.2,85.8,93.3,89.755,92.8,20.851,5,5,5,49.889
5.57,3.0,7.534000000000001,20.169,11.636,68.949,222.34900000000002,222.122,64.9,55.0,30.0,100.3,64.9,86.4,93.2,85.8,93.3,89.73100000000001,92.8,20.951999999999998,5,5,5,49.176
5.59,3.0,7.776,20.005000000000003,11.731,70.148,222.27599999999998,221.35,64.9,55.0,30.0,100.3,64.9,86.4,93.2,85.8,93.3,89.718,92.8,20.747999999999998,5,5,5,48.488
5.61,3.0,7.843,20.240000000000002,11.957999999999998,68.46000000000001,222.43400000000003,220.495,64.9,55.0,30.0,100.3,64.9,86.4,93.2,85.8,93.3,89.71,92.8,20.869999999999997,5,5,5,47.813
5.63,3.0,8.206,20.223,12.308,69.704,222.62900000000002,219.55900000000003,64.9,55.0,30.0,100.3,64.9,86.4,93.2,85.8,93.3,89.706,92.8,20.36,5,5,5,47.118
5.65,3.0,8.563,20.926,12.388,69.01,222.495,218.601,64.9,55.0,30.0,100.3,64.9,86.4,93.2,85.8,93.3,89.703,92.8,20.442,5,5,5,46.436
5.67,3.0,8.958,21.515,12.602,70.189,222.045,217.68200000000002,64.9,55.0,30.0,100.3,64.9,86.4,93.2,85.8,93.3,89.702,92.8,20.015,5,5,5,45.759
5.69,3.0,8.798,20.622,12.666,69.404,221.68,216.77700000000002,64.9,55.0,30.0,100.3,64.9,86.4,93.2,85.8,93.3,89.70100000000001,92.8,20.146,5,5,5,45.076
5.71,3.0,9.274000000000001,21.999000000000002,13.274,70.881,221.546,215.96900000000002,64.9,55.0,30.0,100.3,64.9,86.4,93.2,85.8,93.3,89.70100000000001,92.8,20.091,5,5,5,44.41
5.73,3.0,9.692,22.423,13.62,70.039,221.52200000000002,215.175,64.9,55.0,30.0,100.3,64.9,86.4,93.2,85.8,93.3,89.7,92.8,20.009,5,5,5,43.748000000000005
5.75,3.0,13.558,23.375,14.492,67.09,221.72799999999998,214.61900000000003,64.9,55.0,30.0,100.3,64.9,86.4,93.2,85.8,93.3,89.7,92.8,20.103,5,5,5,43.126999999999995
5.77,3.0,16.676,25.133,15.405999999999999,66.78399999999999,221.23,214.04,64.9,55.0,30.0,100.3,64.9,86.4,93.2,85.8,93.3,89.7,92.8,20.124000000000002,5,5,5,42.688
5.79,3.0,18.759999999999998,26.193,16.103,65.126,220.345,213.438,64.9,55.0,30.0,100.3,64.9,86.4,93.2,85.8,93.3,89.7,92.8,19.917,5,5,5,42.264
5.81,4.0,19.511,27.228,16.841,64.88,219.47400000000002,212.84900000000002,64.9,55.0,30.0,100.3,64.9,86.4,93.2,85.8,93.3,89.7,92.8,19.991,5,5,5,41.887
5.83,4.0,20.33,28.168000000000003,17.368000000000002,60.173,218.798,212.25,64.9,55.0,30.0,100.3,64.9,86.4,93.2,85.8,93.3,89.7,92.8,20.29,5,5,5,41.513000000000005
5.85,4.0,20.269,28.379,17.953,54.869,218.268,211.69799999999998,64.9,55.0,30.0,100.3,64.9,86.4,93.2,85.8,93.3,89.7,92.8,20.725,5,5,5,41.34
5.87,4.0,21.274,29.178,18.363,55.603,217.41299999999998,211.077,64.9,55.0,30.0,100.3,64.9,86.4,93.2,85.8,93.21300000000001,89.7,92.8,20.746,5,5,5,41.384
5.89,4.0,21.044,28.328000000000003,19.424,52.226000000000006,216.12900000000002,210.456,64.9,55.0,30.0,100.3,64.9,86.4,93.2,85.8,93.163,89.7,92.8,20.845,5,5,5,41.394000000000005
5.91,4.0,20.932000000000002,29.322,22.325,50.347,214.957,209.919,64.9,55.0,30.0,100.3,64.9,86.4,93.2,85.8,93.13600000000001,89.7,92.8,20.606,5,5,5,41.427
5.93,4.0,21.819000000000003,28.926,23.754,48.905,214.062,209.324,64.9,55.0,30.0,100.3,64.9,86.4,93.2,85.8,93.12,89.7,92.8,20.39,5,5,5,41.428
5.95,4.0,21.567,29.27,24.169,47.318999999999996,213.455,208.74099999999999,64.9,55.0,30.0,100.3,64.9,86.4,93.2,85.8,93.111,89.7,92.8,19.697000000000003,5,5,5,41.435
5.97,4.0,21.28,28.598000000000003,23.558,43.533,212.94299999999998,208.148,64.9,55.0,30.0,100.3,64.9,86.4,93.2,85.8,93.10600000000001,89.7,92.8,20.39,5,5,5,41.465999999999994
5.99,4.0,21.527,28.846,22.896,44.336999999999996,212.433,207.567,64.9,55.0,30.0,100.3,64.9,86.4,93.2,85.8,93.104,89.7,92.8,20.398,5,5,5,41.633
6.01,4.0,21.458,28.209,22.627,40.144,211.922,206.99900000000002,64.9,55.0,30.0,100.3,64.9,86.4,93.2,85.8,93.102,89.7,92.8,19.954,5,5,5,41.774
6.03,4.0,21.417,27.756999999999998,24.191,42.001,211.484,206.47799999999998,64.9,55.0,30.0,100.3,64.9,86.4,93.15,85.8,93.101,89.7,92.8,19.925,5,5,5,41.918000000000006
6.05,4.0,21.625,27.921,25.349,39.82,211.046,206.015,64.9,55.0,30.0,100.3,64.9,86.4,93.084,85.8,93.101,89.7,92.8,19.796,5,5,5,41.953
6.07,4.0,22.779,28.221999999999998,25.568,40.272,210.57299999999998,205.553,64.9,55.0,30.0,100.3,64.9,86.4,93.047,85.8,93.1,89.7,92.8,19.834000000000003,5,5,5,41.952
6.09,4.0,22.777,28.090999999999998,25.81,39.472,210.053,205.09099999999998,64.9,55.0,30.0,100.3,64.9,86.4,93.027,85.8,93.1,89.7,92.8,19.805999999999997,5,5,5,41.955
6.11,4.0,22.762,28.430999999999997,25.951999999999998,40.677,209.558,204.618,64.9,55.0,30.0,100.3,64.9,86.4,93.015,85.8,93.1,89.7,92.8,19.834000000000003,5,5,5,41.95
6.13,4.0,23.094,28.704,26.089000000000002,40.236,209.122,204.135,64.9,55.0,30.0,100.3,64.9,86.4,93.008,85.8,93.1,89.7,92.8,19.904000000000003,5,5,5,41.925
6.15,4.0,23.889,28.495,26.114,41.275,208.71,203.697,64.9,55.0,30.0,100.3,64.9,86.4,93.005,85.8,93.1,89.7,92.8,19.935000000000002,5,5,5,41.859
6.17,4.0,24.226,28.596,26.076,41.518,208.227,203.28400000000002,64.9,55.0,30.0,100.3,64.9,86.4,93.003,85.8,93.1,89.7,92.8,19.95,5,5,5,41.798
6.19,4.0,25.219,28.791,26.166,42.32,207.78099999999998,202.882,64.9,55.0,30.0,100.3,64.9,86.4,93.001,85.8,93.1,89.7,92.8,20.000999999999998,5,5,5,41.754999999999995
6.21,4.0,25.410999999999998,29.291,26.389,42.133,207.31099999999998,202.49200000000002,64.9,55.0,30.0,100.3,64.9,86.4,93.001,85.8,93.1,89.7,92.8,19.987000000000002,5,5,5,41.677
6.23,4.0,25.678,29.616,26.686,43.14,206.854,202.079,64.9,55.0,30.0,100.3,64.9,86.4,93.0,85.8,93.1,89.7,92.8,19.922,5,5,5,41.535
6.25,4.0,25.718000000000004,29.715999999999998,26.589000000000002,43.665,206.35,201.678,64.9,55.0,30.0,100.3,64.9,86.4,93.0,85.8,93.1,89.7,92.8,19.709000000000003,5,5,5,41.439
6.27,4.0,26.311,30.340999999999998,27.104,44.858000000000004,205.90599999999998,201.324,64.9,55.0,30.0,100.3,64.9,86.4,93.0,85.8,93.1,89.7,92.8,19.933,5,5,5,41.31699999999999
6.29,4.0,26.659000000000002,30.851999999999997,27.368000000000002,46.31399999999999,205.46200000000002,200.946,64.9,55.0,30.0,100.3,64.9,86.4,93.0,85.8,93.1,89.7,92.8,19.923000000000002,5,5,5,41.19
6.31,4.0,27.194000000000003,31.069000000000003,27.825,47.05,205.00599999999997,200.57,64.9,55.0,30.0,100.3,64.9,86.4,93.0,85.8,93.1,89.7,92.8,19.836,5,5,5,41.034000000000006
6.33,4.0,27.052,31.301,28.219,42.096,204.53900000000002,200.227,64.9,55.0,30.0,100.3,64.9,86.4,93.0,85.8,93.1,89.7,92.8,19.708,5,5,5,40.948
6.35,4.0,27.919,31.405,28.676,49.193999999999996,204.155,199.896,64.9,55.0,30.0,100.3,64.9,86.4,93.0,85.8,93.1,89.7,92.8,19.844,5,5,5,40.94199999999999
6.37,4.0,28.612,31.906999999999996,28.805,39.22,203.71200000000002,199.543,64.9,55.0,30.0,100.3,64.9,86.4,93.0,85.8,93.1,89.7,92.8,19.905,5,5,5,40.902
6.39,4.0,28.686,32.04,29.393,43.577,203.28099999999998,199.213,64.9,55.0,30.0,100.3,64.9,86.4,93.0,85.8,93.1,89.7,92.8,19.872999999999998,5,5,5,41.015
6.41,4.0,28.919,33.185,29.584,34.465999999999994,202.863,198.815,64.9,55.0,30.0,100.3,64.9,86.4,93.0,85.8,93.1,89.7,92.8,19.881,5,5,5,41.108000000000004
6.43,4.0,29.581999999999997,33.010000000000005,29.741,37.479,202.44400000000002,198.451,64.9,55.0,30.0,100.3,64.9,86.4,93.0,85.8,93.1,89.7,92.8,19.758,5,5,5,41.266
6.45,4.0,29.558000000000003,32.209,29.570999999999998,36.282,202.003,198.053,64.9,55.0,30.0,100.3,64.9,86.4,93.0,85.8,93.1,89.7,92.8,19.820999999999998,5,5,5,41.412
6.47,4.0,29.618000000000002,33.504000000000005,29.755,38.594,201.597,197.72400000000002,64.9,55.0,30.0,100.3,64.9,86.4,93.0,85.8,93.1,89.7,92.8,19.755000000000003,5,5,5,41.469
6.49,4.0,29.539,32.926,29.794,39.489000000000004,201.203,197.35,64.9,55.0,30.0,100.3,64.9,86.4,93.0,85.8,93.1,89.7,92.8,19.641,5,5,5,41.448
6.51,4.0,29.822,33.393,29.787,37.824,200.798,196.976,64.9,55.0,30.0,100.3,64.9,86.4,93.0,85.8,93.1,89.7,92.8,19.799,5,5,5,41.402
6.53,4.0,30.000999999999998,32.275,29.42,41.242,200.393,196.602,64.9,55.0,30.0,100.3,64.9,86.4,93.0,85.8,93.1,89.7,92.8,19.877000000000002,5,5,5,41.361999999999995
6.55,4.0,29.745,33.25,29.605999999999998,34.789,199.988,196.274,64.9,55.0,30.0,100.3,64.9,86.4,93.0,85.8,93.1,89.7,92.8,19.648,5,5,5,41.303
6.57,4.0,29.956999999999997,32.414,29.705,37.709,199.584,195.912,64.9,55.0,30.0,100.3,64.9,86.4,93.0,85.8,93.1,89.7,92.8,19.837,5,5,5,41.449
6.59,4.0,29.831,33.048,29.539,36.667,199.21400000000003,195.55,64.9,55.0,30.0,100.3,64.9,86.4,93.0,85.8,93.1,89.7,92.8,19.564999999999998,5,5,5,41.501
6.61,4.0,29.48,33.093,29.465999999999998,37.357,198.833,195.222,64.9,55.0,30.0,100.3,64.9,86.4,93.0,85.8,93.1,89.7,92.8,19.951999999999998,5,5,5,41.508
6.63,4.0,30.076999999999998,32.608000000000004,29.288,36.376999999999995,198.453,194.895,64.9,55.0,30.0,100.3,64.9,86.4,93.0,85.8,93.1,89.7,92.8,19.735999999999997,5,5,5,41.448
6.65,4.0,29.864,33.081999999999994,29.16,41.719,198.072,194.53400000000002,64.9,55.0,30.0,100.3,64.9,86.4,93.0,85.8,93.1,89.7,92.8,19.907,5,5,5,41.465
6.67,4.0,29.879,32.647,29.223000000000003,33.533,197.704,194.207,64.9,55.0,30.0,100.3,64.9,86.4,93.0,85.8,93.1,89.7,92.73100000000001,19.607999999999997,5,5,5,41.426
6.69,4.0,29.24,32.172,29.021,42.411,197.33599999999998,193.86900000000003,64.9,55.0,30.0,100.3,64.9,86.4,93.0,85.8,93.1,89.7,92.67399999999999,19.164,5,5,5,41.425
6.71,4.0,29.673000000000002,32.844,29.122,36.941,196.956,193.554,64.9,55.0,30.0,100.3,64.9,86.4,93.0,85.8,93.1,89.7,92.642,19.304000000000002,5,5,5,41.25
6.73,4.0,29.772,31.779,29.19,43.23,196.588,193.239,64.9,55.0,30.0,100.3,64.9,86.4,93.0,85.8,93.1,89.7,92.623,19.209000000000003,5,5,5,41.186
6.75,4.0,29.739,32.914,29.044,35.218,196.255,192.91299999999998,64.9,55.0,30.0,100.3,64.9,86.4,93.0,85.8,93.1,89.7,92.613,19.058,5,5,5,41.05
6.77,4.0,29.558000000000003,32.417,28.86,40.38,195.91,192.632,64.9,55.0,30.0,100.3,64.9,86.4,93.0,85.8,93.1,89.7,92.607,19.098,5,5,5,41.179
6.79,4.0,29.916,32.532,29.250999999999998,32.370999999999995,195.56599999999997,192.34,64.9,55.0,30.0,100.3,64.9,86.4,93.0,85.8,93.1,89.7,92.604,19.295,5,5,5,41.21
6.81,4.0,30.058000000000003,32.036,29.156999999999996,40.766,195.21,192.003,64.8,54.9,29.9,100.2,64.8,86.4,93.0,85.8,93.1,89.7,92.602,19.162,5,5,5,41.383
6.83,4.0,29.428,32.573,29.127,37.26,194.90099999999998,191.7,64.8,54.9,29.9,100.2,64.8,86.4,93.0,85.8,93.1,89.7,92.601,19.218,5,5,5,41.34
6.85,4.0,29.401,32.191,29.105999999999998,41.324,194.58,191.43099999999998,64.8,54.9,29.9,100.2,64.8,86.4,93.0,85.8,93.1,89.7,92.601,19.292,5,5,5,41.262
6.87,4.0,29.67,31.991999999999997,28.944000000000003,40.119,194.236,191.139,64.8,54.9,29.9,100.2,64.8,86.4,93.0,85.8,93.1,89.7,92.6,19.219,5,5,5,41.173
6.89,4.0,29.019000000000002,32.025999999999996,29.151999999999997,41.325,193.95,190.825,64.8,54.9,29.9,100.2,64.8,86.4,93.0,85.8,93.1,89.7,92.6,18.975,5,5,5,41.016
6.91,4.0,29.518,32.215999999999994,28.999000000000002,42.683,193.607,190.56799999999998,64.8,54.9,29.9,100.2,64.8,86.4,93.0,85.8,93.1,89.7,92.6,18.896,5,5,5,40.915
6.93,4.0,29.403000000000002,32.378,29.081999999999997,44.727,193.28599999999997,190.299,64.8,54.9,29.9,100.2,64.8,86.4,93.0,85.8,93.1,89.7,92.6,19.316,5,5,5,40.785
6.95,4.0,29.689,32.725,29.17,46.457,192.96599999999998,190.06400000000002,64.8,54.9,29.9,100.2,64.8,86.4,93.0,85.8,93.1,89.7,92.6,19.292,5,5,5,40.68300000000001
6.97,4.0,29.595,32.248000000000005,29.076999999999998,47.078,192.669,189.78400000000002,64.8,54.9,29.9,100.2,64.8,86.4,93.0,85.8,93.1,89.7,92.6,19.040999999999997,5,5,5,40.549
6.99,4.0,29.701999999999998,33.081999999999994,29.433000000000003,48.193000000000005,192.372,189.53799999999998,64.8,54.9,29.9,100.2,64.8,86.4,93.0,85.8,93.1,89.7,92.6,19.297,5,5,5,40.434
7.01,4.0,29.378,32.86,29.541999999999998,48.285,192.109,189.315,64.8,54.9,29.9,100.2,64.8,86.4,93.0,85.8,93.1,89.7,92.6,18.930999999999997,5,5,5,40.275999999999996
7.03,4.0,29.721999999999998,33.345,29.961,49.435,191.812,189.136,64.8,54.9,29.9,100.2,64.8,86.4,93.0,85.8,93.1,89.7,92.6,19.157,5,5,5,40.104
7.05,4.0,29.855999999999998,33.277,30.006999999999998,49.363,191.52700000000002,188.89,64.8,54.9,29.9,100.2,64.8,86.4,93.0,85.8,93.1,89.7,92.6,19.201999999999998,5,5,5,39.964
7.07,4.0,29.956999999999997,34.14,30.773000000000003,50.651,191.299,188.7,64.8,54.9,29.9,100.2,64.8,86.4,93.0,85.8,93.1,89.7,92.6,19.199,5,5,5,39.799
7.09,4.0,30.090999999999998,34.238,30.941,51.01,191.025,188.49900000000002,64.8,54.9,29.9,100.2,64.8,86.4,93.0,85.8,93.1,89.7,92.6,18.964,5,5,5,39.682
7.11,4.0,30.888,34.321,31.605999999999998,46.607,190.774,188.31,64.8,54.9,29.9,100.2,64.8,86.4,93.0,85.8,93.1,89.7,92.6,19.07,5,5,5,39.499
7.13,4.0,31.223000000000003,35.189,32.181,47.588,190.535,188.13099999999997,64.8,54.9,29.9,100.2,64.8,86.4,93.0,85.8,93.1,89.7,92.6,19.1,5,5,5,39.516
7.15,4.0,31.146,35.913,32.638000000000005,44.555,190.30700000000002,187.908,64.8,54.9,29.9,100.2,64.8,86.4,93.0,85.8,93.1,89.7,92.6,19.122,5,5,5,39.607
7.17,4.0,31.662,36.385000000000005,33.304,46.516000000000005,190.102,187.73,64.8,54.9,29.9,100.2,64.8,86.4,93.0,85.8,93.1,89.7,92.6,19.035,5,5,5,39.701
7.19,4.0,32.577,36.915,33.364999999999995,46.275,189.851,187.518,64.8,54.9,29.9,100.2,64.8,86.4,93.0,85.8,93.1,89.7,92.6,19.008,5,5,5,39.689
7.21,4.0,32.518,37.389,33.608000000000004,48.541000000000004,189.62400000000002,187.30599999999998,64.8,54.9,29.9,100.2,64.8,86.4,93.0,85.75,93.1,89.7,92.6,19.097,5,5,5,39.674
7.23,4.0,33.314,37.251,34.010999999999996,48.11600000000001,189.407,187.06099999999998,64.8,54.9,29.9,100.2,64.8,86.4,93.0,85.684,93.1,89.7,92.6,19.173000000000002,5,5,5,39.57
7.25,4.0,33.096000000000004,37.232,34.156,49.06,189.18,186.872,64.8,54.9,29.9,100.2,64.8,86.4,93.0,85.64699999999999,93.1,89.7,92.6,19.067,5,5,5,39.478
7.27,4.0,33.336,37.649,34.135999999999996,48.17,188.94099999999997,186.671,64.8,54.9,29.9,100.2,64.8,86.4,93.0,85.627,93.1,89.7,92.6,18.988,5,5,5,39.415
7.29,4.0,34.009,37.369,33.922,49.273999999999994,188.702,186.37099999999998,64.8,54.9,29.9,100.2,64.8,86.4,93.0,85.615,93.1,89.7,92.6,18.982,5,5,5,39.355999999999995
7.31,4.0,33.876999999999995,37.653,34.201,47.247,188.429,186.18099999999998,64.8,54.9,29.9,100.2,64.8,86.4,93.0,85.608,93.1,89.7,92.6,18.884999999999998,5,5,5,39.3
7.33,4.0,33.769999999999996,37.65,34.408,44.226,188.22400000000002,186.003,64.8,54.9,29.9,100.2,64.8,86.4,93.0,85.605,93.1,89.7,92.6,19.157,5,5,5,39.298
7.35,4.0,34.791,38.118,34.733000000000004,43.848,187.97400000000002,185.803,64.8,54.9,29.9,100.2,64.8,86.4,93.0,85.60300000000001,93.1,89.7,92.6,19.146,5,5,5,39.43
7.37,4.0,34.309,38.363,34.816,41.318000000000005,187.77,185.581,64.8,54.9,29.9,100.2,64.8,86.4,93.0,85.602,93.1,89.7,92.6,19.185000000000002,5,5,5,39.631
7.39,4.0,34.314,38.79,35.066,40.479,187.53099999999998,185.392,64.8,54.9,29.9,100.2,64.8,86.4,93.0,85.601,93.1,89.7,92.6,19.038,5,5,5,39.781
7.41,4.0,34.11,38.158,35.025,38.123000000000005,187.315,185.17,64.8,54.9,29.9,100.2,64.8,86.4,93.0,85.6,93.1,89.7,92.6,18.984,5,5,5,39.946
7.43,4.0,35.126,38.983000000000004,35.120999999999995,36.955,187.054,184.93599999999998,64.8,54.9,29.9,100.2,64.8,86.4,93.0,85.6,93.1,89.7,92.6,19.0,5,5,5,40.086
7.45,4.0,34.993,38.639,35.078,38.358000000000004,186.815,184.692,64.8,54.9,29.9,100.2,64.8,86.4,93.0,85.6,93.1,89.7,92.6,18.964,5,5,5,40.229
7.47,4.0,35.385999999999996,38.795,35.0,30.988000000000003,186.588,184.44799999999998,64.8,54.9,29.9,100.2,64.8,86.4,93.0,85.6,93.1,89.7,92.6,19.118000000000002,5,5,5,40.304
7.49,4.0,35.335,38.249,34.811,33.778999999999996,186.35,184.203,64.8,54.9,29.9,100.2,64.8,86.4,93.0,85.6,93.1,89.7,92.6,19.136,5,5,5,40.5
7.51,4.0,35.39,38.74,34.706,30.646,186.123,183.981,64.8,54.9,29.9,100.2,64.8,86.4,93.0,85.6,93.1,89.7,92.6,19.105,5,5,5,40.634
7.53,4.0,35.206999999999994,38.49,34.551,31.634,185.873,183.69299999999998,64.8,54.9,29.9,100.2,64.8,86.4,93.0,85.6,93.1,89.7,92.6,19.155,5,5,5,40.81
7.55,4.0,35.675,37.88,34.364999999999995,33.552,185.612,183.416,64.8,54.9,29.9,100.2,64.8,86.4,93.0,85.6,93.1,89.7,92.6,18.747999999999998,5,5,5,40.872
7.57,4.0,35.429,37.859,33.980000000000004,33.111000000000004,185.351,183.19400000000002,64.8,54.9,29.9,100.2,64.8,86.4,93.0,85.6,93.1,89.7,92.6,18.976,5,5,5,40.864999999999995
7.59,4.0,35.33,37.881,33.773,32.449,185.079,182.93900000000002,64.8,54.9,29.9,100.2,64.8,86.4,93.0,85.6,93.1,89.7,92.6,18.948,5,5,5,40.81699999999999
7.61,4.0,34.685,37.483000000000004,33.5,36.254999999999995,184.829,182.706,64.8,54.9,29.9,100.2,64.8,86.4,93.0,85.6,93.1,89.7,92.6,18.907,5,5,5,40.797
7.63,4.0,34.931,37.615,33.148,34.469,184.546,182.46200000000002,64.8,54.9,29.9,100.2,64.8,86.35,93.0,85.6,93.1,89.7,92.6,18.896,5,5,5,40.730000000000004
7.65,4.0,35.269999999999996,36.812,33.05800000000001,28.738000000000003,184.342,182.207,64.8,54.9,29.9,100.2,64.8,86.28399999999999,93.0,85.6,93.013,89.7,92.6,19.097,5,5,5,40.804
7.67,4.0,34.400999999999996,37.51,33.107,33.925,184.093,181.953,64.8,54.9,29.9,100.2,64.8,86.247,93.0,85.6,92.96300000000001,89.7,92.6,20.354,5,5,5,40.867
7.69,4.0,34.464,36.366,32.706999999999994,27.750999999999998,183.889,181.753,64.8,54.9,29.9,100.2,64.8,86.227,93.0,85.6,92.936,89.7,92.6,20.378,5,5,5,41.064
7.71,4.0,34.179,36.799,32.665,33.454,183.571,181.49900000000002,64.8,54.9,29.9,100.2,64.8,86.215,93.0,85.6,92.92,89.7,92.6,20.351,5,5,5,41.18300000000001
7.73,4.0,34.081999999999994,36.792,32.387,27.858,183.31099999999998,181.24400000000003,64.8,54.9,29.9,100.2,64.8,86.208,93.0,85.6,92.911,89.7,92.6,20.279000000000003,5,5,5,41.344
7.75,4.0,33.575,36.483000000000004,31.99,30.971,183.107,181.023,64.8,54.9,29.9,100.2,64.8,86.205,93.0,85.6,92.906,89.7,92.6,20.461,5,5,5,41.489000000000004
7.77,4.0,33.355999999999995,35.697,31.861,26.506,182.835,180.768,64.8,54.9,29.9,100.2,64.8,86.203,93.0,85.6,92.904,89.7,92.6,20.414,5,5,5,41.602
7.79,4.0,33.869,35.432,31.415,19.583,182.58599999999998,180.514,64.8,54.9,29.9,100.2,64.8,86.20100000000001,93.0,85.6,92.902,89.7,92.6,20.391,5,5,5,41.807
7.81,4.0,33.533,35.519999999999996,30.921999999999997,24.895,182.31400000000002,180.226,64.8,54.9,29.9,100.2,64.8,86.20100000000001,93.0,85.6,92.90100000000001,89.7,92.6,20.503,5,5,5,41.93300000000001
7.83,4.0,33.14,34.85,30.654,31.209,182.076,180.005,64.8,54.9,29.9,100.2,64.8,86.2,93.0,85.6,92.90100000000001,89.7,92.6,20.555,5,5,5,42.025
7.85,4.0,33.245000000000005,34.521,30.378,27.514,181.827,179.74,64.8,54.9,29.9,100.2,64.8,86.2,93.0,85.6,92.9,89.7,92.6,20.262999999999998,5,5,5,41.967
7.87,4.0,32.743,34.001999999999995,30.028000000000002,28.779,181.578,179.475,64.8,54.9,29.9,100.2,64.8,86.2,93.0,85.6,92.9,89.7,92.6,20.317999999999998,5,5,5,41.934
7.89,4.0,32.568,34.259,29.596999999999998,27.763,181.329,179.232,64.8,54.9,29.9,100.2,64.8,86.2,93.0,85.6,92.9,89.7,92.6,20.326,5,5,5,41.851
7.91,4.0,32.302,33.97,29.2,20.905,181.06799999999998,179.011,64.8,54.9,29.9,100.2,64.8,86.2,93.0,85.6,92.9,89.7,92.6,20.118000000000002,5,5,5,41.924
7.93,4.0,31.592,33.789,28.951999999999998,28.413,180.683,178.768,64.8,54.9,29.9,100.2,64.8,86.2,93.0,85.6,92.9,89.7,92.6,20.273,5,5,5,41.962
7.95,4.0,31.730999999999998,33.471000000000004,28.561999999999998,22.34,180.615,178.536,64.8,54.9,29.9,100.2,64.8,86.2,93.0,85.6,92.9,89.7,92.6,20.3,5,5,5,42.06
7.97,4.0,31.519000000000002,33.144000000000005,28.415,26.659000000000002,180.355,178.315,64.8,54.9,29.9,100.2,64.8,86.2,93.0,85.6,92.9,89.7,92.6,19.996,5,5,5,42.162
7.99,4.0,31.035,33.21,27.936999999999998,22.298,180.106,178.083,64.8,54.9,29.9,100.2,64.8,86.2,93.0,85.6,92.9,89.7,92.6,20.184,5,5,5,42.249
8.01,4.0,30.818,32.788,27.892,16.317,179.868,177.81799999999998,64.8,54.9,29.9,100.2,64.8,86.2,93.0,85.6,92.9,89.7,92.6,20.027,5,5,5,42.379
8.03,4.0,30.576999999999998,32.338,27.326,26.733,179.642,177.619,64.8,54.9,29.9,100.2,64.8,86.2,93.0,85.6,92.9,89.7,92.6,19.784,5,5,5,42.415
8.05,4.0,29.778000000000002,32.519999999999996,27.14,28.252,179.415,177.409,64.8,54.9,29.9,100.2,64.8,86.2,93.0,85.6,92.9,89.7,92.6,20.044,5,5,5,42.382
8.07,4.0,29.938000000000002,32.028000000000006,26.785999999999998,24.828,179.178,177.13299999999998,64.8,54.9,29.9,100.2,64.8,86.2,93.0,85.6,92.9,89.7,92.6,19.975,5,5,5,42.208
8.09,4.0,29.781999999999996,31.219,26.35,18.017000000000003,178.90599999999998,176.89,64.8,54.9,29.9,100.2,64.8,86.2,93.0,85.6,92.9,89.7,92.6,19.904000000000003,5,5,5,42.159
8.11,4.0,29.313000000000002,31.168000000000003,26.13,27.627,178.68,176.736,64.8,54.9,29.9,100.2,64.8,86.2,93.0,85.6,92.9,89.7,92.6,20.040999999999997,5,5,5,42.23
8.13,4.0,29.138,30.191,25.89,20.922,178.476,176.493,64.8,54.9,29.9,100.2,64.8,86.2,93.0,85.6,92.9,89.7,92.6,19.795,5,5,5,42.283
8.15,4.0,28.445999999999998,30.616999999999997,25.807,28.484,178.25,176.283,64.8,54.9,29.9,100.2,64.8,86.2,93.0,85.6,92.9,89.7,92.6,19.775,5,5,5,42.347
8.17,4.0,28.58,30.195,25.482,22.43,178.035,176.096,64.8,54.9,29.9,100.2,64.8,86.2,93.0,85.6,92.9,89.7,92.6,19.892000000000003,5,5,5,42.385999999999996
8.19,4.0,28.033,30.368000000000002,25.323,16.339,177.774,175.809,64.8,54.9,29.9,100.2,64.8,86.2,93.0,85.6,92.9,89.7,92.6,19.985,5,5,5,42.469
8.21,4.0,27.799,29.774,25.08,21.42,177.582,175.666,64.8,54.9,29.9,100.2,64.8,86.2,93.0,85.6,92.9,89.7,92.6,20.005000000000003,5,5,5,42.494
8.23,4.0,27.554000000000002,29.162,24.654,28.228,177.355,175.45600000000002,64.8,54.9,29.9,100.2,64.8,86.2,92.95,85.6,92.9,89.7,92.6,20.045,5,5,5,42.45
8.25,4.0,27.236,29.605999999999998,24.422,28.826,177.11700000000002,175.235,64.8,54.9,29.9,100.2,64.8,86.2,92.884,85.6,92.9,89.7,92.6,19.822000000000003,5,5,5,42.298
8.27,4.0,27.211,28.993000000000002,24.352999999999998,30.168000000000003,176.90200000000002,175.048,64.8,54.9,29.9,100.2,64.8,86.2,92.847,85.6,92.9,89.7,92.6,19.737000000000002,5,5,5,42.095
8.29,4.0,26.663,28.881999999999998,24.202,32.086,176.69899999999998,174.86,64.8,54.9,29.9,100.2,64.8,86.2,92.827,85.6,92.9,89.7,92.6,20.024,5,5,5,41.9
8.31,4.0,26.485,28.765,24.005,34.868,176.483,174.662,64.8,54.9,29.9,100.2,64.8,86.2,92.815,85.6,92.9,89.7,92.6,20.555999999999997,5,5,5,41.66
8.33,4.0,26.338,28.854,24.012,35.248000000000005,176.268,174.496,64.8,54.9,29.9,100.2,64.8,86.2,92.808,85.6,92.9,89.7,92.6,20.500999999999998,5,5,5,41.41
8.35,4.0,26.004,28.141,24.005,31.897,176.064,174.309,64.8,54.9,29.9,100.2,64.8,86.2,92.805,85.6,92.9,89.7,92.6,20.326,5,5,5,41.248000000000005
8.37,4.0,25.908,28.837,24.156,39.477,175.86,174.165,64.8,54.9,29.9,100.2,64.8,86.2,92.803,85.6,92.9,89.7,92.6,20.269,5,5,5,41.203
8.39,4.0,25.77,28.686999999999998,23.994,35.497,175.668,174.033,64.8,54.9,29.9,100.2,64.8,86.2,92.801,85.6,92.9,89.7,92.6,20.5,5,5,5,40.941
8.41,4.0,25.581,28.904,24.232,41.81,175.487,173.868,64.8,54.9,29.9,100.2,64.8,86.2,92.801,85.6,92.9,89.7,92.6,20.216,5,5,5,40.708
8.43,4.0,25.208,29.046,24.828,35.066,175.29399999999998,173.746,64.8,54.9,29.9,100.2,64.8,86.2,92.8,85.6,92.9,89.7,92.6,20.322000000000003,5,5,5,40.465999999999994
8.45,4.0,25.683000000000003,29.145,24.941,40.001,175.079,173.625,64.8,54.9,29.9,100.2,64.8,86.2,92.8,85.6,92.9,89.7,92.6,20.404000000000003,5,5,5,40.464
8.47,4.0,25.391,29.486,25.084,35.4,174.886,173.493,64.8,54.9,29.9,100.2,64.8,86.2,92.8,85.6,92.9,89.7,92.6,20.274,5,5,5,40.439
8.49,4.0,25.570999999999998,29.698,25.568,39.106,174.739,173.36,64.8,54.9,29.9,100.2,64.8,86.2,92.8,85.6,92.9,89.7,92.6,20.353,5,5,5,40.499
8.51,4.0,25.643,30.125,25.636,36.206,174.535,173.217,64.8,54.9,29.9,100.2,64.8,86.2,92.8,85.6,92.9,89.7,92.6,20.026,5,5,5,40.501999999999995
8.53,4.0,25.631999999999998,30.414,25.993000000000002,35.085,174.399,173.151,64.8,54.9,29.9,100.2,64.8,86.2,92.8,85.6,92.9,89.7,92.6,20.182000000000002,5,5,5,40.525999999999996
8.55,4.0,25.497,30.642,26.095,35.059,174.217,172.996,64.8,54.9,29.9,100.2,64.8,86.2,92.8,85.6,92.9,89.7,92.6,20.017000000000003,5,5,5,40.605999999999995
8.57,4.0,25.29,30.5,26.183000000000003,33.851,174.07,172.864,64.8,54.9,29.9,100.2,64.8,86.2,92.8,85.6,92.9,89.7,92.6,20.174,5,5,5,40.678
8.59,4.0,25.448,30.616,26.336,34.708,173.9,172.71,64.8,54.9,29.9,100.2,64.8,86.2,92.8,85.6,92.9,89.7,92.6,20.043,5,5,5,40.787
8.61,4.0,25.819000000000003,30.448,26.339000000000002,30.781,173.73,172.555,64.8,54.9,29.9,100.2,64.8,86.2,92.8,85.6,92.9,89.7,92.6,19.972,5,5,5,40.842
8.63,4.0,25.333,30.752,26.538,31.998,173.559,172.423,64.8,54.9,29.9,100.2,64.8,86.2,92.8,85.6,92.9,89.7,92.6,19.982,5,5,5,40.963
8.65,4.0,25.715999999999998,30.581,26.397,29.48,173.355,172.224,64.8,54.9,29.9,100.2,64.8,86.2,92.8,85.6,92.9,89.7,92.6,20.091,5,5,5,41.129000000000005
8.67,4.0,25.609,30.725,26.326,34.128,173.174,172.048,64.8,54.9,29.9,100.2,64.8,86.2,92.8,85.6,92.9,89.7,92.6,19.737000000000002,5,5,5,41.212
8.69,4.0,25.513,30.46,26.48,31.357,172.99200000000002,171.915,64.8,54.9,29.9,100.2,64.8,86.2,92.8,85.6,92.9,89.7,92.6,19.949,5,5,5,41.19
8.71,4.0,26.141,30.443,26.296,34.821,172.845,171.72799999999998,64.8,54.9,29.9,100.2,64.8,86.2,92.8,85.6,92.9,89.7,92.6,20.038,5,5,5,41.155
8.73,4.0,25.778000000000002,30.189,25.963,34.399,172.66299999999998,171.55100000000002,64.8,54.9,29.9,100.2,64.8,86.2,92.8,85.6,92.9,89.7,92.6,19.92,5,5,5,40.965999999999994
8.75,4.0,25.84,30.406,26.215,36.81699999999999,172.47,171.39700000000002,64.8,54.9,29.9,100.2,64.8,86.2,92.8,85.6,92.9,89.7,92.6,20.017000000000003,5,5,5,40.844
8.77,4.0,26.002,30.566,26.308000000000003,37.79,172.311,171.22,64.8,54.9,29.9,100.2,64.8,86.2,92.8,85.6,92.9,89.7,92.6,20.164,5,5,5,40.704
8.79,4.0,25.808000000000003,31.092,26.169,39.448,172.141,171.055,64.8,54.9,29.9,100.2,64.8,86.2,92.8,85.6,92.9,89.7,92.6,19.887999999999998,5,5,5,40.541
8.81,4.0,25.976999999999997,30.698,26.156,40.709,171.925,170.933,64.8,54.9,29.9,100.2,64.8,86.2,92.8,85.6,92.9,89.7,92.6,19.768,5,5,5,40.391999999999996
8.83,4.0,25.515,30.319000000000003,26.173000000000002,41.786,171.8,170.757,64.8,54.9,29.9,100.1,64.7,86.2,92.8,85.6,92.9,89.7,92.6,19.877000000000002,5,5,5,40.179
8.85,4.0,26.023000000000003,30.95,26.384,43.575,171.618,170.691,64.8,54.9,29.9,100.1,64.7,86.2,92.8,85.6,92.9,89.7,92.6,19.804000000000002,5,5,5,39.997
8.87,4.0,25.947,30.936999999999998,26.59,45.039,171.493,170.569,64.8,54.9,29.9,100.1,64.7,86.2,92.8,85.6,92.9,89.7,92.6,19.558,5,5,5,39.789
8.89,4.0,25.929000000000002,30.956,26.811999999999998,46.488,171.3,170.437,64.8,54.9,29.9,100.1,64.7,86.2,92.8,85.6,92.9,89.7,92.6,19.713,5,5,5,39.638999999999996
8.91,4.0,25.734,31.445,27.208000000000002,47.956,171.15200000000002,170.293,64.8,54.9,29.9,100.1,64.7,86.2,92.8,85.6,92.9,89.7,92.6,19.668,5,5,5,39.397
8.93,4.0,25.912,31.425,27.599,49.388000000000005,171.016,170.293,64.8,54.9,29.9,100.1,64.7,86.2,92.8,85.6,92.9,89.7,92.6,19.587,5,5,5,39.239999999999995
8.95,4.0,26.089000000000002,32.273,28.095,50.763000000000005,170.856,170.194,64.8,54.9,29.9,100.1,64.7,86.2,92.8,85.6,92.9,89.7,92.6,20.034,5,5,5,39.094
8.97,4.0,26.276,32.792,28.849,52.27,170.72,170.095,64.8,54.9,29.9,100.1,64.7,86.2,92.8,85.6,92.9,89.7,92.6,20.089,5,5,5,38.946
8.99,4.0,26.45,33.435,29.3,53.528,170.53799999999998,170.028,64.8,54.9,29.9,100.1,64.7,86.2,92.8,85.6,92.9,89.7,92.6,20.022,5,5,5,38.778999999999996
9.01,4.0,26.671,33.81,30.107,53.54600000000001,170.447,169.94,64.8,54.9,29.9,100.1,64.7,86.2,92.8,85.6,92.9,89.7,92.6,19.838,5,5,5,38.609
9.03,4.0,26.758000000000003,33.875,31.015,54.004,170.31,169.89600000000002,64.8,54.9,29.9,100.1,64.7,86.2,92.8,85.6,92.9,89.7,92.6,19.85,5,5,5,38.452
9.05,4.0,27.118000000000002,35.469,31.584,53.957,170.162,169.819,64.8,54.9,29.9,100.1,64.7,86.2,92.8,85.6,92.9,89.7,92.6,20.214,5,5,5,38.284000000000006
9.07,4.0,27.89,35.888000000000005,32.459,54.37,170.049,169.786,64.8,54.9,29.9,100.1,64.7,86.2,92.8,85.6,92.9,89.7,92.6,19.913,5,5,5,38.172
9.09,4.0,28.686999999999998,36.962,33.109,54.636,169.958,169.708,64.8,54.9,29.9,100.1,64.7,86.2,92.8,85.6,92.9,89.7,92.6,20.118000000000002,5,5,5,38.057
9.11,4.0,28.893,37.493,34.010999999999996,55.847,169.866,169.653,64.8,54.9,29.9,100.1,64.7,86.2,92.8,85.6,92.9,89.7,92.6,20.234,5,5,5,37.914
9.13,4.0,29.479,38.396,34.870999999999995,55.483999999999995,169.753,169.52100000000002,64.8,54.9,29.9,100.1,64.7,86.2,92.8,85.6,92.9,89.7,92.6,20.107,5,5,5,37.81699999999999
9.15,4.0,29.998,38.973,35.498000000000005,56.597,169.616,169.465,64.8,54.9,29.9,100.1,64.7,86.2,92.8,85.6,92.9,89.7,92.6,20.106,5,5,5,37.711
9.17,4.0,30.535,40.324,36.44,55.81100000000001,169.513,169.44299999999998,64.8,54.9,29.9,100.1,64.7,86.2,92.8,85.6,92.9,89.7,92.6,19.962,5,5,5,37.647
9.19,4.0,31.33,40.366,37.045,56.788999999999994,169.399,169.344,64.8,54.9,29.9,100.1,64.7,86.2,92.8,85.6,92.9,89.7,92.6,20.043,5,5,5,37.595
9.21,4.0,32.186,41.015,37.589,55.92100000000001,169.274,169.245,64.8,54.9,29.9,100.1,64.7,86.2,92.8,85.6,92.9,89.7,92.6,20.078,5,5,5,37.543000000000006
9.23,4.0,32.634,41.582,38.376,56.506,169.16,169.178,64.8,54.9,29.9,100.1,64.7,86.2,92.8,85.6,92.9,89.7,92.6,20.122999999999998,5,5,5,37.513000000000005
9.25,4.0,33.25,42.373000000000005,38.891999999999996,56.125,169.023,169.06799999999998,64.8,54.9,29.9,100.1,64.7,86.2,92.8,85.6,92.9,89.7,92.6,20.256,5,5,5,37.461
9.27,4.0,33.825,42.804,39.347,56.485,168.898,168.968,64.8,54.9,29.9,100.1,64.7,86.2,92.8,85.6,92.9,89.7,92.6,20.165999999999997,5,5,5,37.435
9.29,4.0,33.989000000000004,43.561,39.826,55.852,168.761,168.858,64.8,54.9,29.9,100.1,64.7,86.2,92.8,85.6,92.9,89.7,92.6,20.235999999999997,5,5,5,37.424
9.31,4.0,35.204,43.393,40.311,54.663000000000004,168.64700000000002,168.736,64.8,54.9,29.9,100.1,64.7,86.2,92.8,85.6,92.9,89.7,92.6,20.139000000000003,5,5,5,37.409000000000006
9.33,4.0,35.126999999999995,43.805,40.763000000000005,50.424,168.533,168.549,64.8,54.9,29.9,100.1,64.7,86.2,92.8,85.6,92.9,89.7,92.6,20.195,5,5,5,37.416
9.35,4.0,35.706999999999994,44.602,40.876999999999995,51.033,168.35,168.394,64.8,54.9,29.9,100.1,64.7,86.2,92.8,85.6,92.9,89.7,92.6,20.259,5,5,5,37.611000000000004
9.37,4.0,36.379000000000005,44.883,41.158,46.788999999999994,168.236,168.261,64.8,54.9,29.9,100.1,64.7,86.2,92.8,85.6,92.9,89.7,92.6,20.222,5,5,5,37.742
9.39,4.0,36.593,44.882,41.161,48.333999999999996,168.088,168.107,64.8,54.9,29.9,100.1,64.7,86.2,92.8,85.6,92.9,89.7,92.6,20.157,5,5,5,37.93300000000001
9.41,4.0,36.786,44.937,41.376,43.025999999999996,167.939,167.91899999999998,64.8,54.9,29.9,100.1,64.7,86.2,92.8,85.6,92.9,89.7,92.6,20.332,5,5,5,38.043000000000006
9.43,4.0,37.312,45.229,41.495,43.819,167.814,167.775,64.8,54.9,29.9,100.1,64.7,86.2,92.8,85.6,92.9,89.7,92.6,20.28,5,5,5,38.215
9.45,4.0,38.03,45.105,41.408,45.328,167.619,167.565,64.8,54.9,29.9,100.1,64.7,86.2,92.8,85.6,92.9,89.7,92.6,20.115000000000002,5,5,5,38.326
9.47,4.0,37.77,45.757,41.436,37.916,167.494,167.44299999999998,64.8,54.9,29.9,100.1,64.7,86.2,92.8,85.6,92.9,89.7,92.6,20.314,5,5,5,38.374
9.49,4.0,37.817,44.985,41.233000000000004,41.905,167.357,167.266,64.8,54.9,29.9,100.1,64.7,86.2,92.8,85.6,92.9,89.7,92.6,20.305,5,5,5,38.58
9.51,4.0,38.019,45.559,41.34,40.741,167.128,167.112,64.8,54.9,29.9,100.1,64.7,86.2,92.8,85.6,92.9,89.7,92.6,20.335,5,5,5,38.691
9.53,4.0,38.626999999999995,45.339,40.766999999999996,40.81,167.025,166.912,64.8,54.9,29.9,100.1,64.7,86.2,92.888,85.6,92.9,89.7,92.6,20.309,5,5,5,38.718
9.55,4.0,38.46,45.126,40.686,41.524,166.888,166.835,64.8,54.9,29.9,100.1,64.7,86.2,92.937,85.6,92.9,89.7,92.6,20.235999999999997,5,5,5,38.712
9.57,4.0,38.194,45.058,40.603,41.952,166.705,166.592,64.8,54.9,29.9,100.1,64.7,86.2,92.964,85.6,92.9,89.7,92.6,20.527,5,5,5,38.68
9.59,4.0,38.795,45.14,40.549,36.533,166.556,166.392,64.8,54.9,29.9,100.1,64.7,86.2,92.98,85.6,92.9,89.7,92.6,20.298000000000002,5,5,5,38.67
9.61,4.0,38.746,44.679,40.115,40.314,166.407,166.26,64.8,54.9,29.9,100.1,64.7,86.2,92.98899999999999,85.6,92.9,89.7,92.6,20.262999999999998,5,5,5,38.84
9.63,4.0,38.872,44.724000000000004,40.294000000000004,36.306,166.247,166.082,64.8,54.9,29.9,100.1,64.7,86.2,92.994,85.6,92.9,89.7,92.6,20.256999999999998,5,5,5,38.983000000000004
9.65,4.0,38.499,44.556999999999995,40.061,35.961,166.086,165.92700000000002,64.8,54.9,29.9,100.1,64.7,86.2,92.99600000000001,85.6,92.9,89.7,92.6,19.534,5,5,5,39.173
9.67,4.0,39.063,43.955999999999996,39.801,33.678,165.903,165.75,64.8,54.9,29.9,100.1,64.7,86.2,92.998,85.6,92.9,89.7,92.6,19.353,5,5,5,39.324
9.69,4.0,38.547,43.804,39.657,37.238,165.74200000000002,165.57299999999998,64.8,54.9,29.9,100.1,64.7,86.2,92.999,85.6,92.9,89.7,92.6,19.237000000000002,5,5,5,39.446
9.71,4.0,39.161,43.546,39.36,34.465999999999994,165.582,165.39600000000002,64.8,54.9,29.9,100.1,64.7,86.2,92.999,85.6,92.9,89.7,92.6,19.159,5,5,5,39.438
9.73,4.0,38.501,43.738,38.86,38.867,165.444,165.252,64.8,54.9,29.9,100.1,64.7,86.2,93.0,85.6,92.9,89.7,92.6,19.023,5,5,5,39.388999999999996
9.75,4.0,38.422,43.639,38.62,37.861,165.249,165.07399999999998,64.8,54.9,29.9,100.1,64.7,86.2,93.0,85.6,92.9,89.7,92.6,18.842,5,5,5,39.314
9.77,4.0,38.625,43.344,38.766999999999996,40.836999999999996,165.088,164.89700000000002,64.8,54.9,29.9,100.1,64.7,86.2,93.0,85.6,92.9,89.7,92.6,19.23,5,5,5,39.260000000000005
9.79,4.0,38.726,43.393,38.324,40.312,164.96200000000002,164.753,64.8,54.9,29.9,100.1,64.7,86.2,93.0,85.6,92.9,89.7,92.6,19.29,5,5,5,39.149
9.81,4.0,38.385999999999996,43.346,38.124,42.645,164.755,164.575,64.8,54.9,29.9,100.1,64.7,86.2,93.0,85.6,92.9,89.7,92.6,19.277,5,5,5,39.065
9.83,4.0,38.333,43.168,38.095,42.794000000000004,164.583,164.442,64.8,54.9,29.9,100.1,64.7,86.2,93.0,85.6,92.9,89.7,92.6,19.246,5,5,5,38.955
9.85,4.0,38.825,42.946999999999996,37.738,44.146,164.399,164.265,64.8,54.9,29.9,100.1,64.7,86.2,93.0,85.6,92.9,89.7,92.6,19.223,5,5,5,38.835
9.87,4.0,38.53,43.06,37.78,45.196999999999996,164.237,164.143,64.8,54.9,29.9,100.1,64.7,86.2,93.0,85.6,92.9,89.7,92.6,19.398,5,5,5,38.701
9.89,4.0,38.092,43.044000000000004,37.736999999999995,46.045,164.088,163.954,64.8,54.9,29.9,100.1,64.7,86.2,93.0,85.6,92.9,89.7,92.6,19.389000000000003,5,5,5,38.56699999999999
9.91,4.0,38.53,42.861,37.745,46.998000000000005,163.961,163.865,64.8,54.9,29.9,100.1,64.7,86.2,93.0,85.6,92.9,89.7,92.6,19.578,5,5,5,38.461
9.93,4.0,38.7,42.602,37.759,48.07,163.78799999999998,163.71,64.8,54.9,29.9,100.1,64.7,86.2,93.0,85.6,92.9,89.7,92.6,19.264000000000003,5,5,5,38.316
9.95,4.0,38.599000000000004,43.02,37.952,49.354,163.627,163.58700000000002,64.8,54.9,29.9,100.1,64.7,86.2,93.0,85.6,92.9,89.7,92.6,19.563,5,5,5,38.229
9.97,4.0,38.376,42.384,38.052,49.948,163.489,163.43200000000002,64.8,54.9,29.9,100.1,64.7,86.2,93.0,85.6,92.9,89.7,92.6,19.234,5,5,5,38.07
9.99,4.0,38.303000000000004,43.038000000000004,38.126999999999995,50.985,163.293,163.343,64.8,54.9,29.9,100.1,64.7,86.2,93.0,85.6,92.9,89.7,92.6,19.256,5,5,5,37.988
10.01,4.0,38.593,42.845,38.292,51.81399999999999,163.189,163.165,64.8,54.9,29.9,100.1,64.7,86.2,93.0,85.6,92.9,89.7,92.6,19.268,5,5,5,37.881
10.03,4.0,38.016999999999996,42.563,38.757,52.17100000000001,162.993,163.02100000000002,64.8,54.9,29.9,100.1,64.7,86.2,93.0,85.6,92.9,89.7,92.6,19.393,5,5,5,37.756
10.05,4.0,38.056999999999995,42.974000000000004,38.658,53.081,162.866,162.921,64.8,54.9,29.9,100.1,64.7,86.2,93.0,85.6,92.95,89.7,92.6,19.383,5,5,5,37.653999999999996
10.07,4.0,38.359,43.102,38.678000000000004,52.68899999999999,162.739,162.809,64.8,54.9,29.9,100.1,64.7,86.2,93.0,85.6,93.016,89.7,92.6,19.328,5,5,5,37.595
10.09,4.0,38.585,43.618,39.153,53.958999999999996,162.554,162.69799999999998,64.8,54.9,29.9,100.1,64.7,86.2,93.0,85.6,93.053,89.7,92.6,19.333,5,5,5,37.537
10.11,4.0,38.306,43.705,39.387,53.586999999999996,162.42700000000002,162.565,64.8,54.9,29.9,100.1,64.7,86.2,93.0,85.6,93.07300000000001,89.7,92.6,19.192,5,5,5,37.43300000000001
10.13,4.0,38.376,43.446,39.342,54.708999999999996,162.3,162.431,64.8,54.9,29.9,100.1,64.7,86.2,93.0,85.6,93.085,89.7,92.6,19.262,5,5,5,37.405
10.15,4.0,38.247,43.451,39.87,54.498000000000005,162.138,162.298,64.8,54.9,29.9,100.1,64.7,86.2,93.0,85.6,93.092,89.7,92.6,19.426,5,5,5,37.366
10.17,4.0,38.486,44.251999999999995,39.873000000000005,54.938,161.953,162.164,64.8,54.9,29.9,100.1,64.7,86.2,93.0,85.6,93.095,89.7,92.6,19.402,5,5,5,37.353
10.19,4.0,38.263000000000005,43.888000000000005,40.302,54.946999999999996,161.83700000000002,162.075,64.8,54.9,29.9,100.1,64.7,86.2,93.0,85.6,93.097,89.7,92.6,19.468,5,5,5,37.307
10.21,4.0,38.128,44.2,40.324,54.74,161.71,161.952,64.8,54.9,29.9,100.1,64.7,86.2,93.0,85.6,93.098,89.7,92.6,19.529000000000003,5,5,5,37.3
10.23,4.0,38.468,44.662,40.758,54.851000000000006,161.547,161.808,64.8,54.9,29.9,100.1,64.7,86.2,93.0,85.6,93.09899999999999,89.7,92.6,19.654000000000003,5,5,5,37.286
10.25,4.0,38.484,45.315,40.823,54.606,161.44299999999998,161.65200000000002,64.8,54.9,29.9,100.1,64.7,86.2,93.0,85.6,93.1,89.7,92.6,19.644,5,5,5,37.253
10.27,4.0,38.695,45.314,41.077,54.136,161.292,161.518,64.8,54.9,29.9,100.1,64.7,86.2,93.0,85.6,93.1,89.7,92.6,19.793,5,5,5,37.238
10.29,4.0,38.436,45.163000000000004,41.176,53.473,161.188,161.406,64.8,54.9,29.9,100.1,64.7,86.2,93.0,85.6,93.1,89.7,92.6,19.561,5,5,5,37.242
10.31,4.0,38.344,45.123000000000005,41.247,48.632,161.049,161.284,64.8,54.9,29.9,100.1,64.7,86.2,93.0,85.6,93.1,89.7,92.6,19.305,5,5,5,37.247
10.33,4.0,38.559,45.054,41.568000000000005,50.457,160.875,161.161,64.8,54.9,29.9,100.1,64.7,86.2,93.0,85.6,93.1,89.7,92.6,19.298000000000002,5,5,5,37.421
10.35,4.0,38.89,45.904,41.38,46.101000000000006,160.724,161.005,64.8,54.9,29.9,100.1,64.7,86.2,93.0,85.6,93.1,89.7,92.6,19.509,5,5,5,37.576
10.37,4.0,38.565,46.044,41.756,45.597,160.607,160.86,64.8,54.9,29.9,100.1,64.7,86.2,93.0,85.6,93.1,89.7,92.6,19.305,5,5,5,37.702
10.39,4.0,38.725,46.318000000000005,41.732,43.431999999999995,160.491,160.737,64.8,54.9,29.9,100.1,64.7,86.2,93.0,85.6,93.1,89.7,92.6,19.531,5,5,5,37.866
10.41,4.0,39.005,45.608000000000004,41.643,45.973,160.224,160.502,64.8,54.9,29.9,100.1,64.7,86.2,93.0,85.6,93.1,89.7,92.6,19.349,5,5,5,38.048
10.43,4.0,38.827,46.481,41.836999999999996,38.434,160.17700000000002,160.435,64.8,54.9,29.9,100.1,64.7,86.2,93.0,85.6,93.1,89.7,92.6,19.247999999999998,5,5,5,38.055
10.45,4.0,39.038000000000004,46.122,41.649,41.978,160.061,160.29,64.8,54.9,29.9,100.1,64.7,86.2,93.0,85.6,93.1,89.7,92.6,19.250999999999998,5,5,5,38.235
10.47,4.0,39.259,46.122,41.606,41.769,159.898,160.089,64.8,54.9,29.9,100.1,64.7,86.2,93.0,85.6,93.1,89.7,92.6,20.078,5,5,5,38.370000000000005
10.49,4.0,39.253,45.549,41.43,40.996,159.735,159.988,64.8,54.9,29.9,100.1,64.7,86.2,93.0,85.6,93.1,89.7,92.6,19.158,5,5,5,38.465999999999994
10.51,4.0,39.37,45.728,41.311,32.659000000000006,159.653,159.899,64.8,54.9,29.9,100.1,64.7,86.2,93.0,85.6,93.1,89.7,92.6,19.499000000000002,5,5,5,38.501999999999995
10.53,4.0,39.632,45.801,40.965,40.303000000000004,159.49,159.686,64.8,54.9,29.9,100.1,64.7,86.2,93.0,85.6,93.1,89.7,92.6,19.712,5,5,5,38.7
10.55,4.0,39.69,45.634,40.882,37.179,159.291,159.53,64.8,54.9,29.9,100.1,64.7,86.2,93.0,85.6,93.1,89.7,92.6,19.091,5,5,5,38.772
10.57,4.0,39.449,45.781,40.494,32.69,159.175,159.373,64.8,54.9,29.9,100.1,64.7,86.2,93.0,85.6,93.1,89.7,92.6,19.523,5,5,5,38.829
10.59,4.0,39.54,45.425,40.791,36.177,159.011,159.25,64.8,54.9,29.9,100.1,64.7,86.2,93.0,85.6,93.1,89.7,92.6,19.583,5,5,5,39.016999999999996
10.61,4.0,39.086999999999996,44.856,40.148,32.046,158.918,159.093,64.8,54.9,29.9,100.1,64.7,86.2,93.0,85.6,93.1,89.7,92.6,19.532,5,5,5,39.191
10.63,4.0,39.368,45.071,39.957,33.781,158.707,158.869,64.8,54.9,29.9,100.1,64.7,86.2,93.0,85.6,93.1,89.7,92.6,19.929000000000002,5,5,5,39.357
10.65,4.0,39.318000000000005,44.681999999999995,39.633,34.604,158.602,158.757,64.8,54.9,29.9,100.1,64.7,86.2,93.0,85.6,93.1,89.7,92.6,20.206,5,5,5,39.434
10.67,4.0,38.969,44.205,39.323,28.813000000000002,158.46200000000002,158.566,64.8,54.9,29.9,100.1,64.7,86.2,93.0,85.6,93.1,89.7,92.6,20.214,5,5,5,39.464
10.69,4.0,38.981,44.653,38.787,34.438,158.286,158.42,64.8,54.9,29.9,100.1,64.7,86.2,93.0,85.6,93.1,89.7,92.6,20.491,5,5,5,39.721000000000004
10.71,4.0,38.96,44.16,38.531,29.024,158.181,158.308,64.8,54.9,29.9,100.1,64.7,86.2,93.0,85.6,93.1,89.7,92.6,20.692,5,5,5,39.849000000000004
10.73,4.0,39.302,43.53,38.083,28.537,157.981,158.106,64.8,54.9,29.9,100.1,64.7,86.2,93.0,85.6,93.1,89.7,92.6,21.349,5,5,5,40.034000000000006
10.75,4.0,38.842,43.111999999999995,37.726,30.263,157.841,157.937,64.8,54.9,29.9,100.1,64.7,86.2,93.0,85.6,93.1,89.7,92.6,20.524,5,5,5,40.15
10.77,4.0,38.889,42.828,37.205,29.88,157.67600000000002,157.847,64.8,54.9,29.9,100.1,64.7,86.2,93.0,85.6,93.1,89.7,92.6,20.9,5,5,5,40.135000000000005
10.79,4.0,38.671,43.133,36.905,29.930999999999997,157.582,157.668,64.8,54.9,29.9,100.1,64.7,86.2,93.0,85.6,93.1,89.7,92.6,20.673000000000002,5,5,5,40.069
10.81,4.0,38.446,42.949,36.581,35.626,157.38299999999998,157.476,64.8,54.9,29.9,100.1,64.7,86.2,93.0,85.6,93.1,89.7,92.6,20.482,5,5,5,40.079
10.83,4.0,38.864000000000004,42.277,35.928,31.135,157.23,157.364,64.8,54.9,29.8,100.1,64.4,86.2,93.0,85.6,93.1,89.7,92.6,20.402,5,5,5,39.978
10.85,4.0,38.031,41.802,35.697,36.723,157.124,157.22899999999998,64.8,54.9,29.8,100.1,64.4,86.2,93.0,85.669,93.1,89.7,92.6,20.086,5,5,5,39.89
10.87,4.0,38.711,41.605,35.531,35.275,156.959,157.049,64.8,54.9,29.8,100.1,64.4,86.2,93.0,85.726,93.1,89.7,92.6,20.112000000000002,5,5,5,39.708
10.89,4.0,38.878,41.413000000000004,35.260999999999996,39.133,156.81799999999998,156.936,64.8,54.9,29.8,100.1,64.4,86.2,93.0,85.758,93.1,89.7,92.6,20.224,5,5,5,39.557
10.91,4.0,38.433,41.269,34.894000000000005,38.529,156.67600000000002,156.812,64.8,54.9,29.8,100.1,64.4,86.2,93.0,85.777,93.1,89.7,92.6,20.045,5,5,5,39.364000000000004
10.93,4.0,38.063,41.062,35.047,40.889,156.5,156.688,64.8,54.9,29.8,100.1,64.4,86.2,93.0,85.78699999999999,93.1,89.7,92.6,19.909,5,5,5,39.201
10.95,4.0,38.0,40.984,34.833,41.812,156.37,156.553,64.8,54.9,29.8,100.1,64.4,86.2,93.0,85.793,93.1,89.7,92.6,19.826,5,5,5,39.004000000000005
10.97,4.0,38.054,40.405,34.929,43.558,156.16899999999998,156.44,64.8,54.9,29.8,100.1,64.4,86.2,93.0,85.796,93.1,89.7,92.6,19.851,5,5,5,38.852
10.99,4.0,37.798,40.728,35.003,45.038000000000004,156.039,156.304,64.8,54.9,29.8,100.1,64.4,86.2,93.0,85.798,93.1,89.7,92.6,19.717,5,5,5,38.676
11.01,4.0,37.451,40.731,35.223,46.78,155.886,156.192,64.8,54.9,29.8,100.1,64.4,86.2,93.0,85.79899999999999,93.1,89.7,92.6,20.122999999999998,5,5,5,38.469
11.03,4.0,37.412,40.308,35.19199999999999,48.198,155.791,156.09,64.8,54.9,29.8,100.1,64.4,86.2,93.069,85.79899999999999,93.1,89.7,92.6,20.114,5,5,5,38.293000000000006
11.05,4.0,37.595,40.644,35.372,49.765,155.613,155.999,64.8,54.9,29.8,100.1,64.4,86.2,93.126,85.8,93.1,89.7,92.6,20.212,5,5,5,38.124
11.07,4.0,37.787,41.192,35.359,51.151,155.519,155.898,64.8,54.9,29.8,100.1,64.4,86.2,93.158,85.8,93.1,89.7,92.6,20.147,5,5,5,37.969
11.09,4.0,37.38,40.829,35.68,52.136,155.365,155.83,64.8,54.9,29.8,100.1,64.4,86.2,93.17699999999999,85.8,93.1,89.7,92.6,20.031,5,5,5,37.809
11.11,4.0,37.705999999999996,40.871,35.906,52.477,155.222,155.683,64.8,54.9,29.8,100.1,64.4,86.2,93.187,85.8,93.1,89.788,92.6,20.175,5,5,5,37.65
11.13,4.0,37.678000000000004,41.185,36.319,48.755,155.033,155.536,64.8,54.9,29.8,100.1,64.4,86.2,93.193,85.8,93.1,89.837,92.6,19.482999999999997,5,5,5,37.537
11.15,4.0,37.164,41.578,36.563,50.602,155.009,155.47899999999998,64.8,54.9,29.8,100.1,64.4,86.2,93.196,85.8,93.1,89.86399999999999,92.6,19.848,5,5,5,37.543000000000006
11.17,4.0,36.853,41.938,36.805,45.821999999999996,154.819,155.4,64.8,54.9,29.8,100.1,64.4,86.2,93.19800000000001,85.8,93.1,89.88,92.6,20.487000000000002,5,5,5,37.611999999999995
11.19,4.0,37.345,41.84,37.085,46.963,154.7,155.298,64.8,54.9,29.8,100.1,64.4,86.2,93.199,85.8,93.1,89.889,92.6,20.276,5,5,5,37.762
11.21,4.0,37.176,42.438,37.317,43.046,154.534,155.185,64.8,54.9,29.8,100.1,64.4,86.2,93.199,85.8,93.1,89.89399999999999,92.6,20.21,5,5,5,37.888999999999996
11.23,4.0,36.941,42.364000000000004,37.451,47.68899999999999,154.308,154.924,64.8,54.9,29.8,100.1,64.4,86.2,93.2,85.8,93.1,89.896,92.6,20.130000000000003,5,5,5,38.06
11.25,4.0,37.29,41.951,37.336,44.005,154.27200000000002,154.89,64.8,54.9,29.8,100.1,64.4,86.2,93.2,85.8,93.1,89.898,92.6,19.991,5,5,5,38.063
11.27,4.0,37.126,42.266999999999996,37.531,46.871,154.17600000000002,154.78799999999998,64.8,54.9,29.8,100.1,64.4,86.2,93.2,85.8,93.1,89.899,92.688,20.197000000000003,5,5,5,38.05800000000001
11.29,4.0,36.725,42.423,37.672,42.653,154.045,154.72,64.8,54.9,29.8,100.1,64.4,86.288,93.2,85.8,93.1,89.899,92.737,20.254,5,5,5,38.056
11.31,4.0,36.801,42.161,37.586999999999996,40.941,153.938,154.57299999999998,64.8,54.9,29.8,100.1,64.4,86.337,93.2,85.8,93.1,89.9,92.764,20.201,5,5,5,38.079
11.33,4.0,36.745999999999995,42.479,37.604,40.867,153.83100000000002,154.391,64.8,54.9,29.8,100.1,64.4,86.36399999999999,93.2,85.8,93.1,89.9,92.78,20.021,5,5,5,38.254999999999995
11.35,4.0,37.285,42.709,37.527,38.622,153.616,154.368,64.8,54.9,29.8,100.1,64.4,86.38,93.2,85.8,93.1,89.9,92.789,19.93,5,5,5,38.437
11.37,4.0,36.741,42.900999999999996,37.693000000000005,38.509,153.484,154.175,64.8,54.9,29.8,100.1,64.4,86.389,93.2,85.8,93.1,89.9,92.794,19.982999999999997,5,5,5,38.588
11.39,4.0,36.827,42.935,37.514,38.723,153.389,154.039,64.8,54.9,29.8,100.1,64.4,86.39399999999999,93.2,85.8,93.1,89.9,92.796,20.064999999999998,5,5,5,38.749
11.41,4.0,36.43300000000001,42.244,37.489000000000004,35.19,153.305,153.891,64.8,54.9,29.8,100.1,64.4,86.396,93.2,85.8,93.1,89.9,92.798,20.35,5,5,5,38.811
11.43,4.0,37.154,42.417,37.29,35.336,153.161,153.8,64.8,54.9,29.8,100.1,64.4,86.398,93.2,85.8,93.1,89.9,92.79899999999999,20.332,5,5,5,38.97
11.45,4.0,36.894000000000005,42.549,37.271,33.868,153.03,153.595,64.8,54.9,29.8,100.1,64.4,86.399,93.2,85.8,93.1,89.9,92.79899999999999,20.203,5,5,5,39.116
11.47,4.0,36.666,42.431,37.056999999999995,32.229,152.898,153.504,64.8,54.9,29.8,100.1,64.4,86.399,93.2,85.8,93.1,89.9,92.8,20.195999999999998,5,5,5,39.227
11.49,4.0,36.723,42.383,36.824,32.428,152.754,153.401,64.8,54.9,29.8,100.1,64.4,86.4,93.2,85.8,93.1,89.9,92.8,20.163,5,5,5,39.375
11.51,4.0,36.798,42.355,36.44199999999999,30.822,152.61,153.219,64.8,54.9,29.8,100.1,64.4,86.4,93.2,85.8,93.1,89.9,92.8,20.174,5,5,5,39.596000000000004
11.53,4.0,36.327,41.939,36.422,30.038,152.47799999999998,153.139,64.8,54.9,29.8,100.1,64.4,86.4,93.2,85.8,93.1,89.9,92.8,20.127000000000002,5,5,5,39.763000000000005
11.55,4.0,36.633,42.368,36.034000000000006,28.52,152.345,152.968,64.8,54.9,29.8,100.1,64.4,86.4,93.2,85.8,93.1,89.9,92.8,20.145,5,5,5,39.949
11.57,4.0,36.611000000000004,41.698,35.681,26.655,152.189,152.82,64.8,54.9,29.8,100.1,64.4,86.4,93.2,85.8,93.1,89.9,92.8,20.118000000000002,5,5,5,40.096000000000004
11.59,4.0,36.602,41.336999999999996,35.326,30.735,152.045,152.637,64.8,54.9,29.8,100.1,64.4,86.4,93.2,85.8,93.1,89.9,92.8,19.944000000000003,5,5,5,40.266
11.61,4.0,35.905,40.739000000000004,34.919,26.666999999999998,151.94799999999998,152.523,64.8,54.9,29.8,100.1,64.4,86.4,93.2,85.8,93.1,89.9,92.8,19.96,5,5,5,40.275999999999996
11.63,4.0,35.821,41.039,34.513000000000005,19.285,151.804,152.328,64.8,54.9,29.8,100.1,64.4,86.4,93.2,85.8,93.1,89.9,92.8,19.985999999999997,5,5,5,40.456999999999994
11.65,4.0,36.036,40.751999999999995,34.298,28.180999999999997,151.623,152.202,64.8,54.9,29.8,100.1,64.4,86.4,93.2,85.8,93.1,89.9,92.8,19.966,5,5,5,40.585
11.67,4.0,36.209,40.223,33.874,21.592,151.53799999999998,152.156,64.8,54.9,29.8,100.1,64.4,86.4,93.2,85.8,93.1,89.9,92.8,19.985,5,5,5,40.771
11.69,4.0,36.443,39.673,33.257,26.923000000000002,151.297,151.859,64.8,54.9,29.8,100.1,64.4,86.4,93.2,85.8,93.125,89.9,92.8,19.847,5,5,5,40.923
11.71,4.0,35.94199999999999,39.458,32.775,22.703,151.2,151.87,64.8,54.9,29.8,100.1,64.4,86.4,93.2,85.8,93.202,89.9,92.8,19.836,5,5,5,40.947
11.73,4.0,35.225,39.033,32.489000000000004,16.574,151.151,151.65200000000002,64.8,54.9,29.8,100.1,64.4,86.4,93.2,85.8,93.245,89.9,92.8,19.948,5,5,5,41.119
11.75,4.0,35.620000000000005,38.809,31.976,19.028,150.934,151.457,64.8,54.9,29.8,100.1,64.4,86.4,93.2,85.8,93.26899999999999,89.9,92.8,19.805,5,5,5,41.242
11.77,4.0,35.509,38.385,31.398000000000003,27.054000000000002,150.849,151.35399999999998,64.8,54.9,29.8,100.1,64.4,86.4,93.2,85.8,93.282,89.9,92.8,19.766,5,5,5,41.31
11.79,4.0,35.391,37.48,30.875999999999998,22.609,150.643,151.158,64.8,54.9,29.8,100.1,64.4,86.4,93.2,85.8,93.29,89.9,92.8,19.731,5,5,5,41.213
11.81,4.0,34.766,37.483000000000004,30.451,16.357999999999997,150.558,151.055,64.8,54.9,29.8,100.1,64.4,86.4,93.2,85.8,93.294,89.9,92.8,19.72,5,5,5,41.247
11.83,4.0,35.04,36.726,30.003,32.549,150.44799999999998,150.986,64.8,54.9,29.8,100.1,64.4,86.4,93.2,85.8,93.297,89.9,92.8,19.854,5,5,5,41.201
11.85,4.0,34.867,37.341,29.432,27.124000000000002,150.351,150.84799999999998,64.8,54.9,29.8,100.1,64.4,86.4,93.2,85.8,93.298,89.9,92.8,19.621,5,5,5,40.982
11.87,4.0,34.913,36.562,29.35,33.978,150.157,150.71,64.8,54.9,29.8,100.1,64.4,86.4,93.2,85.8,93.29899999999999,89.9,92.8,19.816,5,5,5,40.754000000000005
11.89,4.0,34.42,36.471999999999994,29.031,28.108,150.047,150.583,64.8,54.9,29.8,100.1,64.4,86.4,93.2,85.8,93.29899999999999,89.9,92.8,19.84,5,5,5,40.56
11.91,4.0,34.459,35.734,28.767,34.641999999999996,149.925,150.45600000000002,64.8,54.9,29.8,100.1,64.4,86.4,93.2,85.8,93.3,89.9,92.8,19.982999999999997,5,5,5,40.379999999999995
11.93,4.0,34.287,35.658,28.72,35.609,149.791,150.306,64.8,54.9,29.8,100.1,64.4,86.4,93.2,85.8,93.3,89.9,92.8,19.897,5,5,5,40.153000000000006
11.95,4.0,34.55,35.179,28.587,37.576,149.62,150.214,64.8,54.9,29.8,100.1,64.4,86.4,93.2,85.8,93.3,89.9,92.8,20.031,5,5,5,39.951
11.97,4.0,33.913,35.462,28.741999999999997,37.621,149.547,150.075,64.8,54.9,29.8,100.1,64.4,86.4,93.2,85.8,93.3,89.9,92.8,20.124000000000002,5,5,5,39.748000000000005
11.99,4.0,33.947,35.587,28.736,39.24,149.388,150.064,64.8,54.9,29.8,100.1,64.4,86.4,93.2,85.8,93.3,89.9,92.8,20.04,5,5,5,39.537
12.01,4.0,33.734,35.488,28.91,39.589,149.266,149.914,64.8,54.9,29.8,100.1,64.4,86.4,93.2,85.8,93.3,89.9,92.8,19.938,5,5,5,39.336
12.03,4.0,33.964,35.467,28.855999999999998,41.309,149.18,149.844,64.8,54.9,29.8,100.1,64.4,86.4,93.2,85.8,93.3,89.9,92.8,19.832,5,5,5,39.155
12.05,4.0,33.249,35.67,29.186999999999998,42.47,148.972,149.752,64.8,54.9,29.8,100.1,64.4,86.4,93.2,85.8,93.3,89.9,92.8,20.046,5,5,5,38.965
12.07,4.0,32.699,35.769999999999996,29.511999999999997,43.624,148.85,149.671,64.8,54.9,29.8,100.1,64.4,86.4,93.2,85.8,93.3,89.9,92.8,19.722,5,5,5,38.786
12.09,4.0,32.908,35.454,29.7,45.247,148.776,149.532,64.8,54.9,29.8,100.1,64.4,86.4,93.2,85.8,93.3,89.9,92.8,19.865000000000002,5,5,5,38.595
12.11,4.0,32.971999999999994,35.781,29.767,46.528999999999996,148.665,149.52,64.8,54.9,29.8,100.1,64.4,86.4,93.2,85.8,93.3,89.9,92.8,19.738,5,5,5,38.402
12.13,4.0,33.114000000000004,35.965,30.213,47.916000000000004,148.555,149.428,64.8,54.9,29.8,100.1,64.4,86.4,93.2,85.8,93.3,89.9,92.8,19.714,5,5,5,38.239000000000004
12.15,4.0,32.899,36.155,30.245,48.79600000000001,148.407,149.358,64.8,54.9,29.8,100.1,64.4,86.4,93.2,85.8,93.3,89.9,92.8,19.778,5,5,5,38.049
12.17,4.0,32.650999999999996,35.617,30.808000000000003,50.364,148.297,149.3,64.8,54.9,29.8,100.1,64.4,86.4,93.2,85.8,93.3,89.9,92.8,19.599,5,5,5,37.855999999999995
12.19,4.0,32.721000000000004,36.859,30.991,51.68899999999999,148.161,149.219,64.8,54.9,29.8,100.1,64.4,86.4,93.25,85.8,93.3,89.9,92.8,19.769,5,5,5,37.659000000000006
12.21,4.0,32.787,37.080999999999996,31.374000000000002,53.03,148.112,149.138,64.8,54.9,29.8,100.1,64.4,86.4,93.316,85.869,93.3,89.9,92.8,19.709000000000003,5,5,5,37.477
12.23,4.0,32.653999999999996,37.411,31.612,54.315,147.939,149.149,64.8,54.9,29.8,100.1,64.4,86.4,93.35300000000001,85.926,93.3,89.9,92.8,19.66,5,5,5,37.316
12.25,4.0,32.382,37.967,31.855999999999998,55.845,147.85299999999998,149.045,64.8,54.9,29.8,100.1,64.4,86.4,93.373,85.958,93.3,89.9,92.8,19.883,5,5,5,37.131
12.27,4.0,32.128,37.791,32.436,57.974,147.74200000000002,148.964,64.8,54.9,29.8,100.1,64.4,86.4,93.385,85.977,93.3,89.9,92.8,19.701999999999998,5,5,5,36.982
12.29,4.0,32.233000000000004,38.736,32.719,59.687,147.594,148.906,64.8,54.9,29.8,100.1,64.4,86.4,93.392,85.987,93.3,89.9,92.8,19.605,5,5,5,36.802
12.31,4.0,32.474000000000004,39.34,33.292,61.516999999999996,147.482,148.813,64.8,54.9,29.8,100.1,64.4,86.4,93.395,85.993,93.3,89.9,92.8,19.935000000000002,5,5,5,36.655
12.33,4.0,32.013000000000005,39.567,33.691,63.229,147.39600000000002,148.82399999999998,64.8,54.9,29.8,100.1,64.4,86.4,93.39699999999999,85.99600000000001,93.3,89.9,92.8,19.77,5,5,5,36.429
12.35,4.0,32.111000000000004,40.265,34.171,64.16,147.26,148.778,64.8,54.9,29.8,100.1,64.4,86.4,93.398,85.998,93.3,89.9,92.8,20.240000000000002,5,5,5,36.259
12.37,4.0,32.175,40.418,34.807,65.072,147.136,148.65,64.8,54.9,29.8,100.1,64.4,86.4,93.399,85.999,93.3,89.9,92.8,20.117,5,5,5,36.048
12.39,4.0,32.559,40.832,34.947,65.80699999999999,147.061,148.627,64.8,54.9,29.8,100.1,64.4,86.4,93.4,85.999,93.3,89.9,92.8,19.837,5,5,5,35.861000000000004
12.41,4.0,32.223,42.021,35.704,66.854,146.937,148.534,64.8,54.9,29.8,100.1,64.4,86.4,93.4,86.0,93.3,89.9,92.8,20.113,5,5,5,35.665
12.43,4.0,32.456,42.522,36.265,67.888,146.825,148.464,64.8,54.9,29.8,100.1,64.4,86.4,93.4,86.0,93.3,89.9,92.8,20.066,5,5,5,35.501
12.45,4.0,32.375,43.568000000000005,36.768,68.291,146.738,148.406,64.8,54.9,29.8,100.1,64.4,86.4,93.4,86.0,93.3,89.9,92.8,20.146,5,5,5,35.312
12.47,4.0,31.859,43.952,37.404,69.73100000000001,146.651,148.382,64.8,54.9,29.8,100.1,64.4,86.4,93.4,86.0,93.3,89.9,92.8,19.941,5,5,5,35.179
12.49,4.0,32.427,45.075,37.760999999999996,71.12,146.539,148.359,64.8,54.9,29.8,100.1,64.4,86.4,93.4,86.0,93.3,89.9,92.8,19.898,5,5,5,35.012
12.51,4.0,31.935,46.207,38.531,69.315,146.44,148.208,64.8,54.9,29.8,100.1,64.4,86.4,93.4,86.0,93.3,89.9,92.8,19.964,5,5,5,34.875
12.53,4.0,32.156,47.343999999999994,39.045,71.994,146.39,148.208,64.8,54.9,29.8,100.1,64.4,86.4,93.4,86.0,93.3,89.925,92.8,20.153,5,5,5,34.823
12.55,4.0,32.503,48.221000000000004,39.284,70.17699999999999,146.265,148.161,64.8,54.9,29.8,100.1,64.4,86.4,93.4,86.0,93.3,90.002,92.8,19.912,5,5,5,34.778999999999996
12.57,4.0,32.586,48.656000000000006,40.101,72.077,146.203,148.091,64.8,54.9,29.8,100.1,64.4,86.4,93.4,86.0,93.3,90.045,92.8,20.0,5,5,5,34.728
12.59,4.0,32.583,50.02,40.545,70.107,146.14,148.056,64.8,54.9,29.8,100.1,64.4,86.4,93.4,86.0,93.3,90.069,92.8,19.762,5,5,5,34.595
12.61,4.0,33.053,51.05,41.055,71.35,146.053,147.916,64.8,54.9,29.8,100.1,64.4,86.4,93.4,86.0,93.3,90.082,92.8,19.851,5,5,5,34.546
12.63,4.0,33.43,51.754,41.26,73.032,145.94,147.834,64.8,54.9,29.8,100.1,64.4,86.4,93.4,86.0,93.3,90.09,92.8,19.603,5,5,5,34.448
12.65,4.0,33.441,52.87,41.510999999999996,73.063,145.915,147.78799999999998,64.8,54.9,29.8,100.1,64.4,86.4,93.4,86.0,93.3,90.094,92.8,19.447000000000003,5,5,5,34.353
12.67,4.0,33.741,53.453,42.051,73.626,145.85299999999998,147.753,64.8,54.9,29.8,100.1,64.4,86.4,93.4,86.0,93.3,90.097,92.8,19.323,5,5,5,34.309
12.69,4.0,33.929,54.08,42.458,72.796,145.72799999999998,147.636,64.8,54.9,29.8,100.1,64.4,86.4,93.4,86.0,93.3,90.098,92.8,19.305,5,5,5,34.289
12.71,4.0,34.256,55.733999999999995,42.486999999999995,73.593,145.64,147.589,64.8,54.9,29.8,100.1,64.4,86.4,93.4,86.0,93.3,90.09899999999999,92.8,19.244999999999997,5,5,5,34.254000000000005
12.73,4.0,34.678,55.544,43.105,72.705,145.615,147.566,64.8,54.9,29.8,100.1,64.4,86.4,93.4,86.0,93.3,90.09899999999999,92.8,19.201,5,5,5,34.172
12.75,4.0,34.924,56.121,43.228,73.289,145.489,147.40200000000002,64.8,54.9,29.8,100.1,64.4,86.4,93.4,86.0,93.3,90.1,92.8,19.203,5,5,5,34.102
12.77,4.0,35.218,56.5,43.676,72.851,145.439,147.44899999999998,64.8,54.9,29.8,100.1,64.4,86.4,93.4,86.0,93.3,90.1,92.8,19.243000000000002,5,5,5,34.086
12.79,4.0,35.55,56.825,44.039,72.281,145.339,147.25,64.8,54.9,29.8,100.1,64.4,86.4,93.4,86.0,93.3,90.1,92.887,19.115000000000002,5,5,5,34.084
12.81,4.0,36.44199999999999,57.471000000000004,44.356,70.653,145.125,147.02700000000002,64.8,54.9,29.8,100.1,64.4,86.4,93.4,86.0,93.3,90.1,92.937,18.951,5,5,5,34.069
12.83,4.0,36.44,58.34,44.289,68.995,144.999,146.99200000000002,64.8,54.9,29.8,100.1,64.4,86.4,93.4,86.0,93.3,90.1,92.964,19.064999999999998,5,5,5,34.068
12.85,4.0,36.355000000000004,58.122,44.726,67.215,144.96200000000002,146.933,64.9,54.9,29.7,100.1,64.3,86.4,93.4,86.0,93.3,90.1,92.98,18.974,5,5,5,34.116
12.87,4.0,36.842,59.08,44.699,66.58699999999999,144.974,146.945,64.9,54.9,29.7,100.1,64.3,86.4,93.4,86.0,93.3,90.1,92.98899999999999,18.91,5,5,5,34.223
12.89,4.0,37.279,59.323,44.792,65.34100000000001,144.861,146.98,64.9,54.9,29.7,100.1,64.3,86.4,93.4,86.0,93.3,90.1,92.994,18.927,5,5,5,34.28
12.91,4.0,37.519,59.346000000000004,45.048,64.173,144.76,146.769,64.9,54.9,29.7,100.1,64.3,86.4,93.4,86.0,93.325,90.1,92.99600000000001,18.867,5,5,5,34.309
12.93,4.0,37.841,59.74100000000001,45.33,63.248000000000005,144.672,146.687,64.9,54.9,29.7,100.1,64.3,86.4,93.4,86.0,93.402,90.1,92.998,18.807000000000002,5,5,5,34.39
12.95,4.0,37.961,60.221000000000004,45.156,62.825,144.596,146.605,64.9,54.9,29.7,100.1,64.3,86.4,93.4,86.0,93.445,90.1,92.999,18.762,5,5,5,34.503
12.97,4.0,38.486,59.882,45.49,61.875,144.52,146.487,64.9,54.9,29.7,100.1,64.3,86.4,93.4,86.0,93.469,90.1,92.999,18.784,5,5,5,34.56699999999999
12.99,4.0,38.515,60.611999999999995,45.566,60.69,144.406,146.346,64.9,54.9,29.7,100.1,64.3,86.4,93.4,86.0,93.482,90.1,93.0,18.778,5,5,5,34.6
13.01,4.0,38.852,60.523,45.808,60.196999999999996,144.31799999999998,146.22799999999998,64.9,54.9,29.7,100.1,64.3,86.4,93.45,86.0,93.49,90.1,93.0,18.857,5,5,5,34.723
13.03,4.0,39.361999999999995,61.101000000000006,45.618,58.827,144.141,146.016,64.9,54.9,29.7,100.1,64.3,86.4,93.516,86.0,93.494,90.1,93.0,18.783,5,5,5,34.772
13.05,4.0,39.966,60.708,45.529,58.521,144.09,145.969,64.9,54.9,29.7,100.1,64.3,86.4,93.553,86.0,93.497,90.1,93.0,18.875,5,5,5,34.819
13.07,4.0,39.924,61.213,45.663000000000004,57.81100000000001,143.938,145.78,64.9,54.9,29.7,100.1,64.3,86.4,93.57300000000001,86.0,93.498,90.1,93.0,18.786,5,5,5,34.872
13.09,4.0,40.628,61.163000000000004,45.641,57.949,143.849,145.69799999999998,64.9,54.9,29.7,100.1,64.3,86.4,93.585,86.0,93.499,90.1,93.0,18.756,5,5,5,34.931
13.11,4.0,40.452,61.43,45.804,57.387,143.773,145.556,64.9,54.9,29.7,100.1,64.3,86.4,93.592,86.0,93.499,90.1,93.0,18.705,5,5,5,34.959
13.13,4.0,40.729,61.19,45.8,57.119,143.709,145.615,64.9,54.9,29.7,100.1,64.3,86.4,93.595,86.0,93.5,90.1,93.0,18.812,5,5,5,35.010999999999996
13.15,4.0,40.742,60.629,45.913000000000004,57.016999999999996,143.696,145.532,64.9,54.9,29.7,100.1,64.3,86.4,93.597,86.0,93.5,90.1,93.0,18.740000000000002,5,5,5,35.041
13.17,4.0,41.171,60.756,45.546,56.873999999999995,143.645,145.509,64.9,54.9,29.7,100.1,64.3,86.4,93.598,86.0,93.5,90.1,93.0,18.933,5,5,5,35.086
13.19,4.0,41.205,60.853,45.726,56.771,143.595,145.39,64.9,54.9,29.7,100.1,64.3,86.4,93.59899999999999,86.0,93.5,90.1,93.0,19.019,5,5,5,35.096999999999994
13.21,4.0,41.365,60.896,45.786,56.473,143.467,145.27200000000002,64.9,54.9,29.7,100.1,64.3,86.4,93.6,86.0,93.5,90.1,93.0,19.012999999999998,5,5,5,35.094
13.23,4.0,41.812,61.093,45.747,56.656000000000006,143.365,145.13,64.9,54.9,29.7,100.1,64.3,86.4,93.6,86.0,93.5,90.1,93.0,18.955,5,5,5,35.089
13.25,4.0,41.618,61.15,45.766999999999996,56.762,143.238,145.059,64.9,54.9,29.7,100.1,64.3,86.469,93.6,86.0,93.5,90.1,93.0,18.982,5,5,5,35.085
13.27,4.0,41.66,60.738,45.725,57.055,143.161,144.916,64.9,54.9,29.7,100.1,64.3,86.52600000000001,93.6,86.0,93.5,90.1,93.0,18.884999999999998,5,5,5,35.090999999999994
13.29,4.0,42.407,61.453,45.804,56.942,143.046,144.786,64.9,54.9,29.7,100.1,64.3,86.558,93.6,86.0,93.5,90.1,93.0,19.031,5,5,5,35.088
13.31,4.0,42.47,60.85,45.76,57.382,142.93099999999998,144.643,64.9,54.9,29.7,100.1,64.3,86.577,93.6,86.0,93.5,90.1,93.0,18.967,5,5,5,35.085
13.33,4.0,42.153,61.195,45.728,57.593999999999994,142.841,144.631,64.9,54.9,29.7,100.1,64.3,86.587,93.6,86.0,93.5,90.1,93.0,19.09,5,5,5,35.079
13.35,4.0,42.426,60.695,45.693000000000005,58.013999999999996,142.79000000000002,144.406,64.9,54.9,29.7,100.1,64.3,86.593,93.6,86.05,93.5,90.1,93.0,19.025,5,5,5,35.08
13.37,4.0,42.094,61.295,45.606,58.099,142.688,144.334,64.9,54.9,29.7,100.1,64.3,86.596,93.6,86.116,93.5,90.1,93.0,19.104,5,5,5,35.087
13.39,4.0,42.342,61.062,45.691,58.743,142.624,144.239,64.9,54.9,29.7,100.1,64.3,86.598,93.6,86.153,93.5,90.1,93.0,18.954,5,5,5,35.093
13.41,4.0,42.734,60.946999999999996,45.603,58.919,142.483,144.144,64.9,54.9,29.7,100.1,64.3,86.59899999999999,93.6,86.173,93.5,90.1,93.0,19.106,5,5,5,35.092
13.43,4.0,43.137,61.001000000000005,45.323,59.242,142.341,143.988,64.9,54.9,29.7,100.1,64.3,86.59899999999999,93.6,86.185,93.5,90.1,93.0,18.984,5,5,5,35.092
13.45,4.0,42.946999999999996,61.262,45.453,59.589,142.264,143.965,64.9,54.9,29.7,100.1,64.3,86.6,93.6,86.192,93.5,90.1,93.0,19.127000000000002,5,5,5,35.096999999999994
13.47,4.0,43.16,60.809,45.521,59.331,142.122,143.797,64.9,54.9,29.7,100.1,64.3,86.6,93.6,86.195,93.5,90.1,93.0,19.097,5,5,5,35.099000000000004
13.49,4.0,42.849000000000004,60.445,45.614000000000004,59.727,142.04500000000002,143.702,64.9,54.9,29.7,100.1,64.3,86.6,93.6,86.197,93.5,90.1,93.0,19.16,5,5,5,35.095
13.51,4.0,43.091,61.303000000000004,45.525,59.692,141.942,143.594,64.9,54.9,29.7,100.1,64.3,86.6,93.6,86.199,93.5,90.1,93.0,18.962,5,5,5,35.08
13.53,4.0,43.126,60.919,45.671,60.104,141.813,143.42700000000002,64.9,54.9,29.7,100.1,64.3,86.6,93.6,86.199,93.5,90.1,93.0,18.997,5,5,5,35.079
13.55,4.0,43.281,61.07899999999999,45.525,60.644,141.748,143.36700000000002,64.9,54.9,29.7,100.1,64.3,86.6,93.6,86.2,93.5,90.1,93.0,18.991,5,5,5,35.06
13.57,4.0,43.1,60.428999999999995,45.366,61.176,141.606,143.247,64.9,54.9,29.7,100.1,64.3,86.6,93.6,86.2,93.5,90.1,93.0,19.176,5,5,5,35.031
13.59,4.0,43.467,61.019,45.556999999999995,62.038000000000004,141.477,143.115,64.9,54.9,29.7,100.1,64.3,86.6,93.6,86.2,93.5,90.1,93.0,19.189,5,5,5,34.968
13.61,4.0,43.552,60.512,45.472,62.736000000000004,141.425,143.10299999999998,64.9,54.9,29.7,100.1,64.3,86.6,93.6,86.2,93.5,90.1,93.0,19.035,5,5,5,34.879999999999995
13.63,4.0,43.327,60.74,45.409,63.493,141.269,142.935,64.9,54.9,29.7,100.1,64.3,86.6,93.6,86.2,93.5,90.1,93.0,19.988,5,5,5,34.811
13.65,4.0,43.677,60.422,45.247,64.003,141.217,142.887,64.9,54.9,29.7,100.1,64.3,86.6,93.6,86.2,93.5,90.1,93.0,20.088,5,5,5,34.728
13.67,4.0,43.582,60.821000000000005,45.333,64.156,141.11399999999998,142.791,64.9,54.9,29.7,100.1,64.3,86.6,93.6,86.2,93.5,90.1,93.0,19.951999999999998,5,5,5,34.625
13.69,4.0,43.64,60.675,45.327,64.69300000000001,141.023,142.659,64.9,54.9,29.7,100.1,64.3,86.6,93.6,86.2,93.5,90.1,93.0,20.037,5,5,5,34.608000000000004
13.71,4.0,43.234,60.88399999999999,45.363,64.40299999999999,140.93200000000002,142.574,64.9,54.9,29.7,100.1,64.3,86.6,93.6,86.2,93.5,90.188,93.0,20.029000000000003,5,5,5,34.607
13.73,4.0,43.864000000000004,60.352,45.363,63.857,140.801,142.502,64.9,54.9,29.7,100.1,64.3,86.6,93.6,86.2,93.5,90.237,93.0,20.173000000000002,5,5,5,34.607
13.75,4.0,43.788000000000004,60.738,45.38,64.81800000000001,140.684,142.35700000000003,64.9,54.9,29.7,100.1,64.3,86.6,93.6,86.2,93.5,90.264,93.0,20.044,5,5,5,34.601
13.77,4.0,43.654,60.461999999999996,45.328,65.673,140.554,142.309,64.9,54.9,29.7,100.1,64.3,86.6,93.6,86.2,93.5,90.28,93.0,20.171,5,5,5,34.57
13.79,4.0,43.803000000000004,60.91,45.494,65.408,140.462,142.188,64.9,54.9,29.7,100.1,64.3,86.6,93.6,86.2,93.5,90.289,93.0,20.047,5,5,5,34.528000000000006
13.81,4.0,43.513000000000005,61.071999999999996,45.266,66.67,140.38400000000001,142.11599999999999,64.9,54.9,29.7,100.1,64.3,86.6,93.6,86.2,93.5,90.294,93.0,20.213,5,5,5,34.438
13.83,4.0,43.374,60.97,45.3,66.81,140.253,142.07999999999998,64.9,54.9,29.7,100.1,64.3,86.6,93.6,86.2,93.5,90.296,93.0,20.101,5,5,5,34.353
13.85,4.0,43.753,61.099,45.286,67.485,140.214,141.995,64.9,54.9,29.7,100.1,64.3,86.6,93.6,86.2,93.5,90.298,93.0,20.08,5,5,5,34.298
13.87,4.0,44.113,60.831,45.406,67.84,140.03,141.86200000000002,64.9,54.9,29.7,100.1,64.3,86.6,93.6,86.2,93.5,90.29899999999999,93.0,20.044,5,5,5,34.284000000000006
13.89,4.0,43.806,61.203,45.445,68.77000000000001,139.978,141.72899999999998,64.9,54.9,29.7,100.1,64.3,86.6,93.6,86.2,93.5,90.29899999999999,93.0,20.219,5,5,5,34.209
13.91,4.0,43.824,61.295,45.481,69.063,139.899,141.70499999999998,64.9,54.9,29.7,100.1,64.3,86.6,93.6,86.2,93.5,90.3,93.0,19.939,5,5,5,34.111999999999995
13.93,4.0,44.067,61.027,45.325,69.946,139.781,141.584,64.9,54.9,29.7,100.1,64.3,86.6,93.6,86.2,93.5,90.3,93.0,20.04,5,5,5,34.095
13.95,4.0,43.969,61.403999999999996,45.562,70.405,139.649,141.523,64.9,54.9,29.7,100.1,64.3,86.6,93.6,86.2,93.5,90.3,93.0,20.119999999999997,5,5,5,34.041
13.97,4.0,43.882,60.975,45.408,70.539,139.57,141.438,64.9,54.9,29.7,100.1,64.3,86.6,93.6,86.2,93.5,90.3,93.0,20.172,5,5,5,33.999
13.99,4.0,44.013000000000005,61.492,45.53,71.03699999999999,139.54399999999998,141.317,64.9,54.9,29.7,100.1,64.3,86.6,93.6,86.2,93.5,90.3,93.0,19.974,5,5,5,33.954
14.01,4.0,44.03,61.853,45.253,71.491,139.438,141.23200000000003,64.9,54.9,29.7,100.1,64.3,86.6,93.6,86.2,93.5,90.3,93.0,20.022,5,5,5,33.893
14.03,4.0,43.763000000000005,61.471000000000004,45.453,71.07600000000001,139.333,141.195,64.9,54.9,29.7,100.1,64.3,86.6,93.6,86.2,93.5,90.3,93.0,20.043,5,5,5,33.86
14.05,4.0,44.076,61.663000000000004,45.25,71.628,139.24,141.122,64.9,54.9,29.7,100.1,64.3,86.6,93.6,86.2,93.5,90.3,93.0,20.254,5,5,5,33.839
14.07,4.0,44.158,61.818000000000005,45.385,70.225,139.029,140.91500000000002,64.9,54.9,29.7,100.1,64.3,86.6,93.6,86.2,93.5,90.3,93.0,20.205,5,5,5,33.796
14.09,4.0,43.966,62.42100000000001,45.409,69.556,138.87,140.659,64.9,54.9,29.7,100.1,64.3,86.6,93.6,86.2,93.5,90.3,93.0,20.003,5,5,5,33.795
14.11,4.0,44.266999999999996,62.456,45.451,67.719,138.82999999999998,140.659,64.9,54.9,29.7,100.1,64.3,86.6,93.6,86.2,93.5,90.3,93.0,19.814999999999998,5,5,5,33.821
14.13,4.0,44.22,62.299,45.298,66.477,138.61700000000002,140.5,64.9,54.9,29.7,100.1,64.3,86.6,93.6,86.2,93.5,90.3,93.0,19.93,5,5,5,33.861999999999995
14.15,4.0,44.443000000000005,62.659,45.448,65.408,138.577,140.41500000000002,64.9,54.9,29.7,100.1,64.3,86.6,93.688,86.2,93.5,90.3,93.0,19.905,5,5,5,33.929
14.17,4.0,43.804,62.758,45.309,64.62100000000001,138.51100000000002,140.39,64.9,54.9,29.7,100.1,64.3,86.6,93.737,86.2,93.5,90.3,93.0,20.023,5,5,5,34.004999999999995
14.19,4.0,44.076,62.745,45.569,63.522,138.36399999999998,140.317,64.9,54.9,29.7,100.1,64.3,86.6,93.764,86.2,93.5,90.3,93.0,19.999000000000002,5,5,5,34.066
14.21,4.0,44.23,62.854,45.388000000000005,62.891000000000005,138.324,140.18200000000002,64.9,54.9,29.7,100.1,64.3,86.6,93.78,86.2,93.5,90.3,93.0,20.212,5,5,5,34.093
14.23,4.0,44.073,62.808,45.27,61.881,138.178,140.06,64.9,54.9,29.7,100.1,64.3,86.6,93.789,86.2,93.5,90.3,93.087,19.84,5,5,5,34.176
14.25,4.0,43.785,62.58,45.233000000000004,61.998999999999995,138.084,140.084,64.9,54.9,29.7,100.1,64.3,86.6,93.794,86.2,93.5,90.3,93.137,19.84,5,5,5,34.28
14.27,4.0,44.356,63.121,45.463,60.70399999999999,137.964,139.88799999999998,64.9,54.9,29.7,100.1,64.3,86.6,93.796,86.2,93.5,90.3,93.164,19.981,5,5,5,34.284000000000006
14.29,4.0,43.634,63.103,45.442,60.143,137.897,139.86399999999998,64.9,54.9,29.7,100.1,64.3,86.6,93.798,86.2,93.5,90.3,93.18,19.967,5,5,5,34.314
14.31,4.0,44.414,62.99,45.498000000000005,59.118,137.79000000000002,139.753,64.9,54.9,29.7,100.1,64.3,86.6,93.79899999999999,86.2,93.587,90.3,93.189,20.070999999999998,5,5,5,34.357
14.33,4.0,43.874,63.062,45.317,58.974,137.76299999999998,139.72899999999998,64.9,54.9,29.7,100.1,64.3,86.6,93.79899999999999,86.2,93.637,90.3,93.194,19.959000000000003,5,5,5,34.459
14.35,4.0,44.321999999999996,63.033,45.317,58.532,137.66899999999998,139.63,64.9,54.9,29.7,100.1,64.3,86.6,93.8,86.2,93.664,90.3,93.196,19.924,5,5,5,34.519999999999996
14.37,4.0,44.13,63.04600000000001,45.321999999999996,58.443999999999996,137.615,139.64299999999997,64.9,54.9,29.7,100.1,64.3,86.6,93.8,86.2,93.68,90.3,93.19800000000001,19.962,5,5,5,34.568
14.39,4.0,44.66,63.103,45.457,57.745,137.42700000000002,139.35899999999998,64.9,54.9,29.7,100.1,64.3,86.6,93.8,86.2,93.689,90.3,93.199,20.018,5,5,5,34.58
14.41,4.0,44.760999999999996,62.93,45.264,57.703,137.36,139.322,64.9,54.9,29.7,100.1,64.3,86.6,93.8,86.2,93.694,90.3,93.199,20.119,5,5,5,34.598
14.43,4.0,44.875,63.258,45.167,57.707,137.481,139.483,64.9,54.9,29.7,100.1,64.3,86.6,93.8,86.2,93.696,90.3,93.2,20.218,5,5,5,34.605000000000004
14.45,4.0,44.668,62.428999999999995,45.189,57.608999999999995,137.4,139.31,64.9,54.9,29.7,100.1,64.3,86.6,93.8,86.2,93.69800000000001,90.3,93.2,20.055,5,5,5,34.614000000000004
14.47,4.0,44.27,63.093999999999994,45.433,57.574,137.225,139.273,64.9,54.9,29.7,100.1,64.3,86.6,93.8,86.2,93.699,90.3,93.2,20.186,5,5,5,34.629000000000005
14.49,4.0,44.529,63.152,45.388000000000005,57.571000000000005,137.11700000000002,139.07600000000002,64.9,54.9,29.7,100.1,64.3,86.6,93.8,86.26899999999999,93.699,90.3,93.2,20.229,5,5,5,34.67
14.51,4.0,44.719,63.346000000000004,45.330999999999996,57.604,137.05,139.014,64.9,54.9,29.7,100.1,64.3,86.6,93.8,86.32600000000001,93.7,90.3,93.2,20.122,5,5,5,34.69199999999999
14.53,4.0,44.679,62.907,45.263000000000005,57.772,136.98200000000003,138.89,64.9,54.9,29.7,100.1,64.3,86.6,93.8,86.358,93.7,90.3,93.2,20.281,5,5,5,34.697
14.55,4.0,44.698,63.278,45.082,57.909,136.91500000000002,138.841,64.9,54.9,29.7,100.1,64.3,86.6,93.8,86.377,93.7,90.3,93.2,20.133,5,5,5,34.695
14.57,4.0,45.013000000000005,63.125,44.982,58.052,136.76600000000002,138.74200000000002,64.9,54.9,29.7,100.1,64.3,86.6,93.8,86.387,93.7,90.3,93.2,20.104,5,5,5,34.695
14.59,4.0,44.484,63.323,45.129,58.175,136.657,138.68,64.9,54.9,29.7,100.1,64.3,86.6,93.8,86.393,93.7,90.3,93.2,20.159,5,5,5,34.693
14.61,4.0,44.37,63.251000000000005,44.9,57.728,136.589,138.531,64.9,54.9,29.7,100.1,64.3,86.6,93.8,86.396,93.7,90.3,93.2,20.217,5,5,5,34.699
14.63,4.0,44.875,62.77,45.167,57.894,136.481,138.44400000000002,64.9,54.9,29.7,100.1,64.3,86.6,93.8,86.398,93.7,90.3,93.2,20.409,5,5,5,34.697
14.65,4.0,44.795,63.21,44.937,58.358000000000004,136.35899999999998,138.30700000000002,64.9,54.9,29.7,100.1,64.3,86.6,93.8,86.399,93.7,90.3,93.2,20.386,5,5,5,34.695
14.67,4.0,44.361999999999995,62.924,44.985,58.906000000000006,136.304,138.26999999999998,64.9,54.9,29.7,100.1,64.3,86.6,93.8,86.399,93.7,90.3,93.2,20.310000000000002,5,5,5,34.686
14.69,4.0,44.76,62.746,44.828,59.191,136.222,138.14600000000002,64.9,54.9,29.7,100.1,64.3,86.6,93.8,86.4,93.7,90.3,93.2,20.259,5,5,5,34.688
14.71,4.0,44.888000000000005,63.107,44.906,59.283,136.072,138.071,64.9,54.9,29.7,100.1,64.3,86.6,93.8,86.4,93.7,90.3,93.2,20.412,5,5,5,34.681
14.73,4.0,44.375,62.72,44.766999999999996,59.62,135.95,137.934,64.9,54.9,29.7,100.1,64.3,86.6,93.8,86.4,93.7,90.3,93.2,20.439,5,5,5,34.684
14.75,4.0,44.312,62.851000000000006,45.071999999999996,59.799,135.92200000000003,137.847,64.9,54.9,29.7,100.1,64.3,86.6,93.8,86.4,93.7,90.3,93.2,20.492,5,5,5,34.679
14.77,4.0,44.372,62.928999999999995,44.851,59.688,135.84,137.79700000000003,64.9,54.9,29.7,100.1,64.3,86.6,93.8,86.4,93.7,90.3,93.2,20.606,5,5,5,34.648
14.79,4.0,44.609,62.589,44.797,60.221000000000004,135.621,137.58499999999998,64.9,54.9,29.7,100.1,64.3,86.6,93.8,86.4,93.7,90.3,93.2,20.436,5,5,5,34.641
14.81,4.0,44.703,62.513999999999996,44.556,59.87,135.662,137.54700000000003,64.9,54.9,29.7,100.1,64.3,86.6,93.8,86.4,93.7,90.3,93.2,20.349,5,5,5,34.635999999999996
14.83,4.0,44.563,62.856,44.846,60.535,135.635,137.472,64.9,54.9,29.7,100.1,64.3,86.6,93.8,86.4,93.7,90.3,93.2,20.589,5,5,5,34.629999999999995
14.85,4.0,44.254,62.958999999999996,44.764,60.618,135.566,137.38400000000001,65.0,55.0,29.7,100.0,64.3,86.6,93.8,86.4,93.7,90.3,93.2,20.403,5,5,5,34.626999999999995
14.87,4.0,44.816,62.66,44.685,60.931000000000004,135.41500000000002,137.309,65.0,55.0,29.7,100.0,64.3,86.6,93.8,86.4,93.7,90.3,93.2,20.266,5,5,5,34.625
14.89,4.0,44.626,63.144,44.578,60.922,135.346,137.23399999999998,65.0,55.0,29.7,100.0,64.3,86.6,93.8,86.4,93.7,90.3,93.2,20.326999999999998,5,5,5,34.618
14.91,4.0,44.819,62.604,44.713,60.963,135.25,137.171,65.0,55.0,29.7,100.0,64.3,86.6,93.8,86.4,93.7,90.3,93.2,20.156,5,5,5,34.622
14.93,4.0,44.504,62.535,44.625,60.831,135.18099999999998,137.058,65.0,55.0,29.7,100.0,64.3,86.6,93.8,86.4,93.7,90.3,93.2,20.436,5,5,5,34.619
14.95,4.0,44.806999999999995,62.53,44.67,60.87,135.126,136.882,65.0,55.0,29.7,100.0,64.3,86.688,93.8,86.4,93.7,90.3,93.2,20.305,5,5,5,34.613
14.97,4.0,44.639,62.7,44.658,61.04,135.03,136.97,65.0,55.0,29.7,100.0,64.3,86.737,93.8,86.4,93.7,90.3,93.2,20.259999999999998,5,5,5,34.619
14.99,4.0,44.760999999999996,62.659,44.559,60.863,134.86399999999998,136.85700000000003,65.0,55.0,29.7,100.0,64.3,86.764,93.8,86.4,93.7,90.3,93.2,20.405,5,5,5,34.620000000000005
15.01,4.0,44.275999999999996,62.37,44.474000000000004,61.126999999999995,134.781,136.63,65.0,55.0,29.7,100.0,64.3,86.78,93.8,86.4,93.7,90.3,93.2,20.422,5,5,5,34.613
15.03,4.0,44.565,62.349,44.569,61.408,134.684,136.618,65.0,55.0,29.7,100.0,64.3,86.789,93.8,86.4,93.7,90.3,93.2,20.360999999999997,5,5,5,34.608000000000004
15.05,4.0,44.251,62.248999999999995,44.683,61.211000000000006,134.601,136.57999999999998,65.0,55.0,29.7,100.0,64.3,86.794,93.8,86.4,93.7,90.3,93.2,20.509999999999998,5,5,5,34.609
15.07,4.0,44.344,62.747,44.558,60.881,134.531,136.454,65.0,55.0,29.7,100.0,64.3,86.796,93.8,86.4,93.7,90.3,93.2,20.633,5,5,5,34.607
15.09,4.0,44.857,62.43,44.408,61.055,134.42000000000002,136.34,65.0,55.0,29.7,100.0,64.3,86.798,93.8,86.4,93.7,90.3,93.2,20.377000000000002,5,5,5,34.61
15.11,4.0,44.588,62.534,44.48,61.341,134.281,136.20100000000002,65.0,55.0,29.7,100.0,64.3,86.79899999999999,93.8,86.4,93.7,90.3,93.2,20.375,5,5,5,34.61
15.13,4.0,44.429,62.011,44.458,61.086000000000006,134.19799999999998,136.226,65.0,55.0,29.7,100.0,64.3,86.79899999999999,93.8,86.4,93.7,90.3,93.2,20.415,5,5,5,34.605999999999995
15.15,4.0,44.438,62.382,44.428000000000004,61.371,134.072,136.176,65.0,55.0,29.7,100.0,64.3,86.8,93.8,86.4,93.7,90.3,93.2,20.250999999999998,5,5,5,34.605999999999995
15.17,4.0,44.352,62.043,44.435,60.924,134.128,136.04899999999998,65.0,55.0,29.7,100.0,64.3,86.8,93.8,86.4,93.7,90.3,93.2,20.339,5,5,5,34.605999999999995
15.19,4.0,44.9,62.461000000000006,44.150999999999996,60.727,133.975,135.998,65.0,55.0,29.7,100.0,64.3,86.8,93.8,86.4,93.7,90.3,93.2,20.542,5,5,5,34.601
15.21,4.0,44.935,61.973,44.08,60.303999999999995,133.89100000000002,135.85899999999998,65.0,55.0,29.7,100.0,64.3,86.8,93.8,86.4,93.7,90.3,93.2,20.48,5,5,5,34.604
15.23,4.0,44.648,62.705,44.129,60.254,133.83499999999998,135.79500000000002,65.0,55.0,29.7,100.0,64.3,86.8,93.8,86.4,93.7,90.3,93.2,20.488,5,5,5,34.604
15.25,4.0,44.558,62.227,44.175,60.507,133.73700000000002,135.68099999999998,65.0,55.0,29.7,100.0,64.3,86.8,93.8,86.4,93.7,90.3,93.2,20.643,5,5,5,34.596000000000004
15.27,4.0,44.474000000000004,62.474,44.175,60.512,133.583,135.61700000000002,65.0,55.0,29.7,100.0,64.3,86.8,93.8,86.4,93.7,90.3,93.2,20.662,5,5,5,34.599000000000004
15.29,4.0,44.449,62.317,44.409,60.495,133.526,135.528,65.0,55.0,29.7,100.0,64.3,86.8,93.8,86.4,93.7,90.3,93.2,20.555,5,5,5,34.604
15.31,4.0,44.435,62.048,44.116,60.294,133.526,135.401,65.0,55.0,29.7,100.0,64.3,86.8,93.8,86.4,93.7,90.3,93.2,20.293,5,5,5,34.602
15.33,4.0,44.349000000000004,62.106,44.067,60.596000000000004,133.428,135.414,65.0,55.0,29.7,100.0,64.3,86.8,93.8,86.4,93.7,90.3,93.2,20.209000000000003,5,5,5,34.596000000000004
15.35,4.0,43.931999999999995,62.327,43.968,60.443999999999996,133.316,135.312,65.0,55.0,29.7,100.0,64.3,86.8,93.8,86.4,93.7,90.387,93.2,20.131999999999998,5,5,5,34.601
15.37,4.0,44.449,62.248999999999995,43.989000000000004,60.626999999999995,133.20299999999997,135.197,65.0,55.0,29.7,100.0,64.3,86.8,93.8,86.4,93.7,90.437,93.2,20.301,5,5,5,34.6
15.39,4.0,44.615,62.18600000000001,43.899,60.976000000000006,133.062,135.10700000000003,65.0,55.0,29.7,100.0,64.3,86.8,93.8,86.4,93.7,90.464,93.2,20.165,5,5,5,34.602
15.41,4.0,44.152,62.13,43.885999999999996,60.891000000000005,132.963,134.954,65.0,55.0,29.7,100.0,64.3,86.8,93.8,86.4,93.7,90.48,93.2,19.906,5,5,5,34.599000000000004
15.43,4.0,44.564,62.5,43.785,60.97,132.935,134.941,65.0,55.0,29.7,100.0,64.3,86.8,93.8,86.4,93.7,90.48899999999999,93.2,20.024,5,5,5,34.599000000000004
15.45,4.0,44.218,62.278999999999996,43.955999999999996,60.873999999999995,132.779,134.86399999999998,65.0,55.0,29.7,100.0,64.3,86.8,93.85,86.4,93.7,90.494,93.2,20.078,5,5,5,34.593
15.47,4.0,43.95,62.32,43.984,60.731,132.793,134.749,65.0,55.0,29.7,100.0,64.3,86.8,93.916,86.4,93.7,90.49600000000001,93.2,20.118000000000002,5,5,5,34.59
15.49,4.0,44.418,62.051,43.904,60.699,132.68,134.63400000000001,65.0,55.0,29.7,100.0,64.3,86.8,93.953,86.4,93.7,90.498,93.2,20.145,5,5,5,34.595
15.51,4.0,44.21,62.246,43.696,60.897,132.623,134.659,65.0,55.0,29.7,100.0,64.3,86.8,93.973,86.4,93.7,90.499,93.2,20.122999999999998,5,5,5,34.592
15.53,4.0,44.395,61.861999999999995,43.67,61.255,132.538,134.47899999999998,65.0,55.0,29.7,100.0,64.3,86.8,93.985,86.4,93.7,90.499,93.2,20.134,5,5,5,34.590999999999994
15.55,4.0,43.626,62.118,43.821999999999996,61.085,132.39600000000002,134.505,65.0,55.0,29.7,100.0,64.3,86.8,93.992,86.4,93.7,90.5,93.2,20.322000000000003,5,5,5,34.587
15.57,4.0,44.297,62.11600000000001,43.699,61.075,132.282,134.312,65.0,55.0,29.7,100.0,64.3,86.8,93.995,86.4,93.7,90.5,93.2,20.093,5,5,5,34.583
15.59,4.0,44.029,61.973,43.859,61.01,132.139,134.26100000000002,65.0,55.0,29.7,100.0,64.3,86.8,93.997,86.4,93.7,90.5,93.2,19.962,5,5,5,34.581999999999994
15.61,4.0,44.071999999999996,62.032,43.658,61.096000000000004,132.082,134.248,65.0,55.0,29.7,100.0,64.3,86.8,93.999,86.4,93.7,90.5,93.2,19.490000000000002,5,5,5,34.579
15.63,4.0,44.169000000000004,62.201,43.888000000000005,61.07,132.053,134.157,65.0,55.0,29.7,100.0,64.3,86.8,93.999,86.4,93.7,90.5,93.2,19.201,5,5,5,34.583
15.65,4.0,43.782,62.208999999999996,43.575,61.138000000000005,131.95299999999997,134.067,65.0,55.0,29.7,100.0,64.3,86.8,94.0,86.4,93.7,90.5,93.2,19.229,5,5,5,34.581
15.67,4.0,43.73,61.903,43.499,61.086000000000006,131.81,133.938,65.0,55.0,29.7,100.0,64.3,86.8,94.0,86.4,93.7,90.5,93.2,19.092,5,5,5,34.579
15.69,4.0,44.188,61.826,43.586999999999996,61.378,131.781,133.847,65.0,55.0,29.7,100.0,64.3,86.8,94.0,86.4,93.7,90.5,93.2,19.095999999999997,5,5,5,34.585
15.71,4.0,43.726,61.977,43.531,61.076,131.63799999999998,133.834,65.0,55.0,29.7,100.0,64.3,86.8,94.0,86.4,93.7,90.5,93.2,19.244999999999997,5,5,5,34.581999999999994
15.73,4.0,43.998000000000005,61.908,43.679,60.82,131.60899999999998,133.796,65.0,55.0,29.7,100.0,64.3,86.8,94.0,86.4,93.78699999999999,90.5,93.2,19.341,5,5,5,34.58
15.75,4.0,44.012,61.648999999999994,43.510999999999996,60.418,131.595,133.70499999999998,65.0,55.0,29.7,100.0,64.3,86.8,94.0,86.4,93.837,90.5,93.2,19.558,5,5,5,34.581
15.77,4.0,43.411,61.989,43.574,60.398,131.48000000000002,133.666,65.0,55.0,29.7,100.0,64.3,86.8,94.0,86.4,93.86399999999999,90.5,93.2,19.516,5,5,5,34.58
15.79,4.0,43.847,61.723,43.551,60.592,131.35,133.51100000000002,65.0,55.0,29.7,100.0,64.3,86.8,94.0,86.4,93.88,90.5,93.2,19.474,5,5,5,34.586
15.81,4.0,43.493,61.952,43.293,60.617,131.278,133.446,65.0,55.0,29.7,100.0,64.3,86.8,94.0,86.4,93.889,90.5,93.2,19.283,5,5,5,34.571
15.83,4.0,43.830999999999996,61.725,43.529,60.753,131.26299999999998,133.446,65.0,55.0,29.7,100.0,64.3,86.8,94.0,86.4,93.89399999999999,90.5,93.28699999999999,19.326,5,5,5,34.57
15.85,4.0,43.661,61.622,43.364000000000004,60.533,131.07600000000002,133.251,65.0,55.0,29.7,100.0,64.3,86.8,94.0,86.4,93.896,90.5,93.337,19.544,5,5,5,34.57
15.87,4.0,43.318000000000005,61.817,43.324,60.43,131.01799999999997,133.225,65.0,55.0,29.7,100.0,64.3,86.8,94.0,86.4,93.898,90.5,93.36399999999999,19.438,5,5,5,34.566
15.89,4.0,43.283,62.321999999999996,43.323,60.247,130.98899999999998,133.14600000000002,65.0,55.0,29.7,100.0,64.3,86.8,94.0,86.45,93.899,90.5,93.38,19.579,5,5,5,34.563
15.91,4.0,43.275,62.055,43.092,60.63399999999999,130.916,133.06799999999998,65.0,55.0,29.7,100.0,64.3,86.8,94.0,86.516,93.899,90.5,93.389,19.422,5,5,5,34.56699999999999
15.93,4.0,43.466,61.757,43.264,60.613,130.786,132.99,65.0,55.0,29.7,100.0,64.3,86.8,94.0,86.553,93.9,90.5,93.39399999999999,19.426,5,5,5,34.574
15.95,4.0,43.259,61.638999999999996,43.149,60.821000000000005,130.728,132.912,65.0,55.0,29.7,100.0,64.3,86.8,94.0,86.57300000000001,93.9,90.5,93.396,19.488,5,5,5,34.573
15.97,4.0,43.203,61.821000000000005,43.14,60.755,130.597,132.82,65.0,55.0,29.7,100.0,64.3,86.8,94.0,86.585,93.9,90.5,93.398,19.408,5,5,5,34.569
15.99,4.0,43.395,61.856,43.124,60.619,130.538,132.846,65.0,55.0,29.7,100.0,64.3,86.8,94.0,86.592,93.9,90.5,93.399,19.362000000000002,5,5,5,34.566
16.01,4.0,43.135999999999996,61.998999999999995,43.038000000000004,60.629,130.48000000000002,132.676,65.0,55.0,29.7,100.0,64.3,86.8,94.0,86.595,93.9,90.5,93.399,18.96,5,5,5,34.564
16.03,4.0,43.564,61.521,42.93,60.986000000000004,130.436,132.611,65.0,55.0,29.7,100.0,64.3,86.8,94.0,86.597,93.9,90.5,93.4,19.042,5,5,5,34.56699999999999
16.05,4.0,43.361,61.328,43.056,61.373999999999995,130.349,132.54500000000002,65.0,55.0,29.7,100.0,64.3,86.8,94.0,86.598,93.9,90.5,93.4,18.875,5,5,5,34.561
16.07,4.0,43.498000000000005,61.288000000000004,43.008,62.045,130.305,132.467,65.0,55.0,29.7,100.0,64.3,86.8,94.0,86.59899999999999,93.9,90.5,93.4,19.378,5,5,5,34.555
16.09,4.0,43.098,61.681000000000004,42.918,63.07899999999999,130.115,132.38799999999998,65.0,55.0,29.7,100.0,64.3,86.8,94.0,86.6,93.9,90.5,93.4,19.354,5,5,5,34.504000000000005
16.11,4.0,42.946,61.794,43.124,63.35,130.071,132.217,65.0,55.0,29.7,100.0,64.3,86.8,94.0,86.6,93.9,90.5,93.4,19.482,5,5,5,34.419
16.13,4.0,43.07,61.148,42.738,63.231,130.08499999999998,132.23000000000002,65.0,55.0,29.7,100.0,64.3,86.8,94.0,86.6,93.9,90.5,93.4,19.509,5,5,5,34.333
16.15,4.0,43.489000000000004,62.111999999999995,42.805,64.66300000000001,129.865,132.217,65.0,55.0,29.7,100.0,64.3,86.8,94.0,86.6,93.9,90.5,93.4,19.58,5,5,5,34.299
16.17,4.0,43.589,61.833,42.899,64.339,129.88,132.099,65.0,55.0,29.7,100.0,64.3,86.8,94.0,86.6,93.9,90.5,93.4,19.656,5,5,5,34.234
16.19,4.0,43.308,61.372,42.875,66.035,129.762,131.967,65.0,55.0,29.7,100.0,64.3,86.8,94.0,86.6,93.9,90.5,93.4,19.663,5,5,5,34.137
16.21,4.0,42.836,61.898999999999994,42.846,65.511,129.718,131.954,65.0,55.0,29.7,100.0,64.3,86.8,94.0,86.6,93.9,90.5,93.4,19.687,5,5,5,34.086
16.23,4.0,43.317,62.332,42.808,67.583,129.526,131.874,65.0,55.0,29.7,100.0,64.3,86.8,94.0,86.6,93.9,90.5,93.4,19.374000000000002,5,5,5,34.006
16.25,4.0,42.635999999999996,61.656000000000006,42.866,67.584,129.526,131.808,65.0,55.0,29.7,100.0,64.3,86.8,94.0,86.6,93.9,90.5,93.4,19.484,5,5,5,33.92
16.27,4.0,43.305,61.69,42.533,69.006,129.349,131.769,65.0,55.0,29.7,100.0,64.3,86.8,94.0,86.6,93.9,90.5,93.4,19.191,5,5,5,33.857
16.29,4.0,42.961999999999996,61.394,42.726,69.431,129.275,131.72899999999998,65.0,55.0,29.7,100.0,64.3,86.8,94.0,86.6,93.9,90.5,93.4,19.342,5,5,5,33.775
16.31,4.0,43.176,61.92,42.599000000000004,70.324,129.215,131.61,65.0,55.0,29.7,100.0,64.3,86.8,94.0,86.6,93.9,90.5,93.4,19.403,5,5,5,33.745999999999995
16.33,4.0,42.969,61.6,42.538000000000004,71.304,129.156,131.597,65.0,55.0,29.7,100.0,64.3,86.8,94.0,86.6,93.9,90.5,93.4,19.283,5,5,5,33.704
16.35,4.0,42.609,61.623999999999995,42.653,71.035,129.097,131.54399999999998,65.0,55.0,29.7,100.0,64.3,86.8,94.0,86.6,93.9,90.5,93.4,19.264000000000003,5,5,5,33.641
16.37,4.0,42.991,61.364,42.455,71.896,129.022,131.49099999999999,65.0,55.0,29.7,100.0,64.3,86.8,94.0,86.6,93.9,90.5,93.4,19.414,5,5,5,33.605000000000004
16.39,4.0,42.174,62.263000000000005,42.402,71.266,128.918,131.411,65.0,55.0,29.7,100.0,64.3,86.8,94.0,86.6,93.9,90.5,93.4,19.255000000000003,5,5,5,33.547
16.41,4.0,43.15,61.349,42.448,71.827,128.874,131.345,65.0,55.0,29.7,100.0,64.3,86.8,94.0,86.6,93.9,90.5,93.4,19.386,5,5,5,33.513999999999996
16.43,4.0,43.056999999999995,61.92100000000001,42.256,72.51899999999999,128.754,131.265,65.0,55.0,29.7,100.0,64.3,86.8,94.0,86.6,93.9,90.5,93.4,19.439999999999998,5,5,5,33.507
16.45,4.0,42.334,62.005,42.384,71.608,128.68,131.265,65.0,55.0,29.7,100.0,64.3,86.8,94.0,86.6,93.9,90.5,93.4,19.506999999999998,5,5,5,33.476
16.47,4.0,41.87,62.221000000000004,42.351,71.82300000000001,128.60500000000002,131.092,65.0,55.0,29.7,100.0,64.3,86.8,94.0,86.6,93.9,90.5,93.4,19.392000000000003,5,5,5,33.454
16.49,4.0,42.292,62.288999999999994,42.357,70.46,128.485,130.959,65.0,55.0,29.7,100.0,64.3,86.8,94.0,86.6,93.9,90.5,93.4,19.167,5,5,5,33.45
16.51,4.0,42.759,61.617,42.314,69.351,128.23000000000002,130.625,65.0,55.0,29.7,100.0,64.3,86.8,94.0,86.6,93.9,90.5,93.4,19.286,5,5,5,33.438
16.53,4.0,42.42,61.489,42.159,68.18,128.125,130.61200000000002,65.0,55.0,29.7,100.0,64.3,86.8,94.0,86.6,93.9,90.5,93.4,19.309,5,5,5,33.439
16.55,4.0,42.109,61.75899999999999,42.236,66.601,128.019,130.572,65.0,55.0,29.7,100.0,64.3,86.8,94.0,86.6,93.9,90.5,93.4,19.269,5,5,5,33.492
16.57,4.0,42.763000000000005,62.256,42.226,65.669,128.064,130.58499999999998,65.0,55.0,29.7,100.0,64.3,86.8,94.0,86.6,93.9,90.5,93.4,18.970999999999997,5,5,5,33.521
16.59,4.0,42.409,62.441,42.153,64.96199999999999,127.97399999999999,130.558,65.0,55.0,29.7,100.0,64.3,86.8,94.0,86.6,93.9,90.5,93.4,18.981,5,5,5,33.599000000000004
16.61,4.0,42.124,61.968,42.354,63.775,127.97399999999999,130.54500000000002,65.0,55.0,29.7,100.0,64.3,86.8,94.0,86.6,93.9,90.5,93.4,19.701,5,5,5,33.652
16.63,4.0,42.023,62.163999999999994,42.21,63.001999999999995,127.883,130.478,65.0,55.0,29.7,100.0,64.3,86.8,94.0,86.6,93.9,90.5,93.4,18.9,5,5,5,33.727
16.65,4.0,42.266,61.653999999999996,41.896,62.181000000000004,127.79299999999999,130.29000000000002,65.0,55.0,29.7,100.0,64.3,86.8,94.0,86.6,93.9,90.5,93.4,18.79,5,5,5,33.792
16.67,4.0,41.775999999999996,61.955,42.05,62.083,127.67200000000001,130.277,65.0,55.0,29.7,100.0,64.3,86.8,94.0,86.6,93.9,90.5,93.4,18.441,5,5,5,33.86
16.69,4.0,41.949,61.933,41.804,60.683,127.641,130.25,65.0,55.0,29.7,100.0,64.3,86.8,94.0,86.6,93.9,90.5,93.4,18.609,5,5,5,33.93300000000001
16.71,4.0,42.080999999999996,62.035,42.086,60.21,127.611,130.156,65.0,55.0,29.7,100.0,64.3,86.8,94.0,86.6,93.9,90.5,93.4,18.521,5,5,5,33.997
16.73,4.0,41.763000000000005,62.092,42.005,59.62,127.49,129.94,65.0,55.0,29.7,100.0,64.3,86.8,94.0,86.6,93.9,90.5,93.4,18.93,5,5,5,34.059
16.75,4.0,41.466,62.283,42.176,59.49100000000001,127.429,129.994,65.0,55.0,29.7,100.0,64.3,86.8,94.069,86.6,93.9,90.5,93.4,19.028,5,5,5,34.081
16.77,4.0,41.903,61.937,42.015,58.931999999999995,127.26100000000001,129.94,65.0,55.0,29.7,100.0,64.3,86.887,94.126,86.6,93.9,90.5,93.4,18.997,5,5,5,34.141
16.79,4.0,41.485,62.269,42.067,58.224,127.215,129.805,65.0,55.0,29.7,100.0,64.3,86.937,94.158,86.6,93.9,90.5,93.4,19.165999999999997,5,5,5,34.184
16.81,4.0,41.524,62.301,41.946,58.076,127.00200000000001,129.67000000000002,65.0,55.0,29.7,100.0,64.3,86.964,94.17699999999999,86.6,93.9,90.5,93.4,19.115000000000002,5,5,5,34.249
16.83,4.0,41.657,62.04600000000001,41.726,57.631,127.07799999999999,129.724,65.0,55.0,29.7,100.0,64.3,86.98,94.187,86.6,93.9,90.5,93.4,18.436,5,5,5,34.273
16.85,4.0,41.304,62.35,41.997,57.757,127.139,129.832,65.2,55.1,29.6,100.0,64.2,86.98899999999999,94.193,86.6,93.9,90.5,93.4,18.367,5,5,5,34.281
16.87,4.0,41.458,62.17,41.924,58.021,127.109,129.697,65.2,55.1,29.6,100.0,64.2,86.994,94.196,86.6,93.9,90.5,93.4,18.229,5,5,5,34.286
16.89,4.0,41.999,62.148,41.763000000000005,58.008,127.01700000000001,129.724,65.2,55.1,29.6,100.0,64.2,86.99600000000001,94.19800000000001,86.6,93.9,90.5,93.4,18.04,5,5,5,34.311
16.91,4.0,41.911,61.84,41.978,57.218,126.848,129.575,65.2,55.1,29.6,100.0,64.2,86.998,94.199,86.6,93.9,90.5,93.4,18.235999999999997,5,5,5,34.322
16.93,4.0,41.308,62.07899999999999,41.864000000000004,57.1,126.86399999999999,129.48000000000002,65.2,55.1,29.6,100.0,64.2,86.999,94.199,86.6,93.9,90.5,93.4,18.877000000000002,5,5,5,34.340999999999994
16.95,4.0,41.635,61.68,41.745,57.778,126.772,129.48000000000002,65.2,55.1,29.6,100.0,64.2,86.999,94.2,86.6,93.9,90.5,93.4,18.863,5,5,5,34.336
16.97,4.0,41.413000000000004,62.372,41.859,57.986999999999995,126.741,129.44,65.2,55.1,29.6,100.0,64.2,87.0,94.2,86.6,93.9,90.5,93.4,19.144,5,5,5,34.339
16.99,4.0,41.562,61.965,41.838,58.324,126.679,129.345,65.2,55.1,29.6,100.0,64.2,87.0,94.2,86.6,93.9,90.5,93.4,18.923000000000002,5,5,5,34.34
17.01,4.0,41.341,61.681000000000004,41.7,58.446000000000005,126.618,129.277,65.2,55.1,29.6,100.0,64.2,87.0,94.2,86.6,93.9,90.5,93.4,18.872999999999998,5,5,5,34.346000000000004
17.03,4.0,40.955999999999996,61.97,41.769,58.755,126.51,129.209,65.2,55.1,29.6,100.0,64.2,87.0,94.2,86.6,93.9,90.5,93.4,18.406,5,5,5,34.343
17.05,4.0,41.286,62.115,41.689,58.757,126.495,129.14100000000002,65.2,55.1,29.6,100.0,64.2,87.0,94.2,86.6,93.9,90.5,93.4,18.04,5,5,5,34.340999999999994
17.07,4.0,41.19,61.71,41.52,58.841,126.387,129.032,65.2,55.1,29.6,100.0,64.2,87.0,94.2,86.6,93.9,90.5,93.4,17.766,5,5,5,34.346999999999994
17.09,4.0,41.064,62.037,41.556999999999995,59.333999999999996,126.325,129.032,65.2,55.1,29.6,100.0,64.2,87.0,94.2,86.6,93.9,90.5,93.4,17.662,5,5,5,34.348
17.11,4.0,41.28,61.617,41.62,59.56,126.21700000000001,128.89499999999998,65.2,55.1,29.6,100.0,64.2,87.0,94.2,86.6,93.9,90.5,93.4,17.675,5,5,5,34.344
17.13,4.0,41.042,61.961999999999996,41.63,60.3,126.10799999999999,128.89499999999998,65.2,55.1,29.6,100.0,64.2,87.0,94.2,86.6,93.9,90.5,93.4,18.312,5,5,5,34.344
17.15,4.0,41.291,61.286,41.667,60.155,126.10799999999999,128.882,65.2,55.1,29.6,100.0,64.2,87.0,94.2,86.6,93.9,90.5,93.4,18.689999999999998,5,5,5,34.342
17.17,4.0,40.967,61.931000000000004,41.553000000000004,60.262,126.046,128.718,65.2,55.1,29.6,100.0,64.2,87.0,94.2,86.6,93.9,90.5,93.4,18.582,5,5,5,34.338
17.19,4.0,41.721,61.658,41.609,60.375,125.95299999999999,128.69,65.2,55.1,29.6,100.0,64.2,87.0,94.2,86.6,93.9,90.5,93.4,18.793,5,5,5,34.338
17.21,4.0,40.662,62.02,41.569,60.515,125.92200000000001,128.649,65.2,55.1,29.6,100.0,64.2,87.0,94.2,86.6,93.9,90.5,93.4,18.942,5,5,5,34.339
17.23,4.0,40.583,61.81,41.799,60.637,125.844,128.485,65.2,55.1,29.6,100.0,64.2,87.0,94.2,86.6,93.9,90.5,93.4,18.33,5,5,5,34.32
17.25,4.0,40.813,61.36600000000001,41.455,60.913000000000004,125.79700000000001,128.622,65.2,55.1,29.6,100.0,64.2,87.0,94.2,86.6,93.9,90.5,93.4,17.817999999999998,5,5,5,34.313
17.27,4.0,41.11,61.405,41.143,60.735,125.641,128.361,65.2,55.1,29.6,100.0,64.2,87.0,94.2,86.6,93.9,90.5,93.4,17.606,5,5,5,34.311
17.29,4.0,40.571999999999996,61.54,41.454,60.62,125.516,128.32,65.2,55.1,29.6,100.0,64.2,87.0,94.2,86.6,93.9,90.525,93.4,17.52,5,5,5,34.31
17.31,4.0,40.621,61.16,41.45,61.17100000000001,125.501,128.32,65.2,55.1,29.6,100.0,64.2,87.0,94.2,86.6,93.9,90.602,93.4,17.372999999999998,5,5,5,34.31
17.33,4.0,40.381,61.49100000000001,41.407,61.044,125.40700000000001,128.14100000000002,65.2,55.1,29.6,100.0,64.2,87.0,94.2,86.6,93.9,90.645,93.4,17.607,5,5,5,34.314
17.35,4.0,40.577,61.5,41.439,61.101000000000006,125.43799999999999,128.155,65.2,55.1,29.6,100.0,64.2,87.0,94.2,86.6,93.9,90.669,93.4,18.338,5,5,5,34.309
17.37,4.0,40.458,61.575,41.459,61.17,125.32799999999999,128.1,65.2,55.1,29.6,100.0,64.2,87.0,94.2,86.6,93.9,90.682,93.4,18.526,5,5,5,34.313
17.39,4.0,40.537,61.306999999999995,41.414,61.26,125.265,128.003,65.2,55.1,29.6,100.0,64.2,87.0,94.2,86.6,93.9,90.69,93.4,18.595999999999997,5,5,5,34.302
17.41,4.0,39.985,61.455,41.299,60.585,125.18700000000001,127.934,65.2,55.1,29.6,100.0,64.2,87.0,94.2,86.625,93.9,90.694,93.4,18.716,5,5,5,34.306
17.43,4.0,40.268,61.485,41.278,60.523,125.155,127.851,65.2,55.1,29.6,100.0,64.2,87.0,94.2,86.702,93.987,90.697,93.4,18.538,5,5,5,34.306
17.45,4.0,40.19,61.843999999999994,41.396,61.012,125.124,127.75399999999999,65.2,55.1,29.6,100.0,64.2,87.0,94.2,86.745,94.03699999999999,90.69800000000001,93.4,18.134999999999998,5,5,5,34.305
17.47,4.0,39.876,61.361999999999995,41.467,61.133,124.98200000000001,127.685,65.2,55.1,29.6,100.0,64.2,87.0,94.2,86.76899999999999,94.064,90.699,93.4,17.663,5,5,5,34.304
17.49,4.0,39.937,61.048,41.446999999999996,61.341,124.95,127.74,65.2,55.1,29.6,100.0,64.2,87.0,94.2,86.782,94.08,90.699,93.4,17.595999999999997,5,5,5,34.295
17.51,4.0,40.44,61.106,41.135,61.007,124.887,127.588,65.2,55.1,29.6,100.0,64.2,87.0,94.2,86.79,94.089,90.7,93.4,17.594,5,5,5,34.292
17.53,4.0,39.926,61.427,41.282,60.931000000000004,124.777,127.574,65.2,55.1,29.6,100.0,64.2,87.0,94.2,86.794,94.094,90.7,93.4,17.642000000000003,5,5,5,34.293000000000006
17.55,4.0,40.241,61.285,41.155,60.629,124.697,127.51899999999999,65.2,55.1,29.6,100.0,64.2,87.0,94.2,86.797,94.096,90.7,93.4,17.987000000000002,5,5,5,34.293000000000006
17.57,4.0,40.281,60.771,41.022,60.494,124.634,127.40700000000001,65.2,55.1,29.6,100.0,64.2,87.0,94.2,86.798,94.098,90.7,93.4,18.652,5,5,5,34.293000000000006
17.59,4.0,40.0,61.342,41.249,60.755,124.618,127.324,65.2,55.1,29.6,100.0,64.2,87.0,94.2,86.79899999999999,94.09899999999999,90.7,93.4,18.677999999999997,5,5,5,34.295
17.61,4.0,40.063,60.748999999999995,41.141999999999996,61.032,124.507,127.296,65.2,55.1,29.6,100.0,64.2,87.0,94.2,86.79899999999999,94.09899999999999,90.7,93.4,18.341,5,5,5,34.29
17.63,4.0,39.757,61.358000000000004,41.255,61.18,124.443,127.15700000000001,65.2,55.1,29.6,100.0,64.2,87.0,94.2,86.8,94.1,90.7,93.4,16.897,5,5,5,34.29
17.65,4.0,39.928000000000004,60.867,40.996,60.836999999999996,124.38,127.185,65.2,55.1,29.6,100.0,64.2,87.0,94.2,86.8,94.1,90.7,93.4,17.384999999999998,5,5,5,34.297
17.67,4.0,39.441,60.916000000000004,41.012,60.871,124.3,127.115,65.2,55.1,29.6,100.0,64.2,87.0,94.2,86.8,94.1,90.7,93.4,16.823,5,5,5,34.303
17.69,4.0,39.803000000000004,60.763999999999996,40.935,60.611000000000004,124.22,126.961,65.2,55.1,29.6,100.0,64.2,87.0,94.2,86.8,94.1,90.7,93.4,15.772,5,5,5,34.301
17.71,4.0,39.622,60.883,40.931,60.93,124.14,126.835,65.2,55.1,29.6,100.0,64.2,87.0,94.2,86.8,94.1,90.7,93.469,16.564,5,5,5,34.303
17.73,4.0,39.736999999999995,60.833999999999996,40.946999999999996,60.86600000000001,123.948,126.79299999999999,65.2,55.1,29.6,100.0,64.2,87.0,94.2,86.8,94.1,90.7,93.52600000000001,15.787,5,5,5,34.302
17.75,4.0,39.225,61.425,41.086,61.003,124.02799999999999,126.765,65.2,55.1,29.6,100.0,64.2,87.0,94.2,86.8,94.1,90.7,93.558,15.454,5,5,5,34.294
17.77,4.0,39.438,61.382,40.916,61.04,123.98,126.583,65.2,55.1,29.6,100.0,64.2,87.0,94.2,86.8,94.1,90.7,93.577,16.310000000000002,5,5,5,34.288
17.79,4.0,39.308,61.312,40.968,60.833,123.9,126.751,65.2,55.1,29.6,100.0,64.2,87.0,94.2,86.8,94.1,90.7,93.587,15.096,5,5,5,34.287
17.81,4.0,39.479,60.72,40.802,60.791000000000004,123.804,126.611,65.2,55.1,29.6,100.0,64.2,87.0,94.2,86.8,94.1,90.7,93.593,15.603,5,5,5,34.284000000000006
17.83,4.0,39.31,61.036,40.91,60.803999999999995,123.852,126.555,65.2,55.1,29.6,100.0,64.2,87.0,94.2,86.8,94.1,90.7,93.596,15.753,5,5,5,34.283
17.85,4.0,39.531,60.298,40.925,62.181999999999995,123.755,126.555,65.2,55.1,29.6,100.0,64.2,87.0,94.2,86.8,94.1,90.7,93.598,14.603,5,5,5,34.284000000000006
17.87,4.0,38.964,61.273,40.937,62.104,123.723,126.541,65.2,55.1,29.6,100.0,64.2,87.0,94.2,86.8,94.1,90.7,93.59899999999999,15.27,5,5,5,34.284000000000006
17.89,4.0,38.861,60.907,41.088,63.69,123.61,126.484,65.2,55.1,29.6,100.0,64.2,87.0,94.2,86.8,94.1,90.7,93.59899999999999,14.945,5,5,5,34.223
17.91,4.0,39.338,60.907,40.729,63.669,123.49700000000001,126.37200000000001,65.2,55.1,29.6,100.0,64.2,87.0,94.2,86.8,94.1,90.7,93.6,14.191,5,5,5,34.104
17.93,4.0,39.037,60.808,40.787,65.09700000000001,123.43299999999999,126.23100000000001,65.2,55.1,29.6,100.0,64.2,87.0,94.2,86.8,94.1,90.7,93.6,15.295,5,5,5,34.083
17.95,4.0,39.05,60.663000000000004,40.792,63.92100000000001,123.384,126.18799999999999,65.2,55.1,29.6,100.0,64.2,87.0,94.2,86.8,94.1,90.7,93.6,14.651,5,5,5,34.001999999999995
17.97,4.0,38.758,61.035,40.84,64.68199999999999,123.287,126.23100000000001,65.2,55.1,29.6,100.0,64.2,87.0,94.2,86.8,94.1,90.7,93.6,14.097999999999999,5,5,5,33.989999999999995
17.99,4.0,38.678000000000004,60.306999999999995,40.843,63.695,123.206,126.146,65.2,55.1,29.6,100.0,64.2,87.0,94.2,86.8,94.1,90.7,93.6,15.176,5,5,5,33.993
18.01,4.0,38.825,61.106,40.696,63.873999999999995,123.15700000000001,126.146,65.2,55.1,29.6,100.0,64.2,87.0,94.2,86.8,94.1,90.7,93.6,14.141,5,5,5,33.980999999999995
18.03,4.0,38.887,60.577,40.554,63.847,123.141,126.118,65.2,55.1,29.6,100.0,64.2,87.0,94.2,86.8,94.1,90.7,93.6,14.687000000000001,5,5,5,33.986000000000004
18.05,4.0,39.043,61.123999999999995,40.39,63.504,123.04299999999999,125.99,65.2,55.1,29.6,100.0,64.2,87.0,94.2,86.8,94.1,90.7,93.6,15.015,5,5,5,33.984
18.07,4.0,38.563,60.699,40.688,63.718999999999994,123.01100000000001,125.905,65.2,55.1,29.6,100.0,64.2,87.0,94.2,86.8,94.1,90.7,93.6,13.78,5,5,5,33.983000000000004
18.09,4.0,38.736,60.659,40.672,63.211000000000006,122.913,125.84899999999999,65.2,55.1,29.6,100.0,64.2,87.0,94.2,86.8,94.1,90.7,93.6,14.475,5,5,5,33.985
18.11,4.0,38.583,60.61600000000001,40.809,63.121,122.88,125.749,65.2,55.1,29.6,100.0,64.2,87.0,94.2,86.8,94.1,90.7,93.6,14.495,5,5,5,33.986999999999995
18.13,4.0,38.955,60.676,40.657,62.611999999999995,122.78200000000001,125.76299999999999,65.2,55.1,29.6,100.0,64.2,87.0,94.2,86.8,94.1,90.7,93.6,13.655,5,5,5,33.986000000000004
18.15,4.0,38.222,60.841,40.554,62.114,122.766,125.62100000000001,65.2,55.1,29.6,100.0,64.2,87.0,94.2,86.8,94.1,90.7,93.6,14.895,5,5,5,33.991
18.17,4.0,38.255,60.566,40.64,61.736999999999995,122.586,125.536,65.2,55.1,29.6,100.0,64.2,87.0,94.2,86.8,94.1,90.7,93.6,14.068999999999999,5,5,5,33.995999999999995
18.19,4.0,38.325,60.788000000000004,40.495,61.306000000000004,122.602,125.336,65.2,55.1,29.6,100.0,64.2,87.0,94.2,86.8,94.1,90.7,93.6,13.808,5,5,5,33.993
18.21,4.0,38.313,60.721000000000004,40.375,61.26,122.602,125.564,65.2,55.1,29.6,100.0,64.2,87.0,94.2,86.8,94.1,90.7,93.6,14.917,5,5,5,34.022
18.23,4.0,38.31,60.125,40.596,60.91,122.635,125.493,65.2,55.1,29.6,100.0,64.2,87.0,94.2,86.8,94.1,90.7,93.6,13.935,5,5,5,34.039
18.25,4.0,38.412,60.395,40.426,60.443999999999996,122.37200000000001,125.39299999999999,65.2,55.1,29.6,100.0,64.2,87.0,94.2,86.8,94.1,90.7,93.6,14.302,5,5,5,34.053
18.27,4.0,38.096,60.638999999999996,40.497,59.68,122.306,125.40700000000001,65.2,55.1,29.6,100.0,64.2,87.0,94.2,86.8,94.1,90.7,93.6,14.884,5,5,5,34.071
18.29,4.0,38.174,60.79600000000001,40.388000000000005,60.331,122.37200000000001,125.322,65.2,55.1,29.6,100.0,64.2,87.0,94.2,86.8,94.1,90.7,93.6,13.718,5,5,5,34.061
18.31,4.0,37.764,59.847,40.361999999999995,59.933,122.323,125.236,65.2,55.1,29.6,100.0,64.2,87.0,94.2,86.8,94.1,90.7,93.6,14.477,5,5,5,34.053
18.33,4.0,37.806999999999995,60.489,40.404,60.423,122.191,125.236,65.2,55.1,29.6,100.0,64.2,87.0,94.2,86.8,94.1,90.7,93.6,14.472000000000001,5,5,5,34.057
18.35,4.0,37.981,60.196999999999996,40.359,60.54600000000001,122.15799999999999,125.10700000000001,65.2,55.1,29.6,100.0,64.2,87.0,94.2,86.8,94.1,90.7,93.6,13.592,5,5,5,34.054
18.37,4.0,38.260999999999996,60.162,40.213,60.89,122.10799999999999,124.992,65.2,55.1,29.6,100.0,64.2,87.0,94.2,86.8,94.1,90.7,93.6,14.919,5,5,5,34.057
18.39,4.0,38.065,60.35,40.325,60.397,122.025,124.964,65.2,55.1,29.6,100.0,64.2,87.0,94.2,86.8,94.1,90.7,93.6,14.022,5,5,5,34.055
18.41,4.0,38.146,60.33,40.371,60.263000000000005,122.025,125.021,65.2,55.1,29.6,100.0,64.2,87.0,94.2,86.8,94.1,90.7,93.6,13.74,5,5,5,34.055
18.43,4.0,37.566,59.941,40.421,60.169,121.926,124.906,65.2,55.1,29.6,100.0,64.2,87.0,94.2,86.8,94.1,90.7,93.6,14.738,5,5,5,34.05800000000001
18.45,4.0,37.816,60.275,40.405,60.193999999999996,121.82600000000001,124.84899999999999,65.2,55.1,29.6,100.0,64.2,87.0,94.2,86.8,94.1,90.7,93.6,13.863999999999999,5,5,5,34.056
18.47,4.0,37.933,60.077,40.448,60.406000000000006,121.86,124.806,65.2,55.1,29.6,100.0,64.2,87.0,94.2,86.8,94.1,90.7,93.6,14.505,5,5,5,34.055
18.49,4.0,37.486999999999995,60.211999999999996,40.238,60.523999999999994,121.66,124.74799999999999,65.2,55.1,29.6,100.0,64.2,87.0,94.2,86.8,94.1,90.7,93.6,14.999,5,5,5,34.056
18.51,4.0,38.146,60.395,40.156,60.714,121.61,124.74799999999999,65.2,55.1,29.6,100.0,64.2,87.0,94.2,86.8,94.1,90.7,93.6,13.729,5,5,5,34.059
18.53,4.0,37.412,60.007,40.328,60.614,121.56,124.647,65.2,55.1,29.6,100.0,64.2,87.0,94.26899999999999,86.8,94.1,90.7,93.6,14.595,5,5,5,34.053
18.55,4.0,37.426,60.037,40.093,60.519,121.56,124.47399999999999,65.2,55.1,29.6,100.0,64.2,87.0,94.32600000000001,86.8,94.1,90.7,93.6,14.442,5,5,5,34.061
18.57,4.0,37.536,59.911,40.165,60.543,121.46,124.488,65.2,55.1,29.6,100.0,64.2,87.0,94.358,86.8,94.1,90.7,93.6,13.498,5,5,5,34.061
18.59,4.0,37.159,60.068000000000005,40.323,60.788999999999994,121.27600000000001,124.37299999999999,65.2,55.1,29.6,100.0,64.2,87.0,94.377,86.8,94.1,90.7,93.6,13.974,5,5,5,34.054
18.61,4.0,37.354,60.158,40.14,60.82899999999999,121.32600000000001,124.3,65.2,55.1,29.6,100.0,64.2,87.0,94.387,86.8,94.1,90.7,93.6,14.693,5,5,5,34.05800000000001
18.63,4.0,37.272,60.037,40.092,61.169,121.27600000000001,124.228,65.2,55.1,29.6,100.0,64.2,87.0,94.393,86.8,94.1,90.7,93.6,14.097999999999999,5,5,5,34.056
18.65,4.0,37.009,59.827,40.061,61.271,121.292,124.199,65.2,55.1,29.6,100.0,64.2,87.0,94.396,86.8,94.1,90.7,93.6,13.677,5,5,5,34.06
18.67,4.0,37.137,59.783,40.161,61.137,121.15799999999999,124.213,65.2,55.1,29.6,100.0,64.2,87.0,94.398,86.8,94.1,90.7,93.6,14.849,5,5,5,34.065
18.69,4.0,37.283,59.818999999999996,40.025999999999996,60.688,121.007,123.96600000000001,65.2,55.1,29.6,100.0,64.2,87.0,94.399,86.8,94.1,90.7,93.6,14.001,5,5,5,34.062
18.71,4.0,37.253,60.613,39.823,60.771,120.956,124.17,65.2,55.1,29.6,100.0,64.2,87.0,94.399,86.8,94.1,90.7,93.6,14.476,5,5,5,34.066
18.73,4.0,36.954,60.133,39.996,61.174,120.973,124.053,65.2,55.1,29.6,100.0,64.2,87.0,94.4,86.8,94.1,90.7,93.6,14.943999999999999,5,5,5,34.066
18.75,4.0,36.874,59.988,39.888000000000005,61.416000000000004,120.92200000000001,123.98100000000001,65.2,55.1,29.6,100.0,64.2,87.0,94.4,86.8,94.1,90.7,93.6,13.763,5,5,5,34.06
18.77,4.0,37.003,59.748999999999995,40.117,61.696000000000005,120.956,123.95200000000001,65.2,55.1,29.6,100.0,64.2,87.0,94.4,86.8,94.1,90.7,93.6,14.583,5,5,5,34.055
18.79,4.0,37.336,59.755,39.979,61.133,120.838,123.86399999999999,65.2,55.1,29.6,100.0,64.2,87.0,94.4,86.8,94.1,90.7,93.6,14.577,5,5,5,34.059
18.81,4.0,36.711,60.016000000000005,39.918,61.006,120.77,123.806,65.2,55.1,29.6,100.0,64.2,87.0,94.4,86.8,94.1,90.7,93.6,13.578,5,5,5,34.05800000000001
18.83,4.0,36.525999999999996,59.825,39.809,60.895,120.685,123.762,65.2,55.1,29.6,100.0,64.2,87.0,94.4,86.8,94.1,90.7,93.6,14.568,5,5,5,34.06
18.85,4.0,36.388999999999996,59.58,39.928000000000004,61.088,120.635,123.71799999999999,65.3,55.1,29.6,100.0,64.2,87.0,94.4,86.8,94.1,90.7,93.6,14.103,5,5,5,34.05800000000001
18.87,4.0,36.576,59.525,39.821,61.318000000000005,120.618,123.572,65.3,55.1,29.6,100.0,64.2,87.0,94.4,86.8,94.1,90.7,93.6,13.679,5,5,5,34.059
18.89,4.0,36.074,59.516000000000005,39.86,61.488,120.48200000000001,123.51299999999999,65.3,55.1,29.6,100.0,64.2,87.0,94.4,86.8,94.1,90.7,93.6,14.732000000000001,5,5,5,34.056
18.91,4.0,36.384,59.98,39.857,61.56,120.37899999999999,123.52799999999999,65.3,55.1,29.6,100.0,64.2,87.0,94.4,86.8,94.1,90.7,93.6,14.066,5,5,5,34.056
18.93,4.0,36.454,59.95,39.883,61.098,120.414,123.425,65.3,55.1,29.6,100.0,64.2,87.0,94.4,86.8,94.1,90.7,93.6,14.059,5,5,5,34.054
18.95,4.0,36.685,59.99,39.814,61.07899999999999,120.32799999999999,123.44,65.3,55.1,29.6,100.0,64.2,87.0,94.4,86.8,94.1,90.7,93.6,14.869,5,5,5,34.05800000000001
18.97,4.0,36.221999999999994,59.973,39.938,61.012,120.12299999999999,123.381,65.3,55.1,29.6,100.0,64.2,87.0,94.4,86.8,94.1,90.7,93.6,13.777000000000001,5,5,5,34.056
18.99,4.0,36.355999999999995,59.32899999999999,39.745,60.928000000000004,120.10600000000001,123.175,65.3,55.1,29.6,100.0,64.2,87.0,94.4,86.8,94.1,90.7,93.6,14.294,5,5,5,34.055
19.01,4.0,36.215999999999994,59.61600000000001,39.785,61.318000000000005,120.089,123.30799999999999,65.3,55.1,29.6,100.0,64.2,87.0,94.4,86.8,94.1,90.7,93.6,14.622,5,5,5,34.056
19.03,4.0,36.230999999999995,59.458999999999996,39.689,61.556999999999995,120.089,123.102,65.3,55.1,29.6,100.0,64.2,87.0,94.4,86.8,94.1,90.7,93.6,13.583,5,5,5,34.059
19.05,4.0,36.009,59.611999999999995,39.871,61.782,119.986,123.01299999999999,65.3,55.1,29.6,100.0,64.2,87.0,94.4,86.8,94.1,90.7,93.6,14.5,5,5,5,34.054
19.07,4.0,36.125,59.64,39.808,61.251000000000005,119.84899999999999,123.02799999999999,65.3,55.1,29.6,100.0,64.2,87.087,94.4,86.8,94.1,90.7,93.6,14.121,5,5,5,34.052
19.09,4.0,35.986000000000004,59.483999999999995,39.738,61.001000000000005,119.866,123.117,65.3,55.1,29.6,100.0,64.2,87.137,94.4,86.8,94.1,90.7,93.6,13.487,5,5,5,34.06
19.11,4.0,35.888999999999996,59.708,39.760999999999996,60.662,119.969,122.954,65.3,55.1,29.6,100.0,64.2,87.164,94.4,86.8,94.1,90.7,93.6,14.619,5,5,5,34.056
19.13,4.0,35.814,59.397,39.751,61.187,119.64200000000001,122.74700000000001,65.3,55.1,29.6,100.0,64.2,87.18,94.4,86.8,94.1,90.7,93.6,14.095,5,5,5,34.057
19.15,4.0,35.833,59.72,39.735,61.638999999999996,119.64200000000001,122.895,65.3,55.1,29.6,100.0,64.2,87.189,94.4,86.8,94.1,90.7,93.6,13.911,5,5,5,34.055
19.17,4.0,35.703,59.519,39.676,62.001000000000005,119.694,122.821,65.3,55.1,29.6,100.0,64.2,87.194,94.4,86.8,94.1,90.7,93.6,14.899,5,5,5,34.054
19.19,4.0,35.704,59.263999999999996,39.64,62.846000000000004,119.573,122.73200000000001,65.3,55.1,29.6,100.0,64.2,87.196,94.4,86.8,94.1,90.7,93.6,13.975,5,5,5,34.05800000000001
19.21,4.0,35.954,58.942,39.478,63.426,119.573,122.67299999999999,65.3,55.1,29.6,100.0,64.2,87.19800000000001,94.4,86.8,94.1,90.7,93.6,14.545,5,5,5,33.995999999999995
19.23,4.0,35.542,59.181999999999995,39.626999999999995,64.13399999999999,119.521,122.569,65.3,55.1,29.6,100.0,64.2,87.199,94.4,86.8,94.1,90.7,93.6,14.927999999999999,5,5,5,33.980000000000004
19.25,4.0,35.794,59.238,39.641999999999996,63.169,119.434,122.64299999999999,65.3,55.1,29.6,100.0,64.2,87.199,94.4,86.8,94.1,90.7,93.6,13.719,5,5,5,33.934
19.27,4.0,35.549,59.653999999999996,39.589,64.12899999999999,119.295,122.376,65.3,55.1,29.6,100.0,64.2,87.2,94.4,86.8,94.1,90.7,93.6,14.516,5,5,5,33.919
19.29,4.0,35.812,59.095,39.388000000000005,63.43600000000001,119.295,122.51,65.3,55.1,29.6,100.0,64.2,87.2,94.4,86.8,94.1,90.7,93.6,14.336,5,5,5,33.923
19.31,6.0,35.214,59.496,39.393,63.68899999999999,119.156,122.346,65.3,55.1,29.6,100.0,64.2,87.2,94.4,86.8,94.1,90.7,93.6,13.579,5,5,5,33.917
19.33,6.0,35.224000000000004,59.283,39.507,58.419,119.208,122.346,65.3,55.1,29.6,100.0,64.2,87.2,94.4,86.8,94.1,90.7,93.6,14.799,5,5,5,33.911
19.35,6.0,35.247,59.371,39.356,59.18899999999999,119.12100000000001,122.226,65.3,55.1,29.6,100.0,64.2,87.2,94.4,86.8,94.1,90.7,93.6,14.113999999999999,5,5,5,34.052
19.37,6.0,35.012,58.981,39.236,48.534,119.016,122.226,65.3,55.1,29.6,100.0,64.2,87.2,94.4,86.8,94.1,90.7,93.6,13.708,5,5,5,34.684
19.39,6.0,34.711,58.747,39.512,37.722,118.947,122.256,65.3,55.1,29.6,100.0,64.2,87.2,94.4,86.8,94.1,90.7,93.6,14.738999999999999,5,5,5,36.101
19.41,6.0,34.67,59.4,39.402,30.541,118.84100000000001,122.152,65.3,55.1,29.6,100.0,64.2,87.2,94.4,86.8,94.1,90.7,93.6,14.084,5,5,5,37.672
19.43,6.0,34.804,59.218999999999994,39.452,25.146,118.859,121.98700000000001,65.3,55.1,29.6,100.0,64.2,87.2,94.4,86.8,94.1,90.7,93.6,14.139,5,5,5,38.994
19.45,6.0,34.929,58.754,39.133,44.957,118.859,121.927,65.3,55.1,29.6,100.0,64.2,87.2,94.4,86.8,94.1,90.7,93.6,14.887,5,5,5,40.036
19.47,6.0,34.815,58.648999999999994,39.485,43.791,118.876,121.897,65.3,55.1,29.6,100.0,64.2,87.2,94.4,86.8,94.1,90.7,93.6,13.896,5,5,5,40.738
19.49,6.0,34.918000000000006,58.114,39.356,53.091,118.75399999999999,121.67200000000001,65.3,55.1,29.6,100.0,64.2,87.2,94.4,86.8,94.1,90.7,93.6,14.847999999999999,5,5,5,41.239000000000004
19.51,6.0,34.682,57.571000000000005,39.119,56.608000000000004,118.719,121.656,65.3,55.1,29.6,100.0,64.2,87.2,94.4,86.8,94.1,90.7,93.6,14.975,5,5,5,41.653999999999996
19.53,6.0,34.979,57.063,39.37,55.847,118.70100000000001,121.354,65.3,55.1,29.6,100.0,64.2,87.2,94.4,86.8,94.1,90.7,93.6,13.933,5,5,5,41.945
19.55,6.0,34.956,56.625,39.342,54.162,118.57799999999999,121.339,65.3,55.1,29.6,100.0,64.2,87.2,94.4,86.8,94.1,90.7,93.6,14.92,5,5,5,42.146
19.57,6.0,34.695,56.187,39.363,63.663999999999994,118.595,121.15700000000001,65.3,55.1,29.6,100.0,64.2,87.2,94.4,86.85,94.1,90.7,93.6,14.402999999999999,5,5,5,42.306999999999995
19.59,6.0,34.900999999999996,55.458999999999996,39.369,56.262,118.47200000000001,120.99,65.3,55.1,29.6,100.0,64.2,87.2,94.4,86.916,94.1,90.7,93.6,14.394,5,5,5,42.461
19.61,6.0,34.824,54.994,39.398,58.861999999999995,118.454,120.868,65.3,55.1,29.6,100.0,64.2,87.2,94.4,86.953,94.1,90.7,93.6,14.886000000000001,5,5,5,42.617
19.63,6.0,34.911,54.437,39.254,59.161,118.366,120.868,65.3,55.1,29.6,100.0,64.2,87.2,94.4,86.973,94.1,90.7,93.6,15.187999999999999,5,5,5,42.764
19.65,6.0,34.68300000000001,54.299,39.225,60.836000000000006,118.331,120.609,65.3,55.1,29.6,100.0,64.2,87.2,94.4,86.985,94.1,90.7,93.6,13.941,5,5,5,42.919000000000004
19.67,6.0,34.897,53.69,39.402,57.06,118.242,120.73100000000001,65.3,55.1,29.6,100.0,64.2,87.2,94.4,86.992,94.1,90.7,93.6,15.12,5,5,5,43.071999999999996
19.69,6.0,34.730999999999995,53.792,39.234,54.818000000000005,118.242,120.56299999999999,65.3,55.1,29.6,100.0,64.2,87.2,94.4,86.995,94.1,90.7,93.6,14.389,5,5,5,43.199
19.71,6.0,34.884,53.168,39.498000000000005,59.086000000000006,118.22399999999999,120.501,65.3,55.1,29.6,100.0,64.2,87.2,94.4,86.997,94.1,90.7,93.6,14.147,5,5,5,43.342
19.73,6.0,34.446,52.592,39.29,57.631,118.08200000000001,120.501,65.3,55.1,29.6,100.0,64.2,87.2,94.4,86.999,94.188,90.7,93.6,15.376,5,5,5,43.491
19.75,6.0,34.415,52.498999999999995,39.329,61.771,118.22399999999999,120.471,65.3,55.1,29.6,100.0,64.2,87.2,94.4,86.999,94.237,90.7,93.6,14.587,5,5,5,43.667
19.77,6.0,34.715999999999994,51.957,39.367,59.688,118.029,120.348,65.3,55.1,29.6,100.0,64.2,87.2,94.4,87.0,94.264,90.7,93.6,15.021,5,5,5,43.836
19.79,6.0,34.95,51.919,39.382,59.103,118.01100000000001,120.271,65.3,55.1,29.6,100.0,64.2,87.2,94.4,87.0,94.28,90.7,93.6,15.103,5,5,5,44.001
19.81,6.0,33.93300000000001,52.61600000000001,39.508,60.56100000000001,117.94,120.33200000000001,65.3,55.1,29.6,100.0,64.2,87.2,94.4,87.0,94.289,90.7,93.6,13.856,5,5,5,44.146
19.83,6.0,34.56699999999999,52.135,39.19,59.92,117.851,120.39399999999999,65.3,55.1,29.6,100.0,64.2,87.2,94.4,87.0,94.294,90.7,93.6,14.714,5,5,5,44.297
19.85,6.0,34.05800000000001,51.968,39.144,62.117,117.815,120.24,65.3,55.1,29.6,100.0,64.2,87.2,94.4,87.0,94.296,90.7,93.6,14.192,5,5,5,44.501
19.87,6.0,34.003,51.827,39.281,61.99,117.743,120.24,65.3,55.1,29.6,100.0,64.2,87.2,94.4,87.0,94.298,90.7,93.6,13.919,5,5,5,44.644
19.89,6.0,34.025999999999996,51.589,39.306999999999995,59.658,117.726,120.132,65.3,55.1,29.6,100.0,64.2,87.2,94.4,87.0,94.29899999999999,90.7,93.6,14.846,5,5,5,44.811
19.91,6.0,34.427,51.788000000000004,39.131,60.783,117.63600000000001,120.117,65.3,55.1,29.6,100.0,64.2,87.2,94.4,87.0,94.29899999999999,90.7,93.6,13.657,5,5,5,44.978
19.93,6.0,34.116,51.818000000000005,39.253,60.332,117.52799999999999,120.132,65.3,55.1,29.6,100.0,64.2,87.2,94.4,87.0,94.3,90.7,93.6,14.079,5,5,5,45.155
19.95,6.0,33.624,51.63,39.285,62.586999999999996,117.618,120.055,65.3,55.1,29.6,100.0,64.2,87.2,94.4,87.0,94.3,90.7,93.6,14.545,5,5,5,45.288000000000004
19.97,6.0,33.315,51.55,39.274,64.904,117.456,119.978,65.3,55.1,29.6,100.0,64.2,87.2,94.4,87.0,94.3,90.7,93.6,13.349,5,5,5,45.474000000000004
19.99,6.0,33.866,51.41,39.111999999999995,60.51,117.456,120.009,65.3,55.1,29.6,100.0,64.2,87.2,94.4,87.0,94.3,90.7,93.6,14.353,5,5,5,45.633
20.01,6.0,33.756,51.493,39.281,61.57899999999999,117.47399999999999,119.885,65.3,55.1,29.6,100.0,64.2,87.2,94.4,87.0,94.3,90.7,93.6,13.756,5,5,5,45.808
20.03,6.0,33.596999999999994,51.336999999999996,39.076,60.615,117.366,119.947,65.3,55.1,29.6,100.0,64.2,87.2,94.4,87.0,94.3,90.7,93.6,13.442,5,5,5,45.973
20.05,6.0,33.662,51.33,38.994,62.324,117.204,119.962,65.3,55.1,29.6,100.0,64.2,87.2,94.4,87.0,94.3,90.7,93.6,14.472999999999999,5,5,5,46.117
20.07,6.0,33.274,51.781000000000006,38.995,62.427,117.27600000000001,119.77600000000001,65.3,55.1,29.6,100.0,64.2,87.2,94.4,87.0,94.3,90.7,93.6,13.759,5,5,5,46.275999999999996
20.09,6.0,33.384,50.681000000000004,39.099000000000004,62.522,117.059,119.68299999999999,65.3,55.1,29.6,100.0,64.2,87.2,94.4,87.0,94.3,90.7,93.6,14.302,5,5,5,46.446999999999996
20.11,6.0,33.667,50.835,38.999,65.35499999999999,117.041,119.745,65.3,55.1,29.6,100.0,64.2,87.2,94.4,87.0,94.3,90.7,93.6,14.466000000000001,5,5,5,46.61
20.13,6.0,33.388999999999996,50.739,38.934,62.635,116.932,119.68299999999999,65.3,55.1,29.6,100.0,64.2,87.2,94.4,87.0,94.3,90.7,93.6,13.453,5,5,5,46.766999999999996
20.15,6.0,33.122,51.549,38.832,63.913999999999994,116.932,119.52799999999999,65.3,55.1,29.6,100.0,64.2,87.2,94.4,87.0,94.3,90.7,93.6,14.72,5,5,5,46.915
20.17,6.0,33.334,50.45399999999999,38.834,65.89500000000001,117.023,119.574,65.3,55.1,29.6,100.0,64.2,87.2,94.4,87.0,94.3,90.7,93.6,13.897,5,5,5,47.054
20.19,6.0,33.235,50.748999999999995,38.924,62.544,116.986,119.54299999999999,65.3,55.1,29.6,100.0,64.2,87.2,94.4,87.0,94.3,90.78699999999999,93.6,13.75,5,5,5,47.21
20.21,6.0,33.21,50.602,38.74,64.207,116.76799999999999,119.52799999999999,65.3,55.1,29.6,100.0,64.2,87.2,94.4,87.0,94.3,90.837,93.6,14.829,5,5,5,47.351
20.23,6.0,33.132,50.493,38.707,64.005,116.87700000000001,119.37200000000001,65.3,55.1,29.6,100.0,64.2,87.2,94.4,87.0,94.3,90.86399999999999,93.6,13.638,5,5,5,47.466
20.25,6.0,32.952,50.733999999999995,38.73,62.665,116.84100000000001,119.309,65.3,55.1,29.6,100.0,64.2,87.2,94.4,87.0,94.3,90.88,93.6,14.264,5,5,5,47.619
20.27,6.0,32.94199999999999,51.196000000000005,38.861,66.32300000000001,116.76799999999999,119.184,65.3,55.1,29.6,100.0,64.2,87.2,94.4,87.0,94.3,90.889,93.6,14.356,5,5,5,47.775999999999996
20.29,6.0,32.995999999999995,50.625,38.615,64.896,116.64,119.24600000000001,65.3,55.1,29.6,100.0,64.2,87.2,94.4,87.0,94.3,90.89399999999999,93.6,13.365,5,5,5,47.895
20.31,6.0,32.769000000000005,50.427,38.629,63.808,116.603,119.152,65.3,55.1,29.6,100.0,64.2,87.2,94.4,87.0,94.3,90.896,93.6,14.664,5,5,5,48.03
20.33,6.0,32.939,49.933,38.683,64.71600000000001,116.603,119.12100000000001,65.3,55.1,29.6,100.0,64.2,87.2,94.4,87.0,94.3,90.898,93.6,13.872,5,5,5,48.169000000000004
20.35,6.0,32.411,50.275,38.616,63.335,116.383,118.98,65.3,55.1,29.6,100.0,64.2,87.2,94.4,87.0,94.3,90.899,93.6,14.017000000000001,5,5,5,48.255
20.37,6.0,32.491,50.007,38.621,64.801,116.42,119.04299999999999,65.3,55.1,29.6,100.0,64.2,87.2,94.4,87.0,94.3,90.899,93.6,14.629,5,5,5,48.41
20.39,6.0,32.712,50.071999999999996,38.539,66.851,116.236,119.04299999999999,65.3,55.1,29.6,100.0,64.2,87.2,94.4,87.0,94.3,90.9,93.6,13.673,5,5,5,48.54
20.41,6.0,32.495999999999995,49.818999999999996,38.69,63.525,116.291,119.027,65.3,55.1,29.6,100.0,64.2,87.2,94.4,87.0,94.3,90.9,93.6,14.293,5,5,5,48.691
20.43,6.0,32.153000000000006,50.177,38.574,63.802,116.21799999999999,118.822,65.3,55.1,29.6,100.0,64.2,87.2,94.4,87.0,94.3,90.9,93.669,14.229,5,5,5,48.775999999999996
20.45,6.0,32.33,50.083999999999996,38.509,63.27,116.181,118.822,65.3,55.1,29.6,100.0,64.2,87.2,94.4,87.0,94.3,90.9,93.726,13.356,5,5,5,48.912
20.47,6.0,32.239000000000004,49.964,38.254,64.891,116.181,118.87,65.3,55.1,29.6,100.0,64.2,87.2,94.4,87.0,94.3,90.9,93.758,14.752,5,5,5,49.05
20.49,6.0,32.676,49.922,38.455,66.623,116.03299999999999,118.838,65.3,55.1,29.6,100.0,64.2,87.2,94.4,87.0,94.3,90.9,93.777,13.856,5,5,5,49.181999999999995
20.51,6.0,31.555999999999997,49.448,38.455,63.722,116.125,118.664,65.3,55.1,29.6,100.0,64.2,87.2,94.4,87.0,94.3,90.9,93.78699999999999,14.231,5,5,5,49.275999999999996
20.53,6.0,31.776999999999997,49.751000000000005,38.58,63.715,115.977,118.775,65.3,55.1,29.6,100.0,64.2,87.2,94.4,87.0,94.3,90.9,93.793,14.702,5,5,5,49.384
20.55,6.0,31.756999999999998,49.525,38.412,62.958,115.99600000000001,118.554,65.3,55.1,29.6,100.0,64.2,87.2,94.4,87.0,94.3,90.9,93.796,13.652000000000001,5,5,5,49.524
20.57,6.0,31.829,49.302,38.363,63.201,116.051,118.664,65.3,55.1,29.6,100.0,64.2,87.2,94.4,87.0,94.3,90.9,93.798,14.193999999999999,5,5,5,49.641
20.59,6.0,31.443,49.718,38.481,64.607,115.90299999999999,118.506,65.3,55.1,29.6,100.0,64.2,87.2,94.4,87.0,94.3,90.9,93.79899999999999,13.765,5,5,5,49.782
20.61,6.0,31.794,49.398999999999994,38.429,66.001,115.84700000000001,118.49,65.3,55.1,29.6,100.0,64.2,87.2,94.4,87.0,94.3,90.9,93.79899999999999,13.517000000000001,5,5,5,49.914
20.63,6.0,31.613000000000003,49.592,38.384,63.983000000000004,115.736,118.427,65.3,55.1,29.6,100.0,64.2,87.2,94.4,87.0,94.3,90.9,93.8,13.168,5,5,5,49.994
20.65,6.0,31.684,49.321000000000005,38.396,64.62,115.71700000000001,118.475,65.3,55.1,29.6,100.0,64.2,87.2,94.4,87.0,94.3,90.9,93.8,13.527000000000001,5,5,5,50.114000000000004
20.67,6.0,31.02,49.145,38.358000000000004,64.055,115.75399999999999,118.427,65.3,55.1,29.6,100.0,64.2,87.2,94.4,87.0,94.3,90.9,93.8,12.466000000000001,5,5,5,50.208
20.69,6.0,31.895,49.099,38.249,67.46000000000001,115.68,118.363,65.3,55.1,29.6,100.0,64.2,87.2,94.4,87.0,94.3,90.9,93.8,13.384,5,5,5,50.351
20.71,6.0,31.688000000000002,49.136,38.365,64.541,115.699,118.316,65.3,55.1,29.6,100.0,64.2,87.2,94.4,87.0,94.3,90.9,93.8,12.109,5,5,5,50.469
20.73,6.0,31.456,49.521,38.385,65.596,115.624,118.18799999999999,65.3,55.1,29.6,100.0,64.2,87.2,94.4,87.0,94.3,90.9,93.8,12.597000000000001,5,5,5,50.585
20.75,6.0,31.14,49.013000000000005,38.545,66.155,115.568,118.28399999999999,65.3,55.1,29.6,100.0,64.2,87.2,94.4,87.0,94.3,90.9,93.8,12.506,5,5,5,50.696
20.77,6.0,31.46,49.056999999999995,38.442,64.75800000000001,115.381,118.09299999999999,65.3,55.1,29.6,100.0,64.2,87.2,94.4,87.0,94.3,90.9,93.8,12.242999999999999,5,5,5,50.784
20.79,6.0,30.899,49.295,38.326,68.19200000000001,115.399,118.3,65.3,55.1,29.6,100.0,64.2,87.2,94.4,87.0,94.3,90.9,93.8,12.597999999999999,5,5,5,50.884
20.81,6.0,31.194000000000003,49.575,38.416,67.44800000000001,115.43700000000001,118.109,65.3,55.1,29.6,100.0,64.2,87.2,94.4,87.0,94.3,90.9,93.8,11.978,5,5,5,50.972
20.83,6.0,30.838,49.088,38.339,65.311,115.26799999999999,118.01299999999999,65.3,55.1,29.6,100.0,64.2,87.2,94.4,87.0,94.3,90.9,93.8,12.448,5,5,5,51.074
20.85,6.0,31.135,49.056999999999995,38.372,67.001,115.306,118.029,65.4,55.1,29.5,100.0,64.2,87.2,94.4,87.0,94.3,90.9,93.8,11.383,5,5,5,51.145
20.87,6.0,30.660999999999998,48.876000000000005,38.33,65.709,115.306,117.98100000000001,65.4,55.1,29.5,100.0,64.2,87.2,94.4,87.0,94.3,90.9,93.8,12.578,5,5,5,51.258
20.89,6.0,31.063000000000002,49.636,38.226,67.94300000000001,115.17399999999999,117.853,65.4,55.1,29.5,100.0,64.2,87.2,94.4,87.0,94.3,90.9,93.8,11.318999999999999,5,5,5,51.352
20.91,6.0,30.491,49.128,38.339,70.157,115.117,117.837,65.4,55.1,29.5,100.0,64.2,87.2,94.4,87.0,94.3,90.9,93.8,11.824,5,5,5,51.43
20.93,6.0,31.0,48.692,38.234,67.041,115.13600000000001,117.741,65.4,55.1,29.5,100.0,64.2,87.2,94.4,87.0,94.3,90.9,93.8,11.693999999999999,5,5,5,51.522
20.95,6.0,30.985,48.643,38.239000000000004,66.97800000000001,114.96600000000001,117.805,65.4,55.1,29.5,100.0,64.2,87.2,94.4,87.0,94.3,90.9,93.8,11.636,5,5,5,51.607
20.97,6.0,30.624000000000002,49.045,38.32,66.61,114.91,117.741,65.4,55.1,29.5,100.0,64.2,87.2,94.4,87.0,94.3,90.9,93.8,12.025,5,5,5,51.714
20.99,6.0,30.346999999999998,48.662,38.251999999999995,67.801,114.985,117.741,65.4,55.1,29.5,100.0,64.2,87.2,94.4,87.0,94.3,90.9,93.8,11.421,5,5,5,51.824
21.01,6.0,30.439,48.865,38.321999999999996,69.564,115.023,117.69200000000001,65.4,55.1,29.5,100.0,64.2,87.2,94.4,87.0,94.3,90.9,93.8,12.276,5,5,5,51.905
21.03,6.0,30.583000000000002,48.677,38.201,68.199,114.985,117.69200000000001,65.4,55.1,29.5,100.0,64.2,87.2,94.4,87.0,94.3,90.9,93.8,10.972000000000001,5,5,5,52.001000000000005
21.05,6.0,30.570999999999998,48.461000000000006,38.446999999999996,67.57300000000001,114.777,117.531,65.4,55.1,29.5,100.0,64.2,87.2,94.4,87.0,94.3,90.9,93.8,12.359,5,5,5,52.096000000000004
21.07,6.0,30.087,48.075,38.346,67.737,114.796,117.676,65.4,55.1,29.5,100.0,64.2,87.2,94.4,87.0,94.3,90.9,93.8,11.172999999999998,5,5,5,52.228
21.09,6.0,30.409000000000002,48.728,38.257,67.11699999999999,114.73899999999999,117.61200000000001,65.4,55.1,29.5,100.0,64.2,87.2,94.4,87.0,94.3,90.9,93.8,11.698,5,5,5,52.335
21.11,6.0,30.363000000000003,48.132,38.185,71.212,114.70100000000001,117.64399999999999,65.4,55.1,29.5,100.0,64.2,87.2,94.4,87.0,94.3,90.9,93.8,11.567,5,5,5,52.45
21.13,6.0,30.44,48.651,38.429,70.104,114.60600000000001,117.419,65.4,55.1,29.5,100.0,64.2,87.2,94.4,87.0,94.3,90.9,93.8,11.358,5,5,5,52.575
21.15,6.0,29.98,48.022,38.406,68.18199999999999,114.56700000000001,117.419,65.4,55.1,29.5,100.0,64.2,87.2,94.4,87.0,94.3,90.9,93.8,11.857,5,5,5,52.729
21.17,6.0,30.410999999999998,47.673,38.23,69.039,114.625,117.305,65.4,55.1,29.5,100.0,64.2,87.2,94.4,87.0,94.3,90.9,93.8,11.225999999999999,5,5,5,52.853
21.19,6.0,30.48,48.13,37.898,67.499,114.415,117.241,65.4,55.1,29.5,100.0,64.2,87.2,94.4,87.0,94.3,90.9,93.8,12.11,5,5,5,52.993
21.21,6.0,30.41,48.332,38.327,72.403,114.376,117.257,65.4,55.1,29.5,100.0,64.2,87.2,94.4,87.0,94.3,90.9,93.8,10.709,5,5,5,53.13
21.23,6.0,30.325,47.655,38.293,70.425,114.395,117.176,65.4,55.1,29.5,100.0,64.2,87.2,94.4,87.0,94.3,90.9,93.8,12.244,5,5,5,53.305
21.25,6.0,29.926,47.918,38.05,69.75,114.28,117.176,65.4,55.1,29.5,100.0,64.2,87.2,94.4,87.0,94.3,90.9,93.8,11.146,5,5,5,53.453
21.27,6.0,30.116,48.388999999999996,37.986999999999995,70.512,114.242,117.046,65.4,55.1,29.5,100.0,64.2,87.2,94.4,87.0,94.3,90.9,93.8,11.622,5,5,5,53.605
21.29,6.0,30.116,48.167,37.952,69.10300000000001,114.3,116.98100000000001,65.4,55.1,29.5,100.0,64.2,87.2,94.4,87.0,94.3,90.9,93.8,11.562000000000001,5,5,5,53.765
21.31,6.0,29.913,48.018,37.994,71.187,114.242,116.867,65.4,55.1,29.5,100.0,64.2,87.2,94.4,87.0,94.3,90.9,93.8,11.347000000000001,5,5,5,53.924
21.33,6.0,30.184,47.875,38.036,73.39,114.204,116.965,65.4,55.1,29.5,100.0,64.2,87.2,94.4,87.0,94.3,90.9,93.8,11.966000000000001,5,5,5,54.086000000000006
21.35,6.0,29.945,48.262,38.097,69.575,114.165,116.802,65.4,55.1,29.5,100.0,64.2,87.2,94.4,87.0,94.3,90.9,93.8,11.11,5,5,5,54.254
21.37,6.0,29.973000000000003,47.821999999999996,38.083,70.32600000000001,114.10700000000001,116.76899999999999,65.4,55.1,29.5,100.0,64.2,87.2,94.4,87.0,94.3,90.9,93.8,12.337,5,5,5,54.416000000000004
21.39,6.0,29.951999999999998,47.468999999999994,38.266,69.793,113.97200000000001,116.818,65.4,55.1,29.5,100.0,64.2,87.2,94.4,87.0,94.3,90.9,93.8,10.756,5,5,5,54.566
21.41,6.0,29.921999999999997,47.571000000000005,38.032,70.865,114.03,116.867,65.4,55.1,29.5,100.0,64.2,87.2,94.4,87.0,94.3,90.9,93.8,12.343,5,5,5,54.718999999999994
21.43,6.0,29.872,47.872,37.869,74.014,114.146,116.851,65.4,55.1,29.5,100.0,64.2,87.2,94.4,87.0,94.3,90.9,93.8,11.334,5,5,5,54.913000000000004
21.45,6.0,29.381,47.745,38.233000000000004,70.517,113.97200000000001,116.75299999999999,65.4,55.1,29.5,100.0,64.2,87.2,94.4,87.0,94.3,90.9,93.8,11.446000000000002,5,5,5,55.088
21.47,6.0,29.616999999999997,47.827,38.292,70.743,113.97200000000001,116.818,65.4,55.1,29.5,100.0,64.2,87.2,94.45,87.0,94.3,90.9,93.8,11.504,5,5,5,55.225
21.49,6.0,29.645,47.479,38.111,69.929,113.876,116.76899999999999,65.4,55.1,29.5,100.0,64.2,87.2,94.516,87.0,94.3,90.9,93.8,11.233,5,5,5,55.388000000000005
21.51,6.0,29.58,47.345,37.961,70.43,113.837,116.655,65.4,55.1,29.5,100.0,64.2,87.2,94.553,87.0,94.3,90.9,93.8,11.914,5,5,5,55.553000000000004
21.53,6.0,29.663,47.174,38.183,72.883,113.721,116.671,65.4,55.1,29.5,100.0,64.2,87.2,94.57300000000001,87.0,94.3,90.9,93.8,11.006,5,5,5,55.728
21.55,6.0,29.301,47.433,37.988,71.391,113.62299999999999,116.62200000000001,65.4,55.1,29.5,100.0,64.2,87.2,94.585,87.0,94.3,90.9,93.8,12.031,5,5,5,55.893
21.57,6.0,29.491,47.511,38.001999999999995,70.09,113.507,116.425,65.4,55.1,29.5,100.0,64.2,87.2,94.592,87.0,94.3,90.9,93.8,10.495000000000001,5,5,5,56.043
21.59,6.0,29.331999999999997,47.501000000000005,38.077,70.616,113.662,116.31,65.4,55.1,29.5,100.0,64.2,87.2,94.595,87.0,94.3,90.9,93.8,12.14,5,5,5,56.208999999999996
21.61,6.0,29.296,47.358000000000004,38.044000000000004,69.138,113.48700000000001,116.507,65.4,55.1,29.5,100.0,64.2,87.2,94.597,87.0,94.3,90.9,93.8,11.594,5,5,5,56.411
21.63,6.0,29.343000000000004,47.748999999999995,37.905,74.059,113.52600000000001,116.359,65.4,55.1,29.5,100.0,64.2,87.2,94.598,87.0,94.3,90.9,93.8,11.457999999999998,5,5,5,56.571000000000005
21.65,6.0,29.295,47.285,37.882,72.24,113.40899999999999,116.227,65.4,55.1,29.5,100.0,64.2,87.2,94.59899999999999,87.0,94.3,90.9,93.8,11.807,5,5,5,56.748000000000005
21.67,6.0,28.389,47.621,37.773,71.025,113.389,116.211,65.4,55.1,29.5,100.0,64.2,87.2,94.6,87.0,94.3,90.9,93.8,11.455,5,5,5,56.925
21.69,6.0,29.13,47.473,37.935,72.113,113.331,116.12799999999999,65.4,55.1,29.5,100.0,64.2,87.2,94.6,87.0,94.3,90.9,93.8,12.076,5,5,5,57.093999999999994
21.71,6.0,28.92,46.746,38.036,69.67,113.25200000000001,116.194,65.4,55.1,29.5,100.0,64.2,87.2,94.6,87.0,94.3,90.9,93.8,11.392,5,5,5,57.265
21.73,6.0,28.787,47.13,37.844,73.578,113.213,116.161,65.4,55.1,29.5,100.0,64.2,87.2,94.6,87.0,94.3,90.9,93.8,12.277000000000001,5,5,5,57.417
21.75,6.0,28.845,47.335,37.923,73.676,113.154,115.98,65.4,55.1,29.5,100.0,64.2,87.2,94.6,87.0,94.3,90.9,93.8,11.283999999999999,5,5,5,57.621
21.77,6.0,28.863000000000003,46.997,37.727,70.992,113.17399999999999,116.145,65.4,55.1,29.5,100.0,64.2,87.2,94.6,87.0,94.3,90.9,93.8,12.422999999999998,5,5,5,57.77
21.79,6.0,28.726,47.232,37.775999999999996,72.017,113.17399999999999,115.99600000000001,65.4,55.1,29.5,100.0,64.2,87.2,94.6,87.0,94.3,90.9,93.8,10.919,5,5,5,57.953
21.81,6.0,29.003,46.85,37.786,70.851,113.134,115.963,65.4,55.1,29.5,100.0,64.2,87.2,94.6,87.0,94.3,90.9,93.8,12.644,5,5,5,58.128
21.83,6.0,29.006999999999998,47.025,37.954,72.66,113.134,115.98,65.4,55.1,29.5,100.0,64.2,87.2,94.6,87.0,94.3,90.9,93.8,11.022,5,5,5,58.321999999999996
21.85,6.0,28.973000000000003,46.935,37.931,75.94800000000001,113.075,115.913,65.4,55.1,29.5,100.0,64.2,87.2,94.6,87.0,94.3,90.9,93.8,12.312000000000001,5,5,5,58.51
21.87,6.0,28.587,46.86,37.949,72.435,113.036,115.98,65.4,55.1,29.5,100.0,64.2,87.2,94.6,87.0,94.3,90.9,93.8,11.701,5,5,5,58.663999999999994
21.89,6.0,28.776,46.726000000000006,38.015,71.57300000000001,112.93700000000001,115.913,65.4,55.1,29.5,100.0,64.2,87.2,94.6,87.0,94.3,90.9,93.8,11.757000000000001,5,5,5,58.86
21.91,6.0,28.684,46.545,37.785,71.328,112.977,115.897,65.4,55.1,29.5,100.0,64.2,87.2,94.6,87.0,94.3,90.9,93.8,11.896,5,5,5,59.012
21.93,6.0,28.732,46.961000000000006,37.876999999999995,72.207,112.819,115.83,65.4,55.1,29.5,100.0,64.2,87.2,94.6,87.0,94.3,90.9,93.8,11.645,5,5,5,59.19
21.95,6.0,28.429000000000002,46.597,37.816,75.079,112.759,115.74700000000001,65.4,55.1,29.5,100.0,64.2,87.2,94.6,87.0,94.3,90.9,93.8,11.918,5,5,5,59.346000000000004
21.97,6.0,28.517,46.787,37.887,71.942,112.95700000000001,115.78,65.4,55.1,29.5,100.0,64.2,87.2,94.6,87.0,94.3,90.9,93.8,11.49,5,5,5,59.523
21.99,6.0,28.087,46.413000000000004,37.681999999999995,71.91199999999999,112.73899999999999,115.664,65.4,55.1,29.5,100.0,64.2,87.2,94.6,87.0,94.3,90.9,93.8,12.471,5,5,5,59.731
22.01,6.0,28.406999999999996,46.631,37.585,70.46,112.66,115.697,65.4,55.1,29.5,100.0,64.2,87.2,94.6,87.0,94.3,90.9,93.8,11.383,5,5,5,59.87
22.03,6.0,28.471999999999998,46.729,37.836999999999996,71.173,112.62,115.564,65.4,55.1,29.5,100.0,64.2,87.2,94.6,87.0,94.3,90.9,93.8,12.517,5,5,5,60.085
22.05,6.0,28.473000000000003,46.463,37.594,75.0,112.759,115.53,65.4,55.1,29.5,100.0,64.2,87.2,94.6,87.0,94.3,90.9,93.8,10.897,5,5,5,60.233000000000004
22.07,6.0,28.48,46.308,37.772,72.86,112.541,115.514,65.4,55.1,29.5,100.0,64.2,87.2,94.6,87.0,94.3,90.9,93.8,12.378,5,5,5,60.42100000000001
22.09,6.0,28.426,46.8,37.805,71.461,112.521,115.43,65.4,55.1,29.5,100.0,64.2,87.2,94.6,87.0,94.3,90.9,93.8,11.138,5,5,5,60.61600000000001
22.11,6.0,28.068,46.175,37.698,72.422,112.501,115.33,65.4,55.1,29.5,100.0,64.2,87.2,94.6,87.0,94.3,90.9,93.8,11.71,5,5,5,60.778999999999996
22.13,6.0,27.985,46.239,37.604,69.747,112.48100000000001,115.54700000000001,65.4,55.1,29.5,100.0,64.2,87.2,94.6,87.0,94.3,90.9,93.8,11.654,5,5,5,60.968999999999994
22.15,6.0,27.926,46.46,37.510999999999996,74.878,112.62,115.464,65.4,55.1,29.5,100.0,64.2,87.2,94.6,87.0,94.3,90.9,93.8,11.561,5,5,5,61.151
22.17,6.0,27.909000000000002,46.425,37.714,72.869,112.441,115.33,65.4,55.1,29.5,100.0,64.2,87.2,94.6,87.0,94.3,90.9,93.8,11.878,5,5,5,61.308
22.19,6.0,27.838,46.199,37.732,71.682,112.441,115.279,65.4,55.1,29.5,100.0,64.2,87.2,94.6,87.0,94.3,90.9,93.8,11.418,5,5,5,61.503
22.21,6.0,27.893,46.708,37.688,73.021,112.361,115.24600000000001,65.4,55.1,29.5,100.0,64.2,87.2,94.6,87.0,94.3,90.9,93.8,11.995000000000001,5,5,5,61.68899999999999
22.23,6.0,27.775,46.041000000000004,37.56,70.612,112.26100000000001,115.162,65.4,55.1,29.5,100.0,64.2,87.2,94.6,87.0,94.3,90.9,93.8,11.196000000000002,5,5,5,61.871
22.25,6.0,28.221999999999998,45.872,37.645,74.01899999999999,112.20100000000001,115.26299999999999,65.4,55.1,29.5,100.0,64.2,87.2,94.6,87.0,94.3,90.9,93.8,12.285,5,5,5,62.028
22.27,6.0,27.826,45.760999999999996,37.692,75.013,112.181,115.212,65.4,55.1,29.5,100.0,64.2,87.2,94.6,87.0,94.3,90.9,93.8,11.115,5,5,5,62.22
22.29,6.0,27.633000000000003,46.247,37.721,72.65100000000001,112.08,115.12799999999999,65.4,55.1,29.5,100.0,64.2,87.2,94.6,87.0,94.3,90.9,93.8,12.517,5,5,5,62.391000000000005
22.31,6.0,28.041999999999998,46.016999999999996,37.766,72.639,112.1,115.094,65.4,55.1,29.5,100.0,64.2,87.2,94.6,87.0,94.3,90.9,93.8,10.812999999999999,5,5,5,62.593999999999994
22.33,6.0,27.761,45.931999999999995,37.368,72.285,112.20100000000001,115.094,65.4,55.1,29.5,100.0,64.2,87.2,94.6,87.0,94.3,90.9,93.8,12.615,5,5,5,62.748000000000005
22.35,6.0,27.326999999999998,45.865,37.497,73.262,111.899,115.07799999999999,65.4,55.1,29.5,100.0,64.2,87.2,94.6,87.0,94.3,90.9,93.8,11.411000000000001,5,5,5,62.937
22.37,6.0,27.254,46.648,37.889,76.176,111.919,114.943,65.4,55.1,29.5,100.0,64.2,87.2,94.6,87.0,94.3,90.9,93.8,11.65,5,5,5,63.12
22.39,6.0,27.066999999999997,45.76,37.719,73.307,111.979,114.926,65.4,55.1,29.5,100.0,64.2,87.2,94.6,87.0,94.3,90.9,93.8,11.834,5,5,5,63.29600000000001
22.41,6.0,27.362,45.804,37.556999999999995,72.655,111.838,115.027,65.4,55.1,29.5,100.0,64.2,87.2,94.6,87.0,94.3,90.9,93.8,11.614,5,5,5,63.481
22.43,6.0,27.524,45.782,37.385999999999996,70.824,111.919,114.943,65.4,55.1,29.5,100.0,64.2,87.2,94.6,87.0,94.3,90.9,93.8,12.049,5,5,5,63.663000000000004
22.45,6.0,27.338,45.829,37.393,72.903,111.73700000000001,114.96,65.4,55.1,29.5,100.0,64.2,87.2,94.6,87.0,94.3,90.9,93.8,11.459,5,5,5,63.85
22.47,6.0,27.413,45.683,37.519,75.02,111.85799999999999,114.85799999999999,65.4,55.1,29.5,100.0,64.2,87.2,94.6,87.0,94.3,90.9,93.8,12.158,5,5,5,64.00800000000001
22.49,6.0,27.176,45.476,37.536,72.369,111.696,115.01,65.4,55.1,29.5,100.0,64.2,87.2,94.6,87.0,94.3,90.9,93.8,11.427,5,5,5,64.21199999999999
22.51,6.0,27.136999999999997,46.038999999999994,37.609,72.403,111.73700000000001,114.824,65.4,55.1,29.5,100.0,64.2,87.2,94.6,87.0,94.3,90.9,93.8,12.455,5,5,5,64.388
22.53,6.0,27.037,45.439,37.688,71.307,111.615,114.79,65.4,55.1,29.5,100.0,64.2,87.2,94.6,87.0,94.3,90.9,93.8,11.042000000000002,5,5,5,64.564
22.55,6.0,26.928,45.718,37.655,71.021,111.676,114.604,65.4,55.1,29.5,100.0,64.2,87.2,94.6,87.0,94.3,90.9,93.8,12.638,5,5,5,64.727
22.57,6.0,27.08,45.241,37.525,75.028,111.615,114.67200000000001,65.4,55.1,29.5,100.0,64.2,87.2,94.6,87.0,94.3,90.9,93.8,11.461,5,5,5,64.92699999999999
22.59,6.0,27.131999999999998,45.549,37.49,73.31,111.635,114.723,65.4,55.1,29.5,100.0,64.2,87.2,94.6,87.0,94.3,90.9,93.8,12.732,5,5,5,65.08699999999999
22.61,6.0,26.761999999999997,45.794000000000004,37.757,71.521,111.51299999999999,114.774,65.4,55.1,29.5,100.0,64.2,87.2,94.6,87.0,94.3,90.9,93.8,11.701,5,5,5,65.277
22.63,6.0,27.024,45.330999999999996,37.442,72.625,111.53299999999999,114.587,65.4,55.1,29.5,100.0,64.2,87.2,94.6,87.0,94.3,90.9,93.8,12.463,5,5,5,65.441
22.65,6.0,27.28,45.135999999999996,37.48,69.78,111.493,114.536,65.4,55.1,29.5,100.0,64.2,87.2,94.6,87.0,94.3,90.9,93.8,11.924,5,5,5,65.613
22.67,6.0,26.769000000000002,45.231,37.546,73.15100000000001,111.288,114.536,65.4,55.1,29.5,100.0,64.2,87.2,94.6,87.0,94.3,90.9,93.8,12.768,5,5,5,65.78899999999999
22.69,6.0,26.802,45.145,37.615,72.439,111.26799999999999,114.536,65.4,55.1,29.5,100.0,64.2,87.2,94.6,87.0,94.3,90.9,93.8,12.02,5,5,5,65.973
22.71,6.0,26.761,45.156,37.510999999999996,71.214,111.309,114.587,65.4,55.1,29.5,100.0,64.2,87.2,94.6,87.0,94.3,90.9,93.8,12.632000000000001,5,5,5,66.144
22.73,6.0,26.855,44.864000000000004,37.325,72.30199999999999,111.26799999999999,114.382,65.4,55.1,29.5,100.0,64.2,87.2,94.6,87.0,94.3,90.9,93.8,12.228,5,5,5,66.33699999999999
22.75,6.0,26.374000000000002,45.359,37.657,71.043,111.288,114.51899999999999,65.4,55.1,29.5,100.0,64.2,87.2,94.6,87.0,94.3,90.9,93.8,12.454,5,5,5,66.5
22.77,6.0,26.616999999999997,45.123000000000005,37.478,73.155,111.227,114.314,65.4,55.1,29.5,100.0,64.2,87.2,94.6,87.0,94.3,90.9,93.8,12.408999999999999,5,5,5,66.696
22.79,6.0,26.76,44.905,37.419000000000004,75.97,111.26799999999999,114.26299999999999,65.4,55.1,29.5,100.0,64.2,87.2,94.6,87.0,94.3,90.9,93.8,12.018,5,5,5,66.86
22.81,6.0,26.366,45.09,37.402,74.292,111.186,114.177,65.4,55.1,29.5,100.0,64.2,87.2,94.6,87.0,94.3,90.9,93.8,13.177,5,5,5,67.07300000000001
22.83,6.0,25.855999999999998,45.359,37.536,72.543,111.186,114.26299999999999,65.4,55.1,29.5,100.0,64.2,87.2,94.6,87.0,94.3,90.9,93.8,11.789,5,5,5,67.247
22.85,6.0,26.237,44.903,37.525999999999996,71.722,111.227,114.24600000000001,65.4,55.1,29.5,100.0,64.2,87.25,94.6,87.0,94.3,90.9,93.8,13.304,5,5,5,67.43100000000001
22.87,6.0,26.011,44.855,37.469,72.956,111.042,114.24600000000001,65.4,55.1,29.5,100.0,64.2,87.316,94.6,87.0,94.3,90.9,93.8,11.693999999999999,5,5,5,67.611
22.89,6.0,26.451999999999998,44.924,37.55,75.667,111.06200000000001,114.28,65.4,55.1,29.5,100.0,64.2,87.35300000000001,94.6,87.0,94.3,90.9,93.8,13.283,5,5,5,67.791
22.91,6.0,26.1,45.150999999999996,37.709,72.669,111.124,114.14299999999999,65.4,55.1,29.5,100.0,64.2,87.373,94.6,87.0,94.3,90.9,93.8,11.773,5,5,5,67.977
22.93,6.0,25.995,44.555,37.475,73.085,111.001,114.057,65.4,55.1,29.5,100.0,64.2,87.385,94.6,87.0,94.3,90.9,93.8,13.491,5,5,5,68.148
22.95,6.0,25.893,45.138000000000005,37.496,71.37100000000001,110.959,114.006,65.4,55.1,29.5,100.0,64.2,87.392,94.6,87.0,94.3,90.9,93.8,12.057,5,5,5,68.33699999999999
22.97,6.0,26.206999999999997,44.799,37.411,71.906,110.91799999999999,114.074,65.4,55.1,29.5,100.0,64.2,87.395,94.6,87.0,94.3,90.9,93.8,13.487,5,5,5,68.518
22.99,6.0,25.785999999999998,45.04,37.488,75.964,110.85600000000001,114.023,65.4,55.1,29.5,100.0,64.2,87.39699999999999,94.6,87.0,94.3,90.9,93.8,12.297,5,5,5,68.69200000000001
23.01,6.0,26.17,44.728,37.364000000000004,74.23,110.85600000000001,114.04,65.4,55.1,29.5,100.0,64.2,87.398,94.6,87.0,94.3,90.9,93.8,13.314,5,5,5,68.864
23.03,6.0,26.128,45.205999999999996,37.514,71.717,110.711,113.78200000000001,65.4,55.1,29.5,100.0,64.2,87.399,94.6,87.0,94.3,90.9,93.8,12.406,5,5,5,69.066
23.05,6.0,25.535999999999998,44.555,37.159,73.01,110.69,113.816,65.4,55.1,29.5,100.0,64.2,87.4,94.6,87.0,94.3,90.9,93.8,13.301,5,5,5,69.25899999999999
23.07,6.0,25.754,44.814,37.306999999999995,70.33,110.75200000000001,113.902,65.4,55.1,29.5,100.0,64.2,87.4,94.6,87.0,94.3,90.9,93.8,12.353,5,5,5,69.39500000000001
23.09,6.0,26.393,44.721,37.394,74.815,110.586,113.713,65.4,55.1,29.5,100.0,64.2,87.4,94.6,87.0,94.3,90.9,93.8,12.977,5,5,5,69.589
23.11,6.0,26.171,44.425,37.306,72.622,110.711,113.78200000000001,65.4,55.1,29.5,100.0,64.2,87.4,94.6,87.0,94.3,90.9,93.8,12.559000000000001,5,5,5,69.779
23.13,6.0,26.063000000000002,44.494,37.316,71.243,110.69,113.73,65.4,55.1,29.5,100.0,64.2,87.4,94.6,87.0,94.3,90.9,93.8,12.899000000000001,5,5,5,69.96100000000001
23.15,6.0,25.771,44.824,37.359,72.293,110.669,113.48700000000001,65.4,55.1,29.5,100.0,64.2,87.4,94.6,87.0,94.3,90.9,93.8,12.543,5,5,5,70.13399999999999
23.17,6.0,25.846999999999998,44.272,37.433,69.791,110.565,113.64299999999999,65.4,55.1,29.5,100.0,64.2,87.4,94.6,87.0,94.3,90.9,93.8,12.915,5,5,5,70.305
23.19,6.0,25.776,44.348,37.551,72.122,110.62799999999999,113.522,65.4,55.1,29.5,100.0,64.2,87.4,94.6,87.0,94.3,90.9,93.8,12.940999999999999,5,5,5,70.501
23.21,6.0,25.934,44.900999999999996,37.498000000000005,73.934,110.48200000000001,113.609,65.4,55.1,29.5,100.0,64.2,87.4,94.6,87.0,94.3,90.9,93.8,12.488,5,5,5,70.688
23.23,6.0,25.745,44.134,37.62,71.03399999999999,110.461,113.764,65.4,55.1,29.5,100.0,64.2,87.4,94.6,87.0,94.3,90.9,93.8,13.248,5,5,5,70.842
23.25,6.0,25.237000000000002,44.314,37.245,72.357,110.35700000000001,113.522,65.4,55.1,29.5,100.0,64.2,87.4,94.6,87.0,94.3,90.9,93.8,11.981,5,5,5,71.03800000000001
23.27,6.0,25.42,44.527,37.364000000000004,70.999,110.524,113.539,65.4,55.1,29.5,100.0,64.2,87.4,94.6,87.0,94.3,90.9,93.8,13.488,5,5,5,71.19800000000001
23.29,6.0,25.428,44.722,37.522,72.42399999999999,110.294,113.47,65.4,55.1,29.5,100.0,64.2,87.4,94.6,87.0,94.3,90.9,93.8,11.753,5,5,5,71.387
23.31,6.0,25.188,43.963,37.472,74.253,110.189,113.366,65.4,55.1,29.5,100.0,64.2,87.4,94.6,87.0,94.3,90.9,93.8,13.23,5,5,5,71.575
23.33,6.0,25.192,44.186,37.349000000000004,73.431,110.37799999999999,113.209,65.4,55.1,29.5,100.0,64.2,87.4,94.6,87.0,94.3,90.9,93.8,11.817,5,5,5,71.751
23.35,6.0,25.48,44.13,37.345,72.809,110.294,113.244,65.4,55.1,29.5,100.0,64.2,87.4,94.6,87.0,94.3,90.9,93.8,13.363,5,5,5,71.926
23.37,6.0,24.774,43.71,37.385999999999996,71.08,110.147,113.366,65.4,55.1,29.5,100.0,64.2,87.4,94.6,87.0,94.3,90.9,93.8,12.006,5,5,5,72.11500000000001
23.39,6.0,25.014,44.048,37.359,72.76,110.35700000000001,113.31299999999999,65.4,55.1,29.5,100.0,64.2,87.4,94.6,87.0,94.3,90.9,93.8,12.934000000000001,5,5,5,72.28899999999999
23.41,6.0,25.274,43.949,37.208,75.583,110.25200000000001,113.383,65.4,55.1,29.5,100.0,64.2,87.4,94.6,87.0,94.3,90.9,93.8,12.145,5,5,5,72.46600000000001
23.43,6.0,25.153,43.969,37.336,72.763,110.294,113.209,65.4,55.1,29.5,100.0,64.2,87.4,94.6,87.0,94.3,90.9,93.8,12.812000000000001,5,5,5,72.667
23.45,6.0,24.671,43.891,37.336,72.273,110.294,113.156,65.4,55.1,29.5,100.0,64.2,87.4,94.6,87.0,94.3,90.9,93.8,12.26,5,5,5,72.85499999999999
23.47,6.0,25.062,43.834,37.266,72.443,110.126,113.226,65.4,55.1,29.5,100.0,64.2,87.4,94.6,87.0,94.3,90.9,93.8,12.84,5,5,5,73.043
23.49,6.0,24.919,44.075,37.264,71.21,110.084,113.17399999999999,65.4,55.1,29.5,100.0,64.2,87.4,94.6,87.0,94.3,90.9,93.8,12.283999999999999,5,5,5,73.21600000000001
23.51,6.0,24.771,43.606,37.198,76.04,110.084,113.03399999999999,65.4,55.1,29.5,100.0,64.2,87.4,94.6,87.0,94.3,90.9,93.8,12.73,5,5,5,73.4
23.53,6.0,24.278,43.464,37.116,74.764,109.89399999999999,113.12100000000001,65.4,55.1,29.5,100.0,64.2,87.4,94.6,87.0,94.3,90.9,93.8,12.258,5,5,5,73.56899999999999
23.55,6.0,24.655,43.407,37.458,72.158,109.999,112.964,65.4,55.1,29.5,100.0,64.2,87.4,94.6,87.0,94.3,90.9,93.8,12.649000000000001,5,5,5,73.767
23.57,6.0,24.685,43.954,37.26,74.12100000000001,110.06299999999999,112.911,65.4,55.1,29.5,100.0,64.2,87.4,94.6,87.0,94.3,90.9,93.8,12.462,5,5,5,73.93100000000001
23.59,6.0,24.792,43.373000000000005,37.184,70.41199999999999,109.87299999999999,112.911,65.4,55.1,29.5,100.0,64.2,87.4,94.6,87.0,94.3,90.9,93.8,12.277000000000001,5,5,5,74.117
23.61,6.0,24.52,43.622,37.288000000000004,74.539,109.89399999999999,112.964,65.4,55.1,29.5,100.0,64.2,87.4,94.6,87.0,94.3,90.9,93.8,13.286,5,5,5,74.29899999999999
23.63,6.0,24.659000000000002,43.372,37.223,73.906,109.74600000000001,112.735,65.4,55.1,29.5,100.0,64.2,87.4,94.6,87.0,94.3,90.9,93.8,12.02,5,5,5,74.487
23.65,6.0,24.477,43.875,37.178000000000004,71.275,109.74600000000001,112.788,65.4,55.1,29.5,100.0,64.2,87.4,94.6,87.0,94.3,90.9,93.8,13.597000000000001,5,5,5,74.671
23.67,6.0,24.816,43.495,37.241,72.285,109.74600000000001,112.71799999999999,65.4,55.1,29.5,100.0,64.2,87.4,94.6,87.0,94.3,90.9,93.8,12.190000000000001,5,5,5,74.845
23.69,6.0,24.543,43.536,37.222,70.242,109.809,112.735,65.4,55.1,29.5,100.0,64.2,87.4,94.6,87.0,94.3,90.9,93.8,13.404,5,5,5,75.02600000000001
23.71,6.0,24.56,43.342,37.309,72.428,109.788,112.75299999999999,65.4,55.1,29.5,100.0,64.2,87.4,94.6,87.0,94.3,90.9,93.8,12.614,5,5,5,75.227
23.73,6.0,24.483,43.707,37.025999999999996,75.59100000000001,109.618,112.665,65.4,55.1,29.5,100.0,64.2,87.4,94.6,87.0,94.3,90.9,93.8,13.031,5,5,5,75.393
23.75,6.0,24.635,43.275,37.246,72.09100000000001,109.661,112.559,65.4,55.1,29.5,100.0,64.2,87.4,94.6,87.0,94.3,90.9,93.8,12.850999999999999,5,5,5,75.59100000000001
23.77,6.0,24.437,43.539,37.068000000000005,71.907,109.405,112.7,65.4,55.1,29.5,100.0,64.2,87.4,94.6,87.0,94.3,90.9,93.8,12.806000000000001,5,5,5,75.764
23.79,6.0,24.344,43.171,37.262,71.516,109.36200000000001,112.559,65.4,55.1,29.5,100.0,64.2,87.4,94.6,87.0,94.3,90.9,93.8,13.651,5,5,5,75.94
23.81,6.0,23.605999999999998,43.156,37.168,72.49,109.405,112.506,65.4,55.1,29.5,100.0,64.2,87.4,94.6,87.0,94.3,90.9,93.8,12.201,5,5,5,76.116
23.83,6.0,24.432000000000002,42.789,37.064,73.827,109.53299999999999,112.45299999999999,65.4,55.1,29.5,100.0,64.2,87.4,94.6,87.0,94.3,90.9,93.8,13.599,5,5,5,76.344
23.85,6.0,24.115,43.145,37.224000000000004,71.82,109.469,112.435,65.4,55.1,29.5,100.0,64.2,87.4,94.6,87.0,94.3,90.9,93.8,12.523,5,5,5,76.47800000000001
23.87,6.0,24.254,42.864000000000004,37.193000000000005,72.568,109.212,112.382,65.4,55.1,29.5,100.0,64.2,87.4,94.6,87.0,94.3,90.9,93.8,13.561,5,5,5,76.683
23.89,6.0,23.998,43.086,37.047,70.932,109.383,112.311,65.4,55.1,29.5,100.0,64.2,87.4,94.6,87.0,94.3,90.9,93.8,12.907,5,5,5,76.86399999999999
23.91,6.0,24.063,43.175,37.196,71.49600000000001,109.426,112.16799999999999,65.4,55.1,29.5,100.0,64.2,87.4,94.6,87.0,94.3,90.9,93.8,13.295,5,5,5,77.039
23.93,6.0,24.089000000000002,42.94,37.198,76.426,109.383,112.32799999999999,65.4,55.1,29.5,100.0,64.2,87.4,94.6,87.0,94.3,90.9,93.8,13.079,5,5,5,77.214
23.95,6.0,23.956,42.683,37.031,74.419,109.405,112.23899999999999,65.4,55.1,29.5,100.0,64.2,87.4,94.6,87.0,94.3,90.9,93.8,12.687999999999999,5,5,5,77.40100000000001
23.97,6.0,23.832,43.013000000000005,37.042,72.118,109.319,112.257,65.4,55.1,29.5,100.0,64.2,87.4,94.6,87.0,94.3,90.9,93.8,13.97,5,5,5,77.6
23.99,6.0,23.866,42.827,37.123000000000005,72.533,109.27600000000001,112.22200000000001,65.4,55.1,29.5,100.0,64.2,87.4,94.6,87.0,94.3,90.9,93.8,12.293,5,5,5,77.758
24.01,6.0,23.596,42.724000000000004,37.037,70.39,109.104,112.204,65.4,55.1,29.5,100.0,64.2,87.4,94.6,87.0,94.3,90.9,93.8,13.44,5,5,5,77.954
24.03,6.0,23.984,43.336,37.154,75.65100000000001,109.169,111.99,65.4,55.1,29.5,100.0,64.2,87.4,94.6,87.0,94.3,90.9,93.8,12.588,5,5,5,78.143
24.05,6.0,23.989,42.705,36.991,73.725,109.125,112.186,65.4,55.1,29.5,100.0,64.2,87.4,94.6,87.0,94.3,90.9,93.8,13.966000000000001,5,5,5,78.32600000000001
24.07,6.0,23.942,42.895,37.03,72.359,108.95299999999999,112.04299999999999,65.4,55.1,29.5,100.0,64.2,87.4,94.6,87.0,94.3,90.9,93.8,13.052,5,5,5,78.51899999999999
24.09,6.0,23.791,42.425,37.086999999999996,73.46300000000001,108.97399999999999,112.09700000000001,65.4,55.1,29.5,100.0,64.2,87.4,94.6,87.0,94.3,90.9,93.8,13.413,5,5,5,78.693
24.11,6.0,23.994,42.492,36.989000000000004,70.116,108.97399999999999,111.936,65.4,55.1,29.5,100.0,64.2,87.4,94.6,87.0,94.3,90.9,93.8,13.357999999999999,5,5,5,78.899
24.13,6.0,23.583,42.414,36.93300000000001,73.258,108.91,112.09700000000001,65.4,55.1,29.5,100.0,64.2,87.4,94.6,87.0,94.3,90.9,93.8,12.719,5,5,5,79.083
24.15,6.0,23.709,42.417,36.941,74.789,108.88799999999999,112.04299999999999,65.4,55.1,29.5,100.0,64.2,87.4,94.6,87.0,94.3,90.9,93.8,14.047,5,5,5,79.221
24.17,6.0,23.494,42.144,37.137,70.797,108.844,111.99,65.4,55.1,29.5,100.0,64.2,87.4,94.6,87.0,94.3,90.9,93.8,12.238,5,5,5,79.433
24.19,6.0,23.608,42.611999999999995,36.956,71.892,108.801,111.91799999999999,65.4,55.1,29.5,100.0,64.2,87.4,94.6,87.0,94.3,90.9,93.8,13.833,5,5,5,79.616
24.21,6.0,23.514,42.069,37.003,70.759,108.95299999999999,111.91799999999999,65.4,55.1,29.5,100.0,64.2,87.4,94.6,87.0,94.3,90.9,93.8,12.603,5,5,5,79.78699999999999
24.23,6.0,23.698,42.076,36.971999999999994,71.858,108.736,111.73899999999999,65.4,55.1,29.5,100.0,64.2,87.4,94.6,87.0,94.3,90.9,93.8,13.416,5,5,5,79.96600000000001
24.25,6.0,23.797,42.284,37.162,75.99,108.671,111.82799999999999,65.4,55.1,29.5,100.0,64.2,87.4,94.6,87.0,94.3,90.9,93.8,12.937999999999999,5,5,5,80.169
24.27,6.0,23.545,42.313,37.18,72.24600000000001,108.671,111.81,65.4,55.1,29.5,100.0,64.2,87.4,94.6,87.0,94.3,90.9,93.8,13.431000000000001,5,5,5,80.327
24.29,6.0,23.765,42.311,37.111999999999995,72.02199999999999,108.736,111.846,65.4,55.1,29.5,100.0,64.2,87.4,94.6,87.0,94.3,90.9,93.8,13.263,5,5,5,80.501
24.31,6.0,23.36,42.232,36.986000000000004,71.123,108.779,111.774,65.4,55.1,29.5,100.0,64.2,87.4,94.6,87.0,94.3,90.9,93.8,12.367999999999999,5,5,5,80.699
24.33,6.0,23.406,42.257,37.085,71.861,108.69200000000001,111.70299999999999,65.4,55.1,29.5,100.0,64.2,87.4,94.6,87.0,94.3,90.9,93.8,13.787,5,5,5,80.887
24.35,6.0,23.570999999999998,42.137,36.980999999999995,74.415,108.69200000000001,111.631,65.4,55.1,29.5,100.0,64.2,87.4,94.6,87.0,94.3,90.9,93.8,12.482,5,5,5,81.065
24.37,6.0,23.183,42.093,37.021,71.6,108.49600000000001,111.756,65.4,55.1,29.5,100.0,64.2,87.4,94.6,87.0,94.3,90.9,93.8,13.663,5,5,5,81.265
24.39,6.0,23.346,42.265,36.993,71.773,108.51799999999999,111.54,65.4,55.1,29.5,100.0,64.2,87.4,94.6,87.0,94.3,90.9,93.8,12.803,5,5,5,81.432
24.41,6.0,23.112000000000002,41.399,36.944,71.97399999999999,108.47399999999999,111.57600000000001,65.4,55.1,29.5,100.0,64.2,87.4,94.6,87.0,94.3,90.9,93.8,13.28,5,5,5,81.634
24.43,6.0,22.998,42.229,37.124,71.309,108.47399999999999,111.432,65.4,55.1,29.5,100.0,64.2,87.4,94.6,87.0,94.3,90.9,93.8,13.012,5,5,5,81.82300000000001
24.45,6.0,23.551,41.82,36.980000000000004,75.809,108.387,111.414,65.4,55.1,29.5,100.0,64.2,87.4,94.6,87.0,94.3,90.9,93.8,13.248,5,5,5,82.015
24.47,6.0,23.582,42.234,36.773,74.52,108.387,111.61200000000001,65.4,55.1,29.5,100.0,64.2,87.4,94.6,87.0,94.3,90.9,93.8,13.396,5,5,5,82.20100000000001
24.49,6.0,22.882,41.421,36.921,71.574,108.321,111.34100000000001,65.4,55.1,29.5,100.0,64.2,87.4,94.6,87.0,94.3,90.9,93.8,12.568,5,5,5,82.375
24.51,6.0,22.832,42.324,36.96,73.242,108.321,111.432,65.4,55.1,29.5,100.0,64.2,87.4,94.6,87.0,94.3,90.9,93.8,14.151,5,5,5,82.54
24.53,6.0,22.719,41.626,37.042,70.20100000000001,108.34299999999999,111.522,65.4,55.1,29.5,100.0,64.2,87.4,94.6,87.0,94.3,90.9,93.8,12.551,5,5,5,82.747
24.55,6.0,23.121,42.162,36.995000000000005,74.513,108.34299999999999,111.46799999999999,65.4,55.1,29.5,100.0,64.2,87.4,94.6,87.0,94.3,90.9,93.8,12.93,5,5,5,82.926
24.57,6.0,22.902,41.753,36.968,73.01899999999999,108.211,111.432,65.4,55.1,29.5,100.0,64.2,87.4,94.6,87.0,94.3,90.9,93.8,13.774,5,5,5,83.085
24.59,6.0,23.037,42.09,36.964,71.41199999999999,108.211,111.396,65.4,55.1,29.5,100.0,64.2,87.4,94.6,87.0,94.3,90.9,93.8,12.83,5,5,5,83.28
24.61,6.0,22.963,41.988,36.843,72.771,108.167,111.251,65.4,55.1,29.5,100.0,64.2,87.4,94.6,87.0,94.3,90.9,93.8,13.275,5,5,5,83.486
24.63,6.0,23.059,41.914,36.953,70.085,108.056,111.14200000000001,65.4,55.1,29.5,100.0,64.2,87.4,94.6,87.0,94.3,90.9,93.8,13.198,5,5,5,83.656
24.65,6.0,23.147000000000002,41.662,37.085,72.729,108.12299999999999,111.14200000000001,65.4,55.1,29.5,100.0,64.2,87.4,94.6,87.0,94.3,90.9,93.8,12.756,5,5,5,83.84899999999999
24.67,6.0,22.589000000000002,41.941,36.908,75.175,108.211,111.34100000000001,65.4,55.1,29.5,100.0,64.2,87.4,94.6,87.0,94.3,90.9,93.8,12.948,5,5,5,84.03
24.69,6.0,22.542,41.503,36.893,70.733,108.12299999999999,111.26899999999999,65.4,55.1,29.5,100.0,64.2,87.4,94.6,87.0,94.3,90.9,93.8,12.687999999999999,5,5,5,84.196
24.71,6.0,22.234,41.747,36.876999999999995,71.042,108.03399999999999,111.069,65.4,55.1,29.5,100.0,64.2,87.4,94.6,87.0,94.3,90.9,93.8,12.857,5,5,5,84.387
24.73,6.0,22.442999999999998,41.361,36.888000000000005,69.786,108.211,110.99600000000001,65.4,55.1,29.5,100.0,64.2,87.4,94.6,87.0,94.3,90.9,93.8,12.328,5,5,5,84.53699999999999
24.75,6.0,22.105,41.265,37.092,71.251,108.145,111.087,65.4,55.1,29.5,100.0,64.2,87.4,94.6,87.0,94.3,90.9,93.8,12.966000000000001,5,5,5,84.782
24.77,6.0,22.506,41.941,36.989000000000004,74.624,107.85700000000001,111.087,65.4,55.1,29.5,100.0,64.2,87.4,94.6,87.0,94.3,90.9,93.8,12.231,5,5,5,84.959
24.79,6.0,22.229,41.602,36.916,70.37899999999999,108.012,111.069,65.4,55.1,29.5,100.0,64.2,87.4,94.6,87.0,94.3,90.9,93.8,12.561,5,5,5,85.165
24.81,6.0,22.669,41.388000000000005,36.81,71.217,107.87899999999999,110.977,65.4,55.1,29.5,100.0,64.2,87.4,94.6,87.0,94.3,90.9,93.8,12.051,5,5,5,85.342
24.83,6.0,22.285999999999998,41.472,36.846000000000004,70.20100000000001,107.92399999999999,110.81299999999999,65.4,55.1,29.5,100.0,64.2,87.4,94.6,87.0,94.3,90.9,93.8,12.763,5,5,5,85.50399999999999
24.85,6.0,22.476,41.911,36.709,70.66,107.87899999999999,110.99600000000001,65.3,55.1,29.4,100.0,64.2,87.4,94.6,87.0,94.3,90.9,93.8,11.777000000000001,5,5,5,85.73100000000001
24.87,6.0,22.062,41.323,36.794,73.628,107.679,110.99600000000001,65.3,55.1,29.4,100.0,64.2,87.4,94.6,87.0,94.3,90.9,93.8,12.972000000000001,5,5,5,85.889
24.89,6.0,22.526,41.095,36.874,70.914,107.74600000000001,110.81299999999999,65.3,55.1,29.4,100.0,64.2,87.4,94.6,87.0,94.3,90.9,93.8,11.73,5,5,5,86.093
24.91,6.0,22.241,41.655,36.696,71.194,107.74600000000001,110.77600000000001,65.3,55.1,29.4,100.0,64.2,87.4,94.6,87.0,94.3,90.9,93.8,13.154,5,5,5,86.268
24.93,6.0,22.329,41.19,36.534000000000006,71.047,107.679,110.831,65.3,55.1,29.4,100.0,64.2,87.4,94.6,87.0,94.3,90.9,93.8,11.547999999999998,5,5,5,86.47
24.95,6.0,22.284000000000002,41.316,36.857,69.294,107.545,110.81299999999999,65.3,55.1,29.4,100.0,64.2,87.4,94.6,87.0,94.3,90.9,93.8,12.914,5,5,5,86.655
24.97,6.0,22.025,41.533,37.044000000000004,74.204,107.61200000000001,110.88600000000001,65.3,55.1,29.4,100.0,64.2,87.4,94.6,87.0,94.3,90.9,93.8,11.428,5,5,5,86.846
24.99,6.0,21.725,41.683,36.961,73.53399999999999,107.61200000000001,110.70299999999999,65.3,55.1,29.4,100.0,64.2,87.4,94.6,87.0,94.3,90.9,93.8,13.309,5,5,5,87.032
25.01,6.0,21.985,41.059,36.907,70.745,107.679,110.77600000000001,65.3,55.1,29.4,100.0,64.2,87.4,94.6,87.0,94.3,90.9,93.8,11.309999999999999,5,5,5,87.245
25.03,6.0,22.04,40.954,36.833,72.164,107.61200000000001,110.77600000000001,65.3,55.1,29.4,100.0,64.2,87.4,94.6,87.0,94.3,90.9,93.8,12.939,5,5,5,87.418
25.05,6.0,21.79,40.918,36.69199999999999,69.52199999999999,107.56700000000001,110.59200000000001,65.3,55.1,29.4,100.0,64.2,87.4,94.6,87.0,94.3,90.9,93.8,11.394,5,5,5,87.632
25.07,6.0,21.849,41.275999999999996,36.911,73.009,107.70100000000001,110.70299999999999,65.3,55.1,29.4,100.0,64.2,87.4,94.6,87.0,94.3,90.9,93.8,12.921,5,5,5,87.822
25.09,6.0,21.483,41.6,36.809,71.905,107.61200000000001,110.70299999999999,65.3,55.1,29.4,100.0,64.2,87.4,94.6,87.0,94.3,90.9,93.8,11.696000000000002,5,5,5,88.036
25.11,6.0,21.526,40.96,36.96,70.663,107.5,110.666,65.3,55.1,29.4,100.0,64.2,87.4,94.6,87.0,94.3,90.9,93.8,12.704,5,5,5,88.2
25.13,6.0,22.241,40.891999999999996,36.617,71.139,107.34299999999999,110.684,65.3,55.1,29.4,100.0,64.2,87.4,94.6,87.0,94.3,90.9,93.8,12.152999999999999,5,5,5,88.422
25.15,6.0,21.512,40.857,36.751999999999995,69.411,107.545,110.537,65.3,55.1,29.4,100.0,64.2,87.4,94.6,87.0,94.3,90.9,93.8,12.224,5,5,5,88.60300000000001
25.17,6.0,22.3,41.008,36.914,71.532,107.34299999999999,110.537,65.3,55.1,29.4,100.0,64.2,87.4,94.6,87.0,94.3,90.9,93.8,12.254999999999999,5,5,5,88.812
25.19,6.0,21.44,41.477,36.739000000000004,74.038,107.14,110.463,65.3,55.1,29.4,100.0,64.2,87.4,94.6,87.0,94.3,90.9,93.8,12.033999999999999,5,5,5,88.98899999999999
25.21,6.0,21.538,40.766,36.775999999999996,70.008,107.163,110.555,65.3,55.1,29.4,100.0,64.2,87.4,94.6,87.0,94.3,90.9,93.8,12.301,5,5,5,89.189
25.23,6.0,21.436,41.0,36.813,70.192,107.23,110.334,65.3,55.1,29.4,100.0,64.2,87.4,94.6,87.0,94.3,90.9,93.8,12.137,5,5,5,89.388
25.25,6.0,21.703,40.916,36.751,69.316,107.275,110.445,65.3,55.1,29.4,100.0,64.2,87.4,94.6,87.0,94.3,90.9,93.8,12.096,5,5,5,89.612
25.27,6.0,21.335,40.471,36.929,70.619,107.23,110.647,65.3,55.1,29.4,100.0,64.2,87.4,94.6,87.0,94.344,90.9,93.8,11.954,5,5,5,89.832
25.29,6.0,21.914,40.915,36.739000000000004,73.658,107.34299999999999,110.463,65.3,55.1,29.4,100.0,64.2,87.4,94.6,87.0,94.368,90.9,93.8,12.332999999999998,5,5,5,90.045
25.31,6.0,21.605,40.575,37.12,70.949,107.455,110.445,65.3,55.1,29.4,100.0,64.2,87.4,94.6,87.0,94.382,90.9,93.8,11.884,5,5,5,90.264
25.33,6.0,21.289,41.045,36.855999999999995,70.385,107.23,110.40799999999999,65.3,55.1,29.4,100.0,64.2,87.4,94.6,87.0,94.39,90.9,93.8,12.036000000000001,5,5,5,90.48899999999999
25.35,6.0,21.147000000000002,40.395,36.69,69.556,107.117,110.352,65.3,55.1,29.4,100.0,64.2,87.4,94.6,87.0,94.39399999999999,90.9,93.8,11.754999999999999,5,5,5,90.70100000000001
25.37,6.0,21.4,40.476,36.773,70.735,107.14,110.426,65.3,55.1,29.4,100.0,64.2,87.4,94.6,87.0,94.39699999999999,90.9,93.8,12.265,5,5,5,90.944
25.39,6.0,20.602,39.95,36.745999999999995,73.235,107.072,110.352,65.3,55.1,29.4,100.0,64.2,87.4,94.6,87.0,94.398,90.9,93.8,11.318999999999999,5,5,5,91.152
25.41,6.0,21.244,40.929,36.885000000000005,70.885,107.095,110.29700000000001,65.3,55.1,29.4,100.0,64.2,87.4,94.6,87.0,94.399,90.9,93.8,12.257000000000001,5,5,5,91.377
25.43,6.0,20.96,40.329,37.031,70.972,107.163,110.111,65.3,55.1,29.4,100.0,64.2,87.4,94.6,87.0,94.399,90.9,93.8,11.266,5,5,5,91.635
25.45,6.0,21.06,40.326,36.644000000000005,70.85600000000001,107.00399999999999,110.185,65.3,55.1,29.4,100.0,64.2,87.4,94.6,87.0,94.4,90.9,93.8,12.652000000000001,5,5,5,91.844
25.47,6.0,20.485999999999997,40.202,36.806,69.074,106.98200000000001,110.204,65.3,55.1,29.4,100.0,64.2,87.4,94.6,87.0,94.4,90.9,93.8,11.25,5,5,5,92.05799999999999
25.49,6.0,21.241,40.562,36.787,73.877,107.05,109.943,65.3,55.1,29.4,100.0,64.2,87.4,94.6,87.0,94.4,90.9,93.8,12.481,5,5,5,92.274
25.51,7.0,21.005,40.22,36.614999999999995,73.39,107.027,109.887,65.3,55.1,29.4,100.0,64.2,87.4,94.6,87.0,94.4,90.9,93.8,11.294,5,5,5,92.5
25.53,7.0,21.082,40.163000000000004,36.742,67.33600000000001,107.00399999999999,110.315,65.3,55.1,29.4,100.0,64.2,87.4,94.6,87.0,94.4,90.9,93.8,12.969,5,5,5,92.744
25.55,7.0,21.172,39.88,36.691,55.45,107.072,110.29700000000001,65.3,55.1,29.4,100.0,64.2,87.4,94.6,87.0,94.4,90.9,93.8,11.482,5,5,5,93.228
25.57,7.0,20.988,40.383,36.647,42.91,106.777,110.167,65.3,55.1,29.4,100.0,64.2,87.4,94.6,87.0,94.4,90.9,93.8,12.597999999999999,5,5,5,93.93700000000001
25.59,7.0,20.86,40.161,36.596999999999994,33.809,106.777,109.794,65.3,55.1,29.4,100.0,64.2,87.4,94.6,87.0,94.4,90.9,93.8,11.314,5,5,5,94.587
25.61,7.0,20.34,40.445,36.542,28.06,106.8,110.037,65.3,55.1,29.4,100.0,64.2,87.4,94.6,87.0,94.4,90.9,93.8,11.677,5,5,5,95.029
25.63,7.0,20.531,39.896,36.708,21.597,106.64,109.869,65.3,55.1,29.4,100.0,64.2,87.4,94.6,87.0,94.4,90.9,93.8,11.802,5,5,5,95.305
25.65,7.0,20.432000000000002,40.301,36.513999999999996,15.882,106.822,109.587,65.3,55.1,29.4,100.0,64.2,87.4,94.6,87.0,94.4,90.9,93.8,11.504,5,5,5,95.52799999999999
25.67,7.0,20.847,40.01,36.638999999999996,11.912,106.617,109.719,65.3,55.1,29.4,100.0,64.2,87.4,94.6,87.0,94.4,90.9,93.8,12.384,5,5,5,95.68799999999999
25.69,7.0,20.528,40.253,36.75,9.306999999999999,106.387,109.625,65.3,55.1,29.4,100.0,64.2,87.4,94.6,87.0,94.4,90.9,93.8,10.881,5,5,5,95.85600000000001
25.71,7.0,20.418,39.721,36.42,7.8919999999999995,106.594,109.64399999999999,65.3,55.1,29.4,100.0,64.2,87.4,94.6,87.0,94.4,90.9,93.8,12.461,5,5,5,96.109
25.73,7.0,20.715,40.169000000000004,36.712,7.236,106.617,109.568,65.3,55.1,29.4,100.0,64.2,87.4,94.6,87.0,94.4,90.9,93.8,11.283999999999999,5,5,5,96.301
25.75,7.0,20.853,40.059,36.501999999999995,6.684,106.617,109.60600000000001,65.3,55.1,29.4,100.0,64.2,87.4,94.6,87.0,94.4,90.9,93.8,11.378,5,5,5,96.476
25.77,7.0,20.544,39.528,36.648,15.872,106.571,109.64399999999999,65.3,55.1,29.4,100.0,64.2,87.4,94.6,87.0,94.4,90.9,93.8,11.629999999999999,5,5,5,96.62799999999999
25.79,7.0,20.134,39.508,36.498000000000005,12.357,106.525,109.719,65.3,55.1,29.4,100.0,64.2,87.4,94.6,87.0,94.4,90.9,93.8,11.175,5,5,5,96.79700000000001
25.81,7.0,20.601,39.762,36.516999999999996,9.056999999999999,106.617,109.55,65.3,55.1,29.4,100.0,64.2,87.4,94.6,87.0,94.4,90.9,93.8,12.072,5,5,5,96.867
25.83,7.0,20.317,39.681999999999995,36.479,7.617,106.456,109.493,65.3,55.1,29.4,100.0,64.2,87.4,94.6,87.0,94.4,90.9,93.8,10.42,5,5,5,97.0
25.85,7.0,20.505000000000003,40.451,36.786,7.039,106.41,109.41799999999999,65.3,55.1,29.4,100.0,64.2,87.4,94.6,87.0,94.4,90.9,93.8,11.915,5,5,5,97.07
25.87,7.0,20.231,39.446999999999996,36.549,7.711,106.318,109.41799999999999,65.3,55.1,29.4,100.0,64.2,87.4,94.6,87.0,94.4,90.9,93.8,11.488,5,5,5,97.171
25.89,7.0,19.781,39.717,36.668000000000006,8.879999999999999,106.272,109.361,65.3,55.1,29.4,100.0,64.2,87.4,94.6,87.0,94.4,90.9,93.8,11.287,5,5,5,97.235
25.91,7.0,20.161,39.312,36.467,7.641,106.41,109.399,65.3,55.1,29.4,100.0,64.2,87.4,94.6,87.0,94.4,90.9,93.8,11.492999999999999,5,5,5,97.334
25.93,7.0,20.115000000000002,40.006,36.594,12.549,106.295,109.38,65.3,55.1,29.4,100.0,64.2,87.4,94.6,87.0,94.4,90.9,93.8,11.085,5,5,5,97.45700000000001
25.95,7.0,19.912,39.284,36.568,10.981,106.156,109.399,65.3,55.1,29.4,100.0,64.2,87.4,94.6,87.0,94.4,90.9,93.8,12.344,5,5,5,97.665
25.97,7.0,20.143,39.167,36.620999999999995,14.757,106.225,109.304,65.3,55.1,29.4,100.0,64.2,87.4,94.6,87.0,94.4,90.9,93.8,10.526,5,5,5,97.943
25.99,7.0,20.174,39.52,36.421,18.927,106.06299999999999,109.304,65.3,55.1,29.4,100.0,64.2,87.4,94.6,87.0,94.4,90.9,93.8,11.558,5,5,5,98.29
26.01,7.0,20.314,39.580999999999996,36.655,19.913,106.249,109.323,65.3,55.1,29.4,100.0,64.2,87.4,94.6,87.0,94.4,90.9,93.8,11.597999999999999,5,5,5,98.71600000000001
26.03,7.0,20.548000000000002,39.211,36.302,22.452,106.06299999999999,109.323,65.3,55.1,29.4,100.0,64.2,87.4,94.6,87.0,94.4,90.9,93.8,11.35,5,5,5,99.178
26.05,7.0,20.076,39.461,36.586,22.428,106.179,109.455,65.3,55.1,29.4,100.0,64.2,87.4,94.6,87.0,94.4,90.9,93.8,12.072,5,5,5,99.67
26.07,7.0,20.289,38.787,36.456999999999994,21.445,106.06299999999999,109.323,65.3,55.1,29.4,100.0,64.2,87.4,94.6,87.0,94.4,90.9,93.8,10.988,5,5,5,100.215
26.09,7.0,19.915999999999997,39.396,36.510999999999996,21.430999999999997,106.06299999999999,109.19,65.3,55.1,29.4,100.0,64.2,87.4,94.6,87.0,94.4,90.9,93.8,12.381,5,5,5,100.764
26.11,7.0,19.71,39.504,36.574,20.099,106.01700000000001,109.304,65.3,55.1,29.4,100.0,64.2,87.4,94.6,87.0,94.4,90.9,93.8,10.945,5,5,5,101.307
26.13,7.0,19.612000000000002,39.516,36.519000000000005,20.149,105.92399999999999,109.228,65.3,55.1,29.4,100.0,64.2,87.4,94.6,87.0,94.4,90.9,93.8,11.411000000000001,5,5,5,101.84100000000001
26.15,7.0,20.025,38.855,36.153000000000006,18.977,105.92399999999999,109.38,65.3,55.1,29.4,100.0,64.2,87.4,94.6,87.0,94.4,90.9,93.8,11.562999999999999,5,5,5,102.389
26.17,7.0,19.933,39.031,36.421,15.908,105.947,109.209,65.3,55.1,29.4,100.0,64.2,87.4,94.6,87.0,94.4,90.9,93.8,11.251000000000001,5,5,5,102.93
26.19,7.0,19.847,39.195,36.345,12.213,105.854,109.11399999999999,65.3,55.1,29.4,100.0,64.2,87.4,94.6,87.0,94.4,90.9,93.8,11.861,5,5,5,103.43299999999999
26.21,7.0,19.459000000000003,38.952,36.393,9.683,105.83,109.152,65.3,55.1,29.4,100.0,64.2,87.4,94.6,87.0,94.4,90.9,93.8,10.780000000000001,5,5,5,103.85
26.23,7.0,19.61,38.945,36.29,7.9670000000000005,105.666,108.848,65.3,55.1,29.4,100.0,64.2,87.4,94.6,87.0,94.4,90.9,93.8,12.655000000000001,5,5,5,104.169
26.25,7.0,19.168,38.63,36.379999999999995,6.672,105.64299999999999,108.675,65.3,55.1,29.4,100.0,64.2,87.4,94.6,87.0,94.4,90.9,93.8,12.058,5,5,5,104.351
26.27,7.0,19.561,39.193000000000005,36.419,6.301,105.78399999999999,108.73299999999999,65.3,55.1,29.4,100.0,64.2,87.4,94.6,87.0,94.4,90.9,93.8,11.18,5,5,5,104.46
26.29,7.0,19.490000000000002,38.760999999999996,36.355999999999995,5.53,105.50200000000001,108.79,65.3,55.1,29.4,100.0,64.2,87.4,94.6,87.0,94.4,90.9,93.8,11.817,5,5,5,104.47399999999999
26.31,8.0,19.735,38.9,36.229,5.132,105.525,108.943,65.3,55.1,29.4,100.0,64.2,87.4,94.6,87.0,94.4,90.9,93.8,11.036000000000001,5,5,5,104.488
26.33,8.0,19.72,38.946999999999996,36.428,4.918,105.572,108.905,65.3,55.1,29.4,100.0,64.2,87.4,94.6,87.0,94.4,90.9,93.8,11.86,5,5,5,104.488
26.35,8.0,19.877000000000002,38.719,36.14,4.832,105.36,108.73299999999999,65.3,55.1,29.4,100.0,64.2,87.4,94.6,87.0,94.4,90.9,93.8,10.457999999999998,5,5,5,104.48299999999999
26.37,8.0,19.239,38.866,36.228,5.049,105.40700000000001,108.73299999999999,65.3,55.1,29.4,100.0,64.2,87.4,94.6,87.0,94.4,90.9,93.8,11.754999999999999,5,5,5,104.488
26.39,8.0,19.314,39.181,36.199,4.686,105.431,108.771,65.3,55.1,29.4,100.0,64.2,87.4,94.6,87.0,94.4,90.9,93.8,11.501000000000001,5,5,5,104.5
26.41,8.0,19.232999999999997,38.77,36.431,4.825,105.31299999999999,108.521,65.3,55.1,29.4,100.0,64.2,87.4,94.6,87.0,94.4,90.9,93.8,11.248,5,5,5,104.5
26.43,8.0,19.4,38.638000000000005,36.06,4.96,105.337,108.675,65.3,55.1,29.4,100.0,64.2,87.4,94.6,87.0,94.4,90.9,93.8,11.552,5,5,5,104.49799999999999
26.45,8.0,19.479,38.544000000000004,36.477,4.942,105.36,108.809,65.3,55.1,29.4,100.0,64.2,87.4,94.6,87.0,94.4,90.9,93.8,10.915,5,5,5,104.501
26.47,8.0,19.033,38.687,36.195,4.411,105.242,108.48299999999999,65.3,55.1,29.4,100.0,64.2,87.4,94.6,87.0,94.4,90.9,93.8,12.006,5,5,5,104.499
26.49,8.0,19.239,38.391,36.148,4.355,105.337,108.618,65.3,55.1,29.4,100.0,64.2,87.4,94.6,87.0,94.4,90.9,93.8,10.59,5,5,5,104.5
26.51,8.0,19.092,38.52,36.18,4.501,105.337,108.464,65.3,55.1,29.4,100.0,64.2,87.4,94.6,87.0,94.4,90.9,93.8,11.536000000000001,5,5,5,104.501
26.53,8.0,18.781,37.964,36.212,5.373,105.289,108.48299999999999,65.3,55.1,29.4,100.0,64.2,87.4,94.6,87.0,94.4,90.9,93.8,11.65,5,5,5,104.49799999999999
26.55,8.0,19.099,38.464,36.221000000000004,4.908,105.337,108.48299999999999,65.3,55.1,29.4,100.0,64.2,87.4,94.6,87.0,94.4,90.9,93.8,11.206,5,5,5,104.501
26.57,8.0,18.802999999999997,38.864000000000004,36.393,4.877,105.00399999999999,108.193,65.3,55.1,29.4,100.0,64.2,87.4,94.6,87.0,94.4,90.9,93.8,11.796,5,5,5,104.499
26.59,8.0,19.387999999999998,38.224000000000004,36.311,5.033,105.147,108.17299999999999,65.3,55.1,29.4,100.0,64.2,87.4,94.6,87.0,94.4,90.9,93.8,10.631,5,5,5,104.494
26.61,8.0,19.057000000000002,38.455,36.042,5.026,105.21799999999999,108.251,65.3,55.1,29.4,100.0,64.2,87.4,94.6,87.0,94.4,90.9,93.8,11.888,5,5,5,104.501
26.63,8.0,18.930999999999997,38.258,36.244,5.197,105.31299999999999,108.425,65.3,55.1,29.4,100.0,64.2,87.4,94.6,87.0,94.4,90.9,93.8,11.447,5,5,5,104.507
26.65,8.0,18.593,38.232,36.224000000000004,4.888,105.075,108.251,65.3,55.1,29.4,100.0,64.2,87.4,94.6,87.0,94.4,90.9,93.8,11.264,5,5,5,104.50299999999999
26.67,8.0,18.741,38.464,36.036,4.901,105.09899999999999,108.309,65.3,55.1,29.4,100.0,64.2,87.4,94.6,87.0,94.4,90.9,93.8,11.509,5,5,5,104.501
26.69,8.0,18.187,38.008,36.198,4.827,105.09899999999999,108.406,65.3,55.1,29.4,100.0,64.2,87.4,94.6,87.0,94.4,90.9,93.8,10.799,5,5,5,104.49799999999999
26.71,8.0,18.500999999999998,38.411,36.239000000000004,4.636,105.21799999999999,108.27,65.3,55.1,29.4,100.0,64.2,87.4,94.6,87.0,94.4,90.9,93.8,12.244,5,5,5,104.499
26.73,8.0,18.176,37.773,36.009,4.522,105.147,108.23200000000001,65.3,55.1,29.4,100.0,64.2,87.4,94.6,87.0,94.4,90.9,93.8,10.89,5,5,5,104.50399999999999
26.75,8.0,18.782,37.995,35.884,5.035,105.075,108.01799999999999,65.3,55.1,29.4,100.0,64.2,87.4,94.6,87.0,94.4,90.9,93.8,11.190000000000001,5,5,5,104.50299999999999
26.77,8.0,18.29,37.994,35.956,5.309,105.21799999999999,108.037,65.3,55.1,29.4,100.0,64.2,87.4,94.6,87.0,94.4,90.9,93.8,11.559999999999999,5,5,5,104.49799999999999
26.79,8.0,18.919,38.141999999999996,35.978,5.617,105.147,108.17299999999999,65.3,55.1,29.4,100.0,64.2,87.4,94.6,87.0,94.4,90.9,93.8,10.683,5,5,5,104.49799999999999
26.81,8.0,18.1,37.83,35.797,5.43,105.075,107.881,65.3,55.1,29.4,100.0,64.2,87.4,94.6,87.0,94.4,90.9,93.8,11.631,5,5,5,104.50200000000001
26.83,8.0,18.228,38.032,36.149,5.279,105.075,108.037,65.3,55.1,29.4,100.0,64.2,87.4,94.6,87.0,94.4,90.9,93.8,10.264,5,5,5,104.50200000000001
26.85,8.0,18.430999999999997,37.624,35.973,5.631,104.956,108.057,65.1,55.0,29.4,100.0,64.5,87.4,94.6,87.0,94.4,90.9,93.8,10.95,5,5,5,104.49799999999999
26.87,8.0,18.7,38.199,35.980999999999995,4.382,105.09899999999999,108.037,65.1,55.0,29.4,100.0,64.5,87.4,94.6,87.0,94.4,90.9,93.8,11.209,5,5,5,104.50399999999999
26.89,8.0,18.322000000000003,37.914,35.977,4.317,104.884,108.212,65.1,55.0,29.4,100.0,64.5,87.4,94.6,87.0,94.4,90.9,93.8,10.978,5,5,5,104.49600000000001
26.91,8.0,18.032,37.933,36.078,5.259,104.98,108.17299999999999,65.1,55.0,29.4,100.0,64.5,87.4,94.6,87.0,94.4,90.9,93.8,11.84,5,5,5,104.494
26.93,8.0,18.232,37.559,35.97,5.498,104.90799999999999,107.90100000000001,65.1,55.0,29.4,100.0,64.5,87.4,94.6,87.0,94.4,90.9,93.8,10.32,5,5,5,104.49700000000001
26.95,8.0,18.086,38.257,36.089,5.704,104.884,107.78399999999999,65.1,55.0,29.4,100.0,64.5,87.4,94.6,87.0,94.4,90.9,93.8,11.748,5,5,5,104.5
26.97,8.0,18.125999999999998,38.046,35.95,5.008,104.69200000000001,107.959,65.1,55.0,29.4,100.0,64.5,87.4,94.6,87.0,94.4,90.9,93.8,11.202000000000002,5,5,5,104.492
26.99,8.0,17.755000000000003,37.833,36.012,4.84,104.98,108.154,65.1,55.0,29.4,100.0,64.5,87.4,94.6,87.0,94.4,90.9,93.8,10.967,5,5,5,104.49700000000001
27.01,8.0,18.039,37.299,35.855999999999995,5.397,104.836,107.78399999999999,65.1,55.0,29.4,100.0,64.5,87.4,94.6,87.0,94.4,90.9,93.8,11.620000000000001,5,5,5,104.493
27.03,8.0,18.009,37.836999999999996,35.775,5.354,104.884,107.823,65.1,55.0,29.4,100.0,64.5,87.4,94.6,87.0,94.4,90.9,93.8,10.616,5,5,5,104.5
27.05,8.0,17.978,37.684,35.944,5.061,104.86,107.94,65.1,55.0,29.4,100.0,64.5,87.4,94.6,87.0,94.4,90.9,93.8,12.035,5,5,5,104.49799999999999
27.07,8.0,18.256999999999998,38.257,35.915,5.416,104.90799999999999,107.86200000000001,65.1,55.0,29.4,100.0,64.5,87.4,94.6,87.0,94.4,90.9,93.8,11.533999999999999,5,5,5,104.495
27.09,8.0,18.029000000000003,37.505,36.021,5.174,104.69200000000001,107.78399999999999,65.1,55.0,29.4,100.0,64.5,87.4,94.6,87.0,94.4,90.9,93.8,11.157,5,5,5,104.50299999999999
27.11,8.0,17.82,37.624,35.918000000000006,4.639,104.71600000000001,107.84200000000001,65.1,55.0,29.4,100.0,64.5,87.4,94.6,87.0,94.4,90.9,93.8,11.693,5,5,5,104.499
27.13,8.0,17.369999999999997,37.393,35.94,5.011,104.62,107.823,65.1,55.0,29.4,100.0,64.5,87.4,94.6,87.0,94.4,90.9,93.8,10.870000000000001,5,5,5,104.49700000000001
27.15,8.0,17.7,37.692,35.968,5.198,104.54799999999999,107.78399999999999,65.1,55.0,29.4,100.0,64.5,87.4,94.6,87.0,94.4,90.9,93.8,11.907,5,5,5,104.505
27.17,8.0,17.52,37.111,35.94,4.666,104.596,107.86200000000001,65.1,55.0,29.4,100.0,64.5,87.4,94.6,87.0,94.4,90.9,93.8,10.724,5,5,5,104.501
27.19,8.0,17.863,37.383,36.072,4.925,104.62,107.803,65.1,55.0,29.4,100.0,64.5,87.4,94.6,87.0,94.4,90.9,93.8,11.232,5,5,5,104.50200000000001
27.21,8.0,17.929000000000002,37.329,35.870999999999995,4.882,104.427,107.823,65.1,55.0,29.4,100.0,64.5,87.4,94.6,87.0,94.4,90.9,93.8,11.324,5,5,5,104.505
27.23,8.0,17.55,37.732,36.134,5.225,104.64399999999999,107.666,65.1,55.0,29.4,100.0,64.5,87.4,94.6,87.0,94.4,90.9,93.8,11.071000000000002,5,5,5,104.5
27.25,8.0,17.533,37.0,36.113,4.884,104.64399999999999,107.449,65.1,55.0,29.4,100.0,64.5,87.4,94.6,87.0,94.4,90.9,93.8,12.058,5,5,5,104.51
27.27,8.0,17.268,37.78,36.138999999999996,4.69,104.45100000000001,107.54799999999999,65.1,55.0,29.4,100.0,64.5,87.4,94.6,87.0,94.4,90.9,93.8,10.463999999999999,5,5,5,104.514
27.29,8.0,17.374000000000002,37.335,35.989999999999995,5.037,104.475,107.60700000000001,65.1,55.0,29.4,100.0,64.5,87.4,94.6,87.0,94.4,90.9,93.8,11.347999999999999,5,5,5,104.50399999999999
27.31,8.0,17.412,37.166,35.948,5.169,104.572,107.587,65.1,55.0,29.4,100.0,64.5,87.4,94.6,87.0,94.4,90.9,93.8,11.412,5,5,5,104.51100000000001
27.33,8.0,17.607,37.172,35.848,5.097,104.33,107.449,65.1,55.0,29.4,100.0,64.5,87.4,94.6,87.0,94.4,90.9,93.8,11.05,5,5,5,104.507
27.35,8.0,17.537,37.275999999999996,35.864999999999995,4.846,104.354,107.449,65.1,55.0,29.4,100.0,64.5,87.4,94.6,87.0,94.4,90.9,93.8,11.75,5,5,5,104.499
27.37,8.0,17.137999999999998,36.804,35.997,4.671,104.23200000000001,107.54799999999999,65.1,55.0,29.4,100.0,64.5,87.4,94.6,87.0,94.4,90.9,93.8,10.544,5,5,5,104.506
27.39,8.0,17.439999999999998,37.227,35.922,4.764,104.33,107.52799999999999,65.1,55.0,29.4,100.0,64.5,87.4,94.6,87.0,94.4,90.9,93.8,11.907,5,5,5,104.499
27.41,8.0,17.401,36.926,35.855999999999995,4.73,104.37799999999999,107.587,65.1,55.0,29.4,100.0,64.5,87.4,94.6,87.0,94.4,90.9,93.8,11.295,5,5,5,104.49799999999999
27.43,8.0,17.266,37.150999999999996,35.89,4.582,104.184,107.25200000000001,65.1,55.0,29.4,100.0,64.5,87.4,94.6,87.0,94.4,90.9,93.8,11.106,5,5,5,104.516
27.45,8.0,17.41,36.887,35.793000000000006,4.824,104.23200000000001,107.311,65.1,55.0,29.4,100.0,64.5,87.4,94.6,87.0,94.4,90.9,93.8,11.457999999999998,5,5,5,104.492
27.47,8.0,17.326,36.778000000000006,35.784000000000006,5.145,104.257,107.43,65.1,55.0,29.4,100.0,64.5,87.4,94.6,87.0,94.4,90.9,93.8,10.626000000000001,5,5,5,104.49
27.49,8.0,17.349,37.061,35.772,5.164,104.281,107.509,65.1,55.0,29.4,100.0,64.5,87.4,94.6,87.0,94.4,90.9,93.8,11.914,5,5,5,104.509
27.51,8.0,17.684,37.116,35.816,4.906,104.11,107.48899999999999,65.1,55.0,29.4,100.0,64.5,87.4,94.6,87.0,94.4,90.9,93.8,10.676,5,5,5,104.501
27.53,8.0,17.15,36.641,35.803,4.882,104.257,107.351,65.1,55.0,29.4,100.0,64.5,87.4,94.6,87.0,94.4,90.9,93.8,11.116,5,5,5,104.508
27.55,8.0,17.414,37.126999999999995,35.967,4.802,104.184,107.271,65.1,55.0,29.4,100.0,64.5,87.4,94.6,87.0,94.4,90.9,93.8,11.775,5,5,5,104.5
27.57,8.0,17.154000000000003,36.7,35.861999999999995,4.96,104.208,107.19200000000001,65.1,55.0,29.4,100.0,64.5,87.4,94.6,87.0,94.4,90.9,93.8,10.89,5,5,5,104.50399999999999
27.59,8.0,16.794,36.919,35.806,5.169,104.11,107.25200000000001,65.1,55.0,29.4,100.0,64.5,87.4,94.6,87.0,94.4,90.9,93.8,11.92,5,5,5,104.507
27.61,8.0,17.261,36.585,35.71,5.853,103.914,107.113,65.1,55.0,29.4,100.0,64.5,87.4,94.6,87.0,94.4,90.9,93.8,11.299,5,5,5,104.499
27.63,8.0,17.511,37.122,35.762,5.808,104.15899999999999,106.95299999999999,65.1,55.0,29.4,100.0,64.5,87.4,94.6,87.0,94.4,90.9,93.8,11.835,5,5,5,104.509
27.65,8.0,16.860999999999997,36.46,35.864000000000004,5.411,104.11,107.03299999999999,65.1,55.0,29.4,100.0,64.5,87.4,94.6,87.0,94.4,90.9,93.8,11.93,5,5,5,104.506
27.67,8.0,17.125999999999998,36.948,35.679,5.521,103.865,107.03299999999999,65.1,55.0,29.4,100.0,64.5,87.4,94.6,87.0,94.4,90.9,93.8,11.789,5,5,5,104.50399999999999
27.69,8.0,17.008,36.305,35.706,5.479,104.15899999999999,107.17200000000001,65.1,55.0,29.4,100.0,64.5,87.4,94.6,87.0,94.4,90.9,93.8,11.896,5,5,5,104.50299999999999
27.71,8.0,17.139000000000003,36.57,35.711,5.15,103.988,107.03299999999999,65.1,55.0,29.4,100.0,64.5,87.4,94.6,87.0,94.4,90.9,93.8,11.898,5,5,5,104.50299999999999
27.73,8.0,17.029000000000003,36.969,35.829,5.504,103.89,107.01299999999999,65.1,55.0,29.4,100.0,64.5,87.4,94.6,87.0,94.4,90.9,93.8,12.030000000000001,5,5,5,104.50399999999999
27.75,8.0,16.765,36.789,35.641,5.485,104.06200000000001,107.152,65.1,55.0,29.4,100.0,64.5,87.4,94.6,87.0,94.4,90.9,93.8,11.931000000000001,5,5,5,104.506
27.77,8.0,16.793,36.101,35.629999999999995,5.712,103.964,107.133,65.1,55.0,29.4,100.0,64.5,87.4,94.6,87.0,94.4,90.9,93.8,12.370000000000001,5,5,5,104.501
27.79,8.0,17.199,36.275,35.784000000000006,5.405,103.964,107.152,65.1,55.0,29.4,100.0,64.5,87.4,94.6,87.0,94.4,90.9,93.8,12.09,5,5,5,104.501
27.81,8.0,16.848,36.527,35.9,5.403,103.89,107.113,65.1,55.0,29.4,100.0,64.5,87.4,94.6,87.0,94.4,90.9,93.8,12.342,5,5,5,104.495
27.83,8.0,16.83,36.137,35.977,5.591,103.988,107.03299999999999,65.1,55.0,29.4,100.0,64.5,87.4,94.6,87.0,94.4,90.9,93.8,12.251000000000001,5,5,5,104.506
27.85,8.0,16.892000000000003,36.041,35.665,5.135,103.964,107.113,65.1,55.0,29.4,100.0,64.5,87.4,94.6,87.0,94.4,90.9,93.8,12.597000000000001,5,5,5,104.5
27.87,8.0,16.695,36.6,35.739000000000004,4.867,103.89,107.09299999999999,65.1,55.0,29.4,100.0,64.5,87.4,94.6,87.0,94.4,90.9,93.8,12.218,5,5,5,104.501
27.89,8.0,16.323,35.989999999999995,35.772,4.655,103.742,106.833,65.1,55.0,29.4,100.0,64.5,87.4,94.6,87.0,94.4,90.9,93.8,12.859,5,5,5,104.505
27.91,8.0,16.432000000000002,36.063,36.05,5.098,103.64299999999999,106.73299999999999,65.1,55.0,29.4,100.0,64.5,87.4,94.6,87.0,94.4,90.9,93.8,12.307,5,5,5,104.499
27.93,8.0,16.503,36.19199999999999,35.675,4.977,103.816,106.81299999999999,65.1,55.0,29.4,100.0,64.5,87.4,94.6,87.0,94.4,90.9,93.8,12.477,5,5,5,104.50200000000001
27.95,8.0,16.262,36.501999999999995,35.816,4.716,103.742,106.95299999999999,65.1,55.0,29.4,100.0,64.5,87.4,94.6,87.0,94.4,90.9,93.8,12.433,5,5,5,104.50200000000001
27.97,8.0,17.079,36.296,35.760999999999996,4.432,103.71700000000001,106.89299999999999,65.1,55.0,29.4,100.0,64.5,87.4,94.6,87.0,94.4,90.9,93.8,12.754999999999999,5,5,5,104.49799999999999
27.99,8.0,16.756,36.262,35.846999999999994,4.2620000000000005,103.76700000000001,106.87299999999999,65.1,55.0,29.4,100.0,64.5,87.4,94.6,87.0,94.4,90.9,93.8,12.228,5,5,5,104.501
28.01,8.0,16.692999999999998,35.983000000000004,35.855000000000004,4.685,103.64299999999999,106.93299999999999,65.1,55.0,29.4,100.0,64.5,87.4,94.6,87.0,94.4,90.9,93.8,12.783999999999999,5,5,5,104.49700000000001
28.03,8.0,16.606,36.090999999999994,35.839,4.402,103.742,106.833,65.1,55.0,29.4,100.0,64.5,87.4,94.6,87.0,94.4,90.9,93.8,12.115,5,5,5,104.50299999999999
28.05,8.0,16.237000000000002,36.235,35.818,4.212,103.693,106.773,65.1,55.0,29.4,100.0,64.5,87.4,94.6,87.0,94.4,90.9,93.8,12.733,5,5,5,104.501
28.07,8.0,16.117,36.916,35.91,5.149,103.594,106.773,65.1,55.0,29.4,100.0,64.5,87.4,94.6,87.0,94.4,90.9,93.8,12.151,5,5,5,104.50399999999999
28.09,8.0,16.402,35.706,35.743,4.71,103.64299999999999,106.65299999999999,65.1,55.0,29.4,100.0,64.5,87.4,94.6,87.0,94.4,90.9,93.8,12.474,5,5,5,104.499
28.11,8.0,16.314999999999998,36.117,35.80800000000001,4.688,103.742,106.713,65.1,55.0,29.4,100.0,64.5,87.4,94.6,87.0,94.4,90.9,93.8,12.114,5,5,5,104.49799999999999
28.13,8.0,16.187,35.620999999999995,35.598,4.799,103.742,106.65299999999999,65.1,55.0,29.4,100.0,64.5,87.4,94.6,87.0,94.4,90.9,93.8,13.041,5,5,5,104.49799999999999
28.15,8.0,16.187,36.001,35.831,4.97,103.816,106.65299999999999,65.1,55.0,29.4,100.0,64.5,87.4,94.6,87.0,94.4,90.9,93.8,11.978,5,5,5,104.50299999999999
28.17,8.0,15.95,35.954,35.703,5.248,103.544,106.65299999999999,65.1,55.0,29.4,100.0,64.5,87.4,94.6,87.0,94.4,90.9,93.8,12.888,5,5,5,104.501
28.19,8.0,16.451,35.846999999999994,35.855999999999995,5.536,103.71700000000001,106.73299999999999,65.1,55.0,29.4,100.0,64.5,87.4,94.6,87.0,94.4,90.9,93.8,11.972999999999999,5,5,5,104.50299999999999
28.21,8.0,16.232999999999997,35.541,35.751,5.283,103.619,106.79299999999999,65.1,55.0,29.4,100.0,64.5,87.4,94.6,87.0,94.4,90.9,93.8,12.788,5,5,5,104.49700000000001
28.23,8.0,15.710999999999999,35.998000000000005,35.685,5.808,103.345,106.552,65.1,55.0,29.4,100.0,64.5,87.4,94.6,87.0,94.4,90.9,93.8,11.969,5,5,5,104.50299999999999
28.25,8.0,15.879000000000001,35.796,35.763000000000005,5.883,103.693,106.552,65.1,55.0,29.4,100.0,64.5,87.4,94.6,87.0,94.4,90.9,93.8,13.31,5,5,5,104.50200000000001
28.27,8.0,16.11,36.016,35.831999999999994,5.957,103.51899999999999,106.229,65.1,55.0,29.4,100.0,64.5,87.4,94.6,87.0,94.4,90.9,93.8,11.876000000000001,5,5,5,104.49600000000001
28.29,8.0,15.992,35.623000000000005,35.679,6.846,103.544,106.47200000000001,65.1,55.0,29.4,100.0,64.5,87.4,94.6,87.0,94.4,90.9,93.8,13.055,5,5,5,104.499
28.31,8.0,16.475,35.664,35.678,7.3759999999999994,103.37,106.47200000000001,65.1,55.0,29.4,100.0,64.5,87.4,94.6,87.0,94.4,90.9,93.8,11.984,5,5,5,104.51100000000001
28.33,8.0,15.769,35.666,35.618,5.866,103.295,106.26899999999999,65.1,55.0,29.4,100.0,64.5,87.4,94.6,87.0,94.4,90.9,93.8,13.486,5,5,5,104.507
28.35,8.0,15.995999999999999,35.71,35.952,5.777,103.594,106.35,65.1,55.0,29.4,100.0,64.5,87.4,94.6,87.0,94.4,90.9,93.8,12.049,5,5,5,104.50299999999999
28.37,8.0,15.852,35.974000000000004,35.822,5.774,103.42,106.249,65.1,55.0,29.4,100.0,64.5,87.4,94.6,87.0,94.4,90.9,93.8,13.72,5,5,5,104.50299999999999
28.39,8.0,15.870999999999999,35.756,35.878,5.604,103.51899999999999,106.47200000000001,65.1,55.0,29.4,100.0,64.5,87.4,94.6,87.0,94.4,90.9,93.8,12.292000000000002,5,5,5,104.506
28.41,8.0,15.974,35.773,35.616,5.409,103.37,106.512,65.1,55.0,29.4,100.0,64.5,87.4,94.6,87.0,94.4,90.9,93.8,13.781,5,5,5,104.50200000000001
28.43,8.0,15.933,35.336,35.845,5.394,103.47,106.391,65.1,55.0,29.4,100.0,64.5,87.4,94.6,87.0,94.4,90.9,93.8,12.283,5,5,5,104.50200000000001
28.45,8.0,15.375,36.048,35.733000000000004,5.466,103.693,106.18799999999999,65.1,55.0,29.4,100.0,64.5,87.4,94.6,87.0,94.4,90.9,93.8,13.845,5,5,5,104.506
28.47,8.0,15.658,35.599000000000004,35.828,4.67,103.27,106.33,65.1,55.0,29.4,100.0,64.5,87.4,94.6,87.0,94.4,90.9,93.8,12.062000000000001,5,5,5,104.505
28.49,8.0,15.682,35.074,35.703,4.485,103.395,106.35,65.1,55.0,29.4,100.0,64.5,87.4,94.6,87.0,94.4,90.9,93.8,14.025,5,5,5,104.505
28.51,8.0,15.776,35.676,35.792,4.529,103.27,106.249,65.1,55.0,29.4,100.0,64.5,87.4,94.6,87.0,94.4,90.9,93.8,12.014,5,5,5,104.499
28.53,8.0,15.229,35.182,35.774,4.666,103.32,106.18799999999999,65.1,55.0,29.4,100.0,64.5,87.4,94.6,87.0,94.4,90.9,93.8,12.933,5,5,5,104.507
28.55,8.0,15.630999999999998,35.516999999999996,35.831,4.734,103.145,106.37100000000001,65.1,55.0,29.4,100.0,64.5,87.4,94.6,87.0,94.4,90.9,93.8,13.033999999999999,5,5,5,104.50399999999999
28.57,8.0,15.818,35.379000000000005,35.696,4.569,103.095,106.391,65.1,55.0,29.4,100.0,64.5,87.4,94.6,87.0,94.4,90.9,93.8,14.56,5,5,5,104.50200000000001
28.59,8.0,16.033,35.468,35.535,4.562,102.994,106.249,65.1,55.0,29.4,100.0,64.5,87.4,94.6,87.0,94.4,90.9,93.8,14.992,5,5,5,104.5
28.61,8.0,15.793,35.212,35.617,4.71,102.944,106.249,65.1,55.0,29.4,100.0,64.5,87.4,94.6,87.0,94.4,90.9,93.8,13.902000000000001,5,5,5,104.50399999999999
28.63,8.0,15.583,35.394000000000005,35.573,4.825,103.12,106.249,65.1,55.0,29.4,100.0,64.5,87.4,94.6,87.0,94.4,90.9,93.8,13.971,5,5,5,104.501
28.65,8.0,14.627,35.260000000000005,35.681,4.633,103.195,106.18799999999999,65.1,55.0,29.4,100.0,64.5,87.4,94.6,87.0,94.4,90.9,93.8,15.466,5,5,5,104.506
28.67,8.0,15.059,34.988,35.693,4.698,103.22,106.005,65.1,55.0,29.4,100.0,64.5,87.4,94.6,87.0,94.4,90.9,93.8,16.079,5,5,5,104.509
28.69,8.0,15.397,35.427,35.727,4.791,103.02,105.944,65.1,55.0,29.4,100.0,64.5,87.4,94.6,87.0,94.4,90.9,93.8,15.739,5,5,5,104.506
28.71,8.0,15.319,35.66,35.733000000000004,4.323,102.969,106.16799999999999,65.1,55.0,29.4,100.0,64.5,87.4,94.6,87.0,94.4,90.9,93.8,15.17,5,5,5,104.508
28.73,8.0,15.302,34.94199999999999,35.687,4.5,103.37,106.16799999999999,65.1,55.0,29.4,100.0,64.5,87.4,94.6,87.0,94.4,90.9,93.8,15.436,5,5,5,104.509
28.75,8.0,15.24,35.301,35.702,4.159,103.12,106.066,65.1,55.0,29.4,100.0,64.5,87.4,94.6,87.0,94.4,90.9,93.8,16.573,5,5,5,104.508
28.77,8.0,15.45,35.494,35.713,4.057,103.32,105.985,65.1,55.0,29.4,100.0,64.5,87.4,94.6,87.0,94.4,90.9,93.8,16.869999999999997,5,5,5,104.506
28.79,8.0,15.542,35.186,35.778999999999996,3.993,103.12,106.18799999999999,65.1,55.0,29.4,100.0,64.5,87.4,94.6,87.0,94.4,90.9,93.8,15.92,5,5,5,104.505
28.81,8.0,15.296,35.023,35.813,4.301,103.02,106.046,65.1,55.0,29.4,100.0,64.5,87.4,94.6,87.0,94.4,90.9,93.8,15.727,5,5,5,104.50399999999999
28.83,8.0,15.319,35.052,35.658,4.309,102.868,106.18799999999999,65.1,55.0,29.4,100.0,64.5,87.4,94.6,87.0,94.4,90.9,93.8,16.874000000000002,5,5,5,104.505
28.85,8.0,15.002,35.039,35.632,4.371,102.969,106.025,64.8,54.9,29.4,100.0,64.8,87.4,94.6,87.0,94.4,90.9,93.8,17.451999999999998,5,5,5,104.50399999999999
28.87,8.0,15.241,35.071,35.756,4.928,103.02,105.964,64.8,54.9,29.4,100.0,64.8,87.4,94.6,87.0,94.4,90.9,93.8,16.813,5,5,5,104.507
28.89,8.0,15.077,34.887,35.671,5.663,102.944,105.84100000000001,64.8,54.9,29.4,100.0,64.8,87.4,94.6,87.0,94.4,90.9,93.8,15.933,5,5,5,104.50399999999999
28.91,8.0,15.061,35.064,35.596999999999994,5.739,102.969,105.86200000000001,64.8,54.9,29.4,100.0,64.8,87.4,94.6,87.0,94.4,90.9,93.8,16.105,5,5,5,104.506
28.93,8.0,14.954,35.286,35.838,6.591,102.868,105.821,64.8,54.9,29.4,100.0,64.8,87.4,94.6,87.0,94.4,90.9,93.8,17.432000000000002,5,5,5,104.50399999999999
28.95,8.0,15.392000000000001,34.768,35.637,6.494,102.944,105.698,64.8,54.9,29.4,100.0,64.8,87.4,94.6,87.0,94.4,90.9,93.8,17.467,5,5,5,104.506
28.97,8.0,14.532,34.721000000000004,35.78,7.203,103.02,105.759,64.8,54.9,29.4,100.0,64.8,87.4,94.6,87.0,94.4,90.9,93.8,16.464,5,5,5,104.50299999999999
28.99,8.0,15.227,35.193,35.617,7.213,103.02,105.616,64.8,54.9,29.4,100.0,64.8,87.4,94.6,87.0,94.4,90.9,93.8,16.122,5,5,5,104.50299999999999
29.01,8.0,14.605,34.894000000000005,35.733000000000004,7.167,102.666,105.71799999999999,64.8,54.9,29.4,100.0,64.8,87.4,94.6,87.0,94.4,90.9,93.8,17.304000000000002,5,5,5,104.50399999999999
29.03,8.0,14.935,34.839,35.659000000000006,6.934,102.818,105.759,64.8,54.9,29.4,100.0,64.8,87.4,94.6,87.0,94.4,90.9,93.8,17.884999999999998,5,5,5,104.505
29.05,8.0,15.145,35.028000000000006,35.763999999999996,6.895,102.76700000000001,105.964,64.8,54.9,29.4,100.0,64.8,87.4,94.6,87.0,94.4,90.9,93.8,17.396,5,5,5,104.50299999999999
29.07,8.0,15.386,34.898,35.647,7.263,102.89399999999999,105.677,64.8,54.9,29.4,100.0,64.8,87.4,94.6,87.0,94.4,90.9,93.8,16.686,5,5,5,104.501
29.09,8.0,14.885,34.525999999999996,35.583,6.357,102.84299999999999,105.554,64.8,54.9,29.4,100.0,64.8,87.4,94.6,87.0,94.4,90.9,93.8,16.642000000000003,5,5,5,104.50200000000001
29.11,8.0,15.004,34.826,35.883,6.007,102.48700000000001,105.492,64.8,54.9,29.4,100.0,64.8,87.4,94.6,87.0,94.4,90.9,93.8,17.877000000000002,5,5,5,104.50299999999999
29.13,8.0,14.346,34.701,35.751999999999995,6.508,102.919,105.34700000000001,64.8,54.9,29.4,100.0,64.8,87.4,94.6,87.0,94.4,90.9,93.8,18.17,5,5,5,104.50299999999999
29.15,8.0,14.544,34.85,35.626,5.868,102.76700000000001,105.43,64.8,54.9,29.4,100.0,64.8,87.4,94.6,87.0,94.4,90.9,93.8,17.083,5,5,5,104.50399999999999
29.17,8.0,14.54,34.715,35.506,5.519,102.919,105.63600000000001,64.8,54.9,29.4,100.0,64.8,87.4,94.6,87.0,94.4,90.9,93.8,16.749000000000002,5,5,5,104.501
29.19,8.0,15.343,34.528000000000006,35.626999999999995,4.364,102.919,105.51299999999999,64.8,54.9,29.4,100.0,64.8,87.4,94.6,87.0,94.4,90.9,93.8,18.012,5,5,5,104.505
29.21,8.0,14.811,34.208,35.72,4.373,102.818,105.63600000000001,64.8,54.9,29.4,100.0,64.8,87.4,94.6,87.0,94.4,90.9,93.8,18.212,5,5,5,104.50299999999999
29.23,8.0,14.746,34.876999999999995,35.504999999999995,4.401,102.564,105.574,64.8,54.9,29.4,100.0,64.8,87.4,94.6,87.0,94.4,90.9,93.8,18.006999999999998,5,5,5,104.506
29.25,8.0,14.375,34.607,35.480999999999995,3.972,102.71600000000001,105.698,64.8,54.9,29.4,100.0,64.8,87.4,94.6,87.0,94.4,90.9,93.8,17.186,5,5,5,104.50200000000001
29.27,8.0,14.525,34.227,35.763999999999996,3.964,102.538,105.45100000000001,64.8,54.9,29.4,100.0,64.8,87.4,94.6,87.0,94.4,90.9,93.8,17.244999999999997,5,5,5,104.508
29.29,8.0,14.805,34.271,35.635000000000005,3.966,102.666,105.471,64.8,54.9,29.4,100.0,64.8,87.4,94.6,87.0,94.4,90.9,93.8,18.391,5,5,5,104.50399999999999
29.31,8.0,14.765,34.587,35.417,3.963,102.411,105.45100000000001,64.8,54.9,29.4,100.0,64.8,87.4,94.6,87.0,94.4,90.9,93.8,18.535,5,5,5,104.50399999999999
29.33,8.0,14.385,33.96,35.703,3.963,102.411,105.45100000000001,64.8,54.9,29.4,100.0,64.8,87.4,94.6,87.0,94.4,90.9,93.8,17.561,5,5,5,104.50200000000001
29.35,8.0,14.421,34.326,35.464,3.963,102.36,105.73899999999999,64.8,54.9,29.4,100.0,64.8,87.4,94.6,87.0,94.4,90.9,93.8,17.286,5,5,5,104.509
29.37,8.0,14.411,34.544,35.662,3.963,102.79299999999999,105.574,64.8,54.9,29.4,100.0,64.8,87.4,94.6,87.0,94.4,90.9,93.8,18.21,5,5,5,104.50399999999999
29.39,8.0,14.884,33.994,35.503,3.963,102.615,105.73899999999999,64.8,54.9,29.4,100.0,64.8,87.4,94.6,87.0,94.4,90.9,93.8,18.629,5,5,5,104.51
29.41,8.0,13.89,34.135000000000005,35.585,3.963,102.666,105.698,64.8,54.9,29.4,100.0,64.8,87.4,94.6,87.0,94.4,90.9,93.8,18.192,5,5,5,104.505
29.43,8.0,14.705,34.32,35.604,4.172,102.538,105.595,64.8,54.9,29.4,100.0,64.8,87.4,94.6,87.0,94.4,90.9,93.8,16.633,5,5,5,104.508
29.45,8.0,14.356,33.993,35.387,5.34,102.411,105.492,64.8,54.9,29.4,100.0,64.8,87.4,94.6,87.0,94.4,90.9,93.8,15.605,5,5,5,104.51100000000001
29.47,8.0,14.666,34.19199999999999,35.541,5.616,102.538,105.595,64.8,54.9,29.4,100.0,64.8,87.4,94.6,87.0,94.4,90.9,93.8,16.387,5,5,5,104.509
29.49,8.0,14.529,33.900999999999996,35.543000000000006,7.574,102.385,105.86200000000001,64.8,54.9,29.4,100.0,64.8,87.4,94.6,87.0,94.4,90.9,93.8,16.673000000000002,5,5,5,104.506
29.51,8.0,14.271,34.018,35.647,8.035,102.64,105.45100000000001,64.8,54.9,29.4,100.0,64.8,87.4,94.6,87.0,94.4,90.9,93.8,15.665,5,5,5,104.505
29.53,8.0,14.234,34.239999999999995,35.708,8.318,102.462,105.285,64.8,54.9,29.4,100.0,64.8,87.4,94.6,87.0,94.4,90.9,93.8,16.365000000000002,5,5,5,104.507
29.55,8.0,14.508,34.185,35.516,9.308,102.411,105.32600000000001,64.8,54.9,29.4,100.0,64.8,87.4,94.6,87.0,94.4,90.9,93.8,15.440999999999999,5,5,5,104.51
29.57,8.0,14.609,33.775,35.339,8.279,102.462,105.264,64.8,54.9,29.4,100.0,64.8,87.4,94.6,87.0,94.4,90.9,93.8,15.300999999999998,5,5,5,104.506
29.59,8.0,14.212,33.952,35.573,5.924,102.436,105.368,64.8,54.9,29.4,100.0,64.8,87.4,94.6,87.0,94.4,90.9,93.8,16.477,5,5,5,104.508
29.61,8.0,13.988,33.851,35.797,6.423,102.385,105.45100000000001,64.8,54.9,29.4,100.0,64.8,87.4,94.6,87.0,94.4,90.9,93.8,16.933,5,5,5,104.50399999999999
29.63,8.0,14.055,34.378,35.539,5.516,102.564,105.285,64.8,54.9,29.4,100.0,64.8,87.4,94.6,87.0,94.4,90.9,93.8,16.110999999999997,5,5,5,104.50399999999999
29.65,8.0,14.11,33.633,35.364999999999995,5.312,102.411,105.471,64.8,54.9,29.4,100.0,64.8,87.4,94.6,87.0,94.4,90.9,93.8,15.421,5,5,5,104.50299999999999
29.67,8.0,13.936,34.188,35.399,5.519,102.564,105.51299999999999,64.8,54.9,29.4,100.0,64.8,87.4,94.6,87.0,94.4,90.9,93.8,16.209000000000003,5,5,5,104.505
29.69,8.0,14.182,33.708,35.46,4.865,102.36,105.20200000000001,64.8,54.9,29.4,100.0,64.8,87.4,94.6,87.0,94.4,90.9,93.8,16.862000000000002,5,5,5,104.505
29.71,8.0,13.825,33.914,35.533,4.945,102.025,105.139,64.8,54.9,29.4,100.0,64.8,87.4,94.6,87.0,94.4,90.9,93.8,16.679000000000002,5,5,5,104.505
29.73,8.0,13.922,34.024,35.760999999999996,5.158,102.206,105.243,64.8,54.9,29.4,100.0,64.8,87.4,94.6,87.0,94.4,90.9,93.8,15.677999999999999,5,5,5,104.50399999999999
29.75,8.0,13.959,34.148,35.43,5.223,102.12799999999999,105.20200000000001,64.8,54.9,29.4,100.0,64.8,87.4,94.6,87.0,94.4,90.9,93.8,15.522,5,5,5,104.506
29.77,8.0,13.215,33.883,35.541,5.244,102.23100000000001,105.20200000000001,64.8,54.9,29.4,100.0,64.8,87.4,94.6,87.0,94.4,90.9,93.8,16.569000000000003,5,5,5,104.50399999999999
29.79,8.0,14.08,33.961,35.301,4.886,102.30799999999999,105.20200000000001,64.8,54.9,29.4,100.0,64.8,87.4,94.6,87.0,94.4,90.9,93.8,16.836,5,5,5,104.50399999999999
29.81,8.0,13.252,33.730999999999995,35.35,5.003,102.12799999999999,105.16,64.8,54.9,29.4,100.0,64.8,87.4,94.6,87.0,94.4,90.9,93.8,15.878,5,5,5,104.505
29.83,8.0,13.823,33.851,35.495000000000005,5.068,102.18,105.306,64.8,54.9,29.4,100.0,64.8,87.4,94.6,87.0,94.4,90.9,93.8,15.527000000000001,5,5,5,104.506
29.85,8.0,13.711,33.713,35.495999999999995,5.118,102.051,104.993,64.8,54.9,29.4,100.0,64.8,87.4,94.6,87.0,94.4,90.9,93.8,16.173000000000002,5,5,5,104.508
29.87,8.0,13.995,34.187,35.559,4.874,102.025,105.014,64.8,54.9,29.4,100.0,64.8,87.4,94.6,87.0,94.4,90.9,93.8,16.814,5,5,5,104.50299999999999
29.89,8.0,13.954,33.305,35.31699999999999,4.904,102.103,104.97200000000001,64.8,54.9,29.4,100.0,64.8,87.4,94.6,87.0,94.4,90.9,93.8,16.509999999999998,5,5,5,104.505
29.91,8.0,13.707,33.55,35.329,5.022,102.051,104.78399999999999,64.8,54.9,29.4,100.0,64.8,87.4,94.6,87.0,94.4,90.9,93.8,15.754000000000001,5,5,5,104.50200000000001
29.93,8.0,13.61,33.509,35.604,4.86,101.973,105.139,64.8,54.9,29.4,100.0,64.8,87.4,94.6,87.0,94.4,90.9,93.8,15.515,5,5,5,104.50399999999999
29.95,8.0,13.535,33.568,35.361000000000004,4.642,101.766,104.78399999999999,64.8,54.9,29.4,100.0,64.8,87.4,94.6,87.0,94.4,90.9,93.8,16.503,5,5,5,104.50399999999999
29.97,8.0,13.341000000000001,33.53,35.54,4.775,102.12799999999999,105.014,64.8,54.9,29.4,100.0,64.8,87.4,94.6,87.0,94.4,90.9,93.8,16.852,5,5,5,104.507
29.99,8.0,13.806000000000001,33.592,35.497,4.991,102.18,105.014,64.8,54.9,29.4,100.0,64.8,87.4,94.6,87.0,94.4,90.9,93.8,15.911,5,5,5,104.50399999999999
30.01,8.0,13.972000000000001,33.385999999999996,35.324,4.974,102.12799999999999,104.82600000000001,64.8,54.9,29.4,100.0,64.8,87.4,94.6,87.0,94.4,90.9,93.8,15.552,5,5,5,104.506
30.03,8.0,14.113,33.769999999999996,35.39,4.73,102.206,105.07700000000001,64.8,54.9,29.4,100.0,64.8,87.4,94.6,87.0,94.4,90.9,93.8,16.122,5,5,5,104.507
30.05,8.0,13.561,33.236999999999995,35.47,4.775,102.025,104.82600000000001,64.8,54.9,29.4,100.0,64.8,87.4,94.6,87.0,94.4,90.9,93.8,16.683,5,5,5,104.50200000000001
30.07,8.0,13.341000000000001,34.008,35.544,5.132,101.792,104.76299999999999,64.8,54.9,29.4,100.0,64.8,87.4,94.6,87.0,94.4,90.9,93.8,16.634999999999998,5,5,5,104.506
30.09,8.0,13.703,32.989000000000004,35.443,4.826,101.973,105.118,64.8,54.9,29.4,100.0,64.8,87.4,94.6,87.0,94.4,90.9,93.8,15.785,5,5,5,104.507
30.11,8.0,13.388,33.628,35.497,4.931,101.973,104.889,64.8,54.9,29.4,100.0,64.8,87.4,94.6,87.0,94.4,90.9,93.8,15.469000000000001,5,5,5,104.51100000000001
30.13,8.0,13.797,33.322,35.34,5.119,101.792,104.93,64.8,54.9,29.4,100.0,64.8,87.4,94.6,87.0,94.4,90.9,93.8,16.490000000000002,5,5,5,104.50299999999999
30.15,8.0,13.452,32.861999999999995,35.596000000000004,5.094,102.07700000000001,104.97200000000001,64.8,54.9,29.4,100.0,64.8,87.4,94.6,87.0,94.4,90.9,93.8,16.892000000000003,5,5,5,104.50299999999999
30.17,8.0,13.183,33.445,35.559,5.044,102.18,104.91,64.8,54.9,29.4,100.0,64.8,87.4,94.512,87.0,94.4,90.9,93.8,16.064,5,5,5,104.499
30.19,8.0,13.448,33.633,35.64,5.602,101.818,104.678,64.8,54.9,29.4,100.0,64.8,87.4,94.46300000000001,87.0,94.4,90.9,93.8,15.583,5,5,5,104.505
30.21,8.0,13.682,33.400999999999996,35.452,5.294,101.999,104.91,64.8,54.9,29.4,100.0,64.8,87.4,94.436,87.0,94.4,90.9,93.8,16.1,5,5,5,104.501
30.23,8.0,13.121,33.361000000000004,35.323,5.459,101.999,104.93,64.8,54.9,29.4,100.0,64.8,87.4,94.42,87.0,94.4,90.9,93.8,16.883,5,5,5,104.501
30.25,8.0,12.883,33.109,35.421,5.291,101.87,104.84700000000001,64.8,54.9,29.4,100.0,64.8,87.4,94.411,87.0,94.4,90.9,93.8,16.785,5,5,5,104.5
30.27,8.0,13.283,33.370999999999995,35.453,5.541,101.973,104.93,64.8,54.9,29.4,100.0,64.8,87.4,94.406,87.0,94.4,90.9,93.8,15.825,5,5,5,104.50399999999999
30.29,8.0,13.459,32.956,35.406,5.833,101.844,104.78399999999999,64.8,54.9,29.4,100.0,64.8,87.4,94.404,87.0,94.4,90.9,93.8,15.549000000000001,5,5,5,104.506
30.31,8.0,13.287,33.251999999999995,35.485,5.102,101.68700000000001,104.7,64.8,54.9,29.4,100.0,64.8,87.4,94.402,87.0,94.4,90.9,93.8,16.654000000000003,5,5,5,104.50200000000001
30.33,8.0,13.615,33.105999999999995,35.416,5.291,101.818,104.742,64.8,54.9,29.4,100.0,64.8,87.4,94.40100000000001,87.0,94.4,90.9,93.8,17.217,5,5,5,104.50399999999999
30.35,8.0,12.918,33.519999999999996,35.399,5.29,101.661,104.721,64.8,54.9,29.4,100.0,64.8,87.4,94.40100000000001,87.0,94.4,90.9,93.8,16.055999999999997,5,5,5,104.507
30.37,8.0,13.205,32.836,35.2,4.86,101.844,104.742,64.8,54.9,29.4,100.0,64.8,87.4,94.4,87.0,94.4,90.9,93.8,15.659,5,5,5,104.50299999999999
30.39,8.0,12.932,33.141999999999996,35.451,4.899,101.714,104.65700000000001,64.8,54.9,29.4,100.0,64.8,87.4,94.4,87.0,94.4,90.9,93.8,16.155,5,5,5,104.50399999999999
30.41,8.0,12.933,33.172,35.609,4.879,101.74,104.594,64.8,54.9,29.4,100.0,64.8,87.4,94.4,87.0,94.4,90.9,93.8,17.043,5,5,5,104.50200000000001
30.43,8.0,12.41,33.366,35.574,5.047,101.68700000000001,104.594,64.8,54.9,29.4,100.0,64.8,87.4,94.4,87.0,94.4,90.9,93.8,16.857,5,5,5,104.505
30.45,8.0,13.237,32.986999999999995,35.451,5.15,101.661,104.404,64.8,54.9,29.4,100.0,64.8,87.4,94.4,87.0,94.4,90.9,93.8,15.918,5,5,5,104.505
30.47,8.0,12.937999999999999,33.55,35.503,4.39,101.68700000000001,104.404,64.8,54.9,29.4,100.0,64.8,87.4,94.4,87.0,94.4,90.9,93.8,15.71,5,5,5,104.505
30.49,8.0,13.03,33.221000000000004,35.436,4.818,101.714,104.615,64.8,54.9,29.4,100.0,64.8,87.4,94.4,87.0,94.375,90.9,93.8,16.777,5,5,5,104.506
30.51,8.0,12.763,33.31,35.56,5.329,101.50399999999999,104.615,64.8,54.9,29.4,100.0,64.8,87.4,94.4,87.0,94.298,90.9,93.8,16.610999999999997,5,5,5,104.508
30.53,8.0,12.8,32.916,35.285,5.004,101.818,104.234,64.8,54.9,29.4,100.0,64.8,87.4,94.4,87.0,94.255,90.9,93.8,16.664,5,5,5,104.507
30.55,8.0,13.0,33.079,35.353,5.044,101.68700000000001,104.383,64.8,54.9,29.4,100.0,64.8,87.4,94.4,87.0,94.23100000000001,90.9,93.8,17.057000000000002,5,5,5,104.507
30.57,8.0,13.226,33.038,35.376,4.981,101.792,104.34,64.8,54.9,29.4,100.0,64.8,87.4,94.4,87.0,94.218,90.9,93.8,17.458,5,5,5,104.51100000000001
30.59,8.0,12.273,32.883,35.208,5.21,101.635,104.383,64.8,54.9,29.4,100.0,64.8,87.4,94.4,87.0,94.21,90.9,93.8,17.753,5,5,5,104.51899999999999
30.61,8.0,12.696000000000002,32.713,35.28,5.249,101.531,104.27600000000001,64.8,54.9,29.4,100.0,64.8,87.4,94.4,87.0,94.206,90.9,93.8,17.927,5,5,5,104.514
30.63,8.0,12.547,33.14,35.423,4.621,101.478,104.191,64.8,54.9,29.4,100.0,64.8,87.4,94.4,87.0,94.203,90.9,93.8,18.397,5,5,5,104.507
30.65,8.0,12.969,32.938,35.278000000000006,5.148,101.557,104.29799999999999,64.8,54.9,29.4,100.0,64.8,87.4,94.4,87.0,94.202,90.9,93.8,18.454,5,5,5,104.51
30.67,8.0,12.608,32.577,35.488,5.269,101.74,104.34,64.8,54.9,29.4,100.0,64.8,87.4,94.4,87.0,94.20100000000001,90.9,93.8,18.652,5,5,5,104.51700000000001
30.69,8.0,12.26,32.405,35.569,4.76,101.478,104.361,64.8,54.9,29.4,100.0,64.8,87.4,94.4,87.0,94.20100000000001,90.9,93.8,18.966,5,5,5,104.506
30.71,8.0,12.506,32.801,35.61,5.003,101.557,104.361,64.8,54.9,29.4,100.0,64.8,87.4,94.4,87.0,94.2,90.9,93.8,18.871,5,5,5,104.509
30.73,8.0,12.905000000000001,32.760999999999996,35.299,5.407,101.583,104.488,64.8,54.9,29.4,100.0,64.8,87.4,94.4,87.0,94.2,90.9,93.8,19.003,5,5,5,104.506
30.75,8.0,12.556000000000001,33.381,35.288,4.915,101.531,104.34,64.8,54.9,29.4,100.0,64.8,87.4,94.4,87.0,94.2,90.9,93.8,19.219,5,5,5,104.51299999999999
30.77,8.0,12.672999999999998,32.229,35.398,4.99,101.557,104.404,64.8,54.9,29.4,100.0,64.8,87.4,94.4,87.0,94.2,90.9,93.8,19.401,5,5,5,104.51100000000001
30.79,8.0,12.52,32.611999999999995,35.488,5.197,101.37299999999999,104.361,64.8,54.9,29.4,100.0,64.8,87.4,94.4,87.0,94.2,90.9,93.8,19.35,5,5,5,104.508
30.81,8.0,12.545,32.374,35.422,5.071,101.37299999999999,104.34,64.8,54.9,29.4,100.0,64.8,87.4,94.4,87.0,94.2,90.9,93.8,19.583,5,5,5,104.50399999999999
30.83,8.0,12.294,32.787,35.443,4.829,101.426,104.404,64.8,54.9,29.4,100.0,64.8,87.4,94.4,87.0,94.2,90.9,93.8,19.630000000000003,5,5,5,104.508
30.85,8.0,12.735,32.732,35.272,4.924,101.37299999999999,104.191,64.7,54.9,29.4,100.9,65.0,87.4,94.4,87.0,94.2,90.9,93.8,19.54,5,5,5,104.509
30.87,8.0,12.449,32.412,35.369,5.371,101.45200000000001,104.084,64.7,54.9,29.4,100.9,65.0,87.4,94.4,87.0,94.2,90.9,93.8,19.595999999999997,5,5,5,104.509
30.89,8.0,12.672999999999998,32.34,35.324,4.975,101.399,103.977,64.7,54.9,29.4,100.9,65.0,87.4,94.4,87.0,94.2,90.9,93.8,19.686,5,5,5,104.51
30.91,8.0,12.779,32.805,35.480000000000004,4.854,101.241,104.042,64.7,54.9,29.4,100.9,65.0,87.4,94.4,87.0,94.2,90.9,93.8,19.75,5,5,5,104.50399999999999
30.93,8.0,12.538,32.539,35.32,4.99,101.215,104.17,64.7,54.9,29.4,100.9,65.0,87.4,94.4,87.0,94.2,90.9,93.8,19.975,5,5,5,104.50399999999999
30.95,8.0,12.237,32.963,35.534000000000006,4.927,101.241,104.02,64.7,54.9,29.4,100.9,65.0,87.4,94.4,87.0,94.2,90.9,93.8,19.699,5,5,5,104.509
30.97,8.0,12.184000000000001,32.644000000000005,35.358000000000004,5.044,101.34700000000001,103.935,64.7,54.9,29.4,100.9,65.0,87.4,94.4,87.0,94.2,90.9,93.8,19.790999999999997,5,5,5,104.50399999999999
30.99,8.0,12.328,32.32,35.244,5.008,101.162,103.78399999999999,64.7,54.9,29.4,100.9,65.0,87.4,94.4,87.0,94.2,90.9,93.8,19.985,5,5,5,104.507
31.01,8.0,12.483,32.254000000000005,35.297,4.641,101.241,103.956,64.7,54.9,29.4,100.9,65.0,87.4,94.4,87.0,94.2,90.9,93.8,19.961,5,5,5,104.51
31.03,8.0,12.094,31.925,35.473,4.862,101.162,103.84899999999999,64.7,54.9,29.4,100.9,65.0,87.4,94.4,87.0,94.2,90.9,93.8,19.84,5,5,5,104.51100000000001
31.05,8.0,12.375,32.111000000000004,35.415,5.389,101.241,103.935,64.7,54.9,29.4,100.9,65.0,87.4,94.4,87.0,94.2,90.9,93.8,20.092,5,5,5,104.508
31.07,8.0,11.932,32.765,35.476,4.894,101.135,104.149,64.7,54.9,29.4,100.9,65.0,87.4,94.4,87.0,94.2,90.9,93.8,19.878,5,5,5,104.508
31.09,8.0,12.116,32.515,35.391999999999996,4.62,101.294,103.913,64.7,54.9,29.4,100.9,65.0,87.4,94.4,87.0,94.2,90.9,93.8,20.037,5,5,5,104.51100000000001
31.11,8.0,12.262,32.062,35.361000000000004,5.018,101.08200000000001,103.698,64.7,54.9,29.4,100.9,65.0,87.4,94.4,87.0,94.2,90.9,93.8,20.054000000000002,5,5,5,104.506
31.13,8.0,12.195,31.895,35.198,5.267,100.92299999999999,103.956,64.7,54.9,29.4,100.9,65.0,87.4,94.4,87.0,94.2,90.9,93.8,20.09,5,5,5,104.507
31.15,8.0,12.015,32.323,35.59,5.042,101.109,103.89200000000001,64.7,54.9,29.4,100.9,65.0,87.4,94.4,87.0,94.2,90.85,93.8,19.937,5,5,5,104.509
31.17,8.0,11.992,32.105999999999995,35.294,4.858,101.056,103.61200000000001,64.7,54.9,29.4,100.9,65.0,87.4,94.4,87.0,94.2,90.78399999999999,93.8,20.087,5,5,5,104.51100000000001
31.19,8.0,11.847000000000001,32.253,35.293000000000006,4.983,100.949,103.82700000000001,64.7,54.9,29.4,100.9,65.0,87.4,94.4,87.0,94.2,90.747,93.8,19.881,5,5,5,104.506
31.21,8.0,12.119,31.838,35.331,5.201,101.00299999999999,103.78399999999999,64.7,54.9,29.4,100.9,65.0,87.4,94.4,87.0,94.2,90.727,93.8,19.956,5,5,5,104.507
31.23,8.0,11.928,32.286,35.41,5.344,100.896,103.78399999999999,64.7,54.9,29.4,100.9,65.0,87.4,94.4,87.0,94.2,90.715,93.8,19.909,5,5,5,104.506
31.25,8.0,12.407,31.63,35.18300000000001,4.849,100.869,103.719,64.7,54.9,29.4,100.9,65.0,87.4,94.4,87.0,94.2,90.708,93.8,19.847,5,5,5,104.509
31.27,8.0,12.209,32.212,35.537,5.021,100.92299999999999,103.84899999999999,64.7,54.9,29.4,100.9,65.0,87.312,94.4,87.0,94.2,90.705,93.8,19.73,5,5,5,104.505
31.29,8.0,12.411000000000001,32.03,35.148,5.288,100.709,103.43799999999999,64.7,54.9,29.4,100.9,65.0,87.263,94.4,87.0,94.2,90.703,93.8,19.805,5,5,5,104.51
31.34,18.0,12.163,32.125,35.36,4.94,100.84299999999999,103.568,64.7,54.9,29.4,100.9,65.0,87.247,94.4,87.0,94.2,90.702,93.8,18.85,5,5,5,104.50399999999999
31.39,18.0,11.967,31.983,35.454,5.057,100.92299999999999,103.78399999999999,64.7,54.9,29.4,100.9,65.0,87.211,94.4,87.0,94.2,90.7,93.8,19.967,5,5,5,104.5
31.44,18.0,11.644,32.169,35.33,5.059,100.869,103.568,64.7,54.9,29.4,100.9,65.0,87.203,94.4,87.0,94.2,90.7,93.8,18.73,5,5,5,104.50399999999999
31.49,18.0,11.847000000000001,31.951999999999998,35.111000000000004,4.799,101.00299999999999,103.59,64.7,54.9,29.4,100.9,65.0,87.20100000000001,94.4,87.0,94.2,90.7,93.8,19.973,5,5,5,104.501
31.54,18.0,11.776,31.858,35.163,4.823,101.029,103.655,64.7,54.9,29.4,100.9,65.0,87.2,94.4,87.0,94.2,90.7,93.8,19.113,5,5,5,104.507
31.59,18.0,11.549,31.769000000000002,35.259,33.04,100.949,103.719,64.7,54.9,29.4,100.9,65.0,87.2,94.4,87.0,94.2,90.7,93.8,18.814,5,5,5,104.506
31.64,18.0,11.247,31.435,35.044,50.025,100.949,103.76299999999999,64.7,54.9,29.4,100.9,65.0,87.2,94.4,87.0,94.2,90.7,93.8,19.114,5,5,5,104.509
31.69,18.0,11.652999999999999,31.590999999999998,34.614999999999995,65.92,100.896,103.61200000000001,64.7,54.9,29.4,100.9,65.0,87.2,94.4,87.0,94.2,90.7,93.8,18.657,5,5,5,104.506
31.74,18.0,11.902999999999999,31.761,33.956999999999994,81.602,100.709,103.525,64.7,54.9,29.4,100.9,65.0,87.2,94.4,87.0,94.2,90.7,93.8,18.622,5,5,5,104.509
31.79,18.0,11.747,31.623,33.985,101.12700000000001,100.789,103.46,64.7,54.9,29.4,100.9,65.0,87.2,94.4,87.0,94.2,90.7,93.8,18.269,5,5,5,104.50299999999999
31.84,18.0,11.591000000000001,32.053,33.772,121.531,100.682,103.59,64.7,54.9,29.4,100.9,65.0,87.2,94.4,87.0,94.2,90.7,93.8,18.249000000000002,5,5,5,104.51
31.89,18.0,11.746,31.541999999999998,33.717,139.951,100.682,103.655,64.7,54.9,29.4,100.9,65.0,87.2,94.4,87.0,94.2,90.7,93.8,17.646,5,5,5,104.501
31.94,18.0,11.544,32.028999999999996,33.697,154.067,100.736,103.568,64.7,54.9,29.4,100.9,65.0,87.2,94.4,87.0,94.2,90.7,93.8,16.939,5,5,5,104.51
31.99,18.0,11.272,31.912,34.041,166.039,100.84299999999999,103.351,64.7,54.9,29.4,100.9,65.0,87.2,94.4,87.0,94.2,90.7,93.8,16.201999999999998,5,5,5,104.5
32.04,18.0,11.338999999999999,31.428,33.781,174.727,100.277,103.177,64.7,54.9,29.4,100.9,65.0,87.2,94.4,87.0,94.2,90.7,93.8,16.018,5,5,5,104.509
32.09,18.0,11.416,31.611,33.650999999999996,179.995,100.682,103.264,64.7,54.9,29.4,100.9,65.0,87.2,94.4,87.0,94.2,90.7,93.64699999999999,15.942,5,5,5,104.5
32.14,18.0,11.4,31.488000000000003,33.781,176.171,100.62799999999999,103.133,64.7,54.9,29.4,100.9,65.0,87.2,94.4,87.0,94.2,90.7,93.611,15.857000000000001,5,5,5,104.507
32.19,18.0,11.236,31.855999999999998,33.56,175.389,100.521,103.46,64.7,54.9,29.4,100.9,65.0,87.2,94.4,87.0,94.2,90.7,93.60300000000001,15.713,5,5,5,104.506
32.24,18.0,10.832999999999998,31.186,33.592,176.78099999999998,100.62799999999999,103.155,64.7,54.9,29.4,100.9,65.0,87.2,94.4,87.0,94.2,90.7,93.601,15.707,5,5,5,104.508
32.29,18.0,11.211,31.373,33.6,173.905,100.46700000000001,102.935,64.7,54.9,29.4,100.9,65.0,87.2,94.4,87.0,94.2,90.7,93.6,15.998,5,5,5,104.49700000000001
32.34,18.0,11.411000000000001,31.159000000000002,33.498000000000005,173.06799999999998,100.54700000000001,103.045,64.7,54.9,29.4,100.9,65.0,87.2,94.4,86.898,94.2,90.7,93.6,16.528,5,5,5,104.505
32.39,18.0,11.183,31.381999999999998,33.786,174.84799999999998,100.385,103.242,64.7,54.9,29.4,100.9,65.0,87.2,94.4,86.82300000000001,94.2,90.7,93.6,16.58,5,5,5,104.501
32.44,18.0,10.927,31.163,33.736000000000004,175.168,100.223,103.001,64.7,54.9,29.4,100.9,65.0,87.2,94.4,86.806,94.2,90.7,93.6,16.790999999999997,5,5,5,104.509
32.49,10.0,10.703,31.405,33.542,147.487,100.331,103.06700000000001,64.7,54.9,29.4,100.9,65.0,87.2,94.4,86.801,94.2,90.7,93.6,16.915999999999997,5,5,5,104.501
32.54,10.0,11.162,31.378,33.436,103.98100000000001,100.277,102.759,64.7,54.9,29.4,100.9,65.0,87.2,94.4,86.8,94.2,90.7,93.6,15.994000000000002,5,5,5,104.508
32.59,10.0,10.521,31.089000000000002,33.469,65.279,100.086,102.935,64.7,54.9,29.4,100.9,65.0,87.2,94.4,86.8,94.2,90.7,93.6,14.152000000000001,5,5,5,104.499
32.64,10.0,10.365,30.604,33.611999999999995,35.144999999999996,99.92200000000001,102.626,64.7,54.9,29.4,100.9,65.0,87.2,94.4,86.8,94.2,90.7,93.6,12.914,5,5,5,104.50399999999999
32.69,10.0,10.59,30.9,33.525,43.266999999999996,100.086,102.803,64.7,54.9,29.4,100.9,65.0,87.2,94.4,86.8,94.2,90.7,93.6,12.045,5,5,5,104.50299999999999
32.74,10.0,10.747,30.750999999999998,33.647,55.131,100.16799999999999,102.803,64.7,54.9,29.4,100.9,65.0,87.2,94.4,86.8,94.2,90.7,93.6,12.190000000000001,5,5,5,104.51299999999999
32.79,10.0,10.373,31.195,33.584,58.88399999999999,100.141,103.111,64.7,54.9,29.4,100.9,65.0,87.2,94.4,86.8,94.2,90.7,93.6,11.875,5,5,5,104.50299999999999
32.84,10.0,10.370000000000001,30.848000000000003,33.471000000000004,62.81100000000001,100.141,102.869,64.7,54.9,29.4,100.9,65.0,87.2,94.4,86.8,94.2,90.7,93.6,11.781,5,5,5,104.508
32.89,10.0,10.327000000000002,30.974,33.616,59.397,100.00399999999999,102.979,64.7,54.9,29.3,100.9,65.2,87.2,94.4,86.8,94.2,90.7,93.6,11.414,5,5,5,104.507
32.94,10.0,11.117,31.459,33.864000000000004,69.362,100.195,102.759,64.7,54.9,29.3,100.9,65.2,87.2,94.4,86.8,94.2,90.7,93.6,11.376000000000001,5,5,5,104.512
32.99,10.0,10.657,31.767,34.032,75.806,100.16799999999999,102.626,64.7,54.9,29.3,100.9,65.2,87.2,94.4,86.8,94.2,90.7,93.6,11.306000000000001,5,5,5,104.507
33.04,10.0,9.451,31.395,33.989999999999995,75.56,99.895,102.671,64.7,54.9,29.3,100.9,65.2,87.2,94.4,86.8,94.2,90.7,93.6,11.5,5,5,5,104.509
33.09,10.0,8.186,29.573,32.836,62.403,100.03200000000001,102.648,64.7,54.9,29.3,100.9,65.2,87.2,94.4,86.8,94.2,90.7,93.6,11.519,5,5,5,104.516
33.14,10.0,5.774,27.993000000000002,30.163,37.84,100.03200000000001,102.671,64.7,54.9,29.3,100.9,65.2,87.2,94.4,86.8,94.2,90.7,93.6,11.553,5,5,5,104.51700000000001
33.19,10.0,5.504,23.574,24.429000000000002,21.636,99.675,102.515,64.7,54.9,29.3,100.9,65.2,87.2,94.263,86.8,94.2,90.7,93.6,11.684999999999999,5,5,5,104.515
33.24,10.0,5.406,16.527,16.122,11.041,99.369,102.404,64.7,54.9,29.3,100.9,65.2,87.2,94.215,86.8,94.2,90.7,93.6,11.8,5,5,5,104.561
33.29,10.0,5.705,8.963000000000001,6.237,22.473,99.73,102.13600000000001,64.7,54.9,29.3,100.9,65.2,87.2,94.204,86.8,94.2,90.7,93.6,11.513,5,5,5,104.537
33.34,10.0,6.08,6.555,5.0,46.349,99.34100000000001,102.13600000000001,64.7,54.9,29.3,100.9,65.2,87.2,94.20100000000001,86.8,94.2,90.7,93.6,10.872,5,5,5,104.551
33.39,10.0,5.859,6.631,5.001,60.496,99.397,101.93299999999999,64.7,54.9,29.3,100.9,65.2,87.2,94.2,86.8,94.2,90.7,93.6,10.786000000000001,5,5,5,104.54700000000001
33.44,10.0,5.773,6.055,5.01,60.683,99.536,101.70700000000001,64.7,54.9,29.3,100.9,65.2,87.2,94.2,86.8,94.113,90.7,93.6,10.959,5,5,5,104.542
33.49,10.0,6.277,6.308,5.01,61.317,99.425,101.41,64.7,54.9,29.3,100.9,65.2,87.2,94.2,86.8,94.027,90.65,93.6,10.807,5,5,5,104.546
33.54,10.0,5.673,6.478,5.002,62.321000000000005,99.23,101.479,64.7,54.9,29.3,100.9,65.2,87.2,94.2,86.8,94.006,90.536,93.6,10.717,5,5,5,104.552
33.59,10.0,6.181,6.671,5.017,62.913000000000004,99.425,101.684,64.7,54.9,29.3,100.9,65.2,87.2,94.2,86.8,94.001,90.508,93.6,10.211,5,5,5,104.54700000000001
33.64,10.0,6.031,6.6899999999999995,5.004,63.95399999999999,99.536,101.525,64.7,54.9,29.3,100.9,65.2,87.2,94.2,86.8,94.0,90.502,93.6,9.722999999999999,5,5,5,104.54700000000001
33.69,10.0,5.719,6.74,5.021,63.293,99.647,101.63799999999999,64.7,54.9,29.3,100.9,65.2,87.2,94.2,86.8,94.0,90.5,93.6,9.032,5,5,5,104.553
33.74,10.0,5.9559999999999995,6.705,5.009,66.10499999999999,99.425,101.775,64.7,54.9,29.3,100.9,65.2,87.2,94.2,86.8,94.0,90.5,93.6,9.518,5,5,5,104.552
33.79,10.0,5.927,6.311999999999999,5.054,106.81700000000001,99.536,101.43299999999999,64.7,54.9,29.3,100.9,65.2,87.2,94.2,86.8,94.0,90.5,93.6,9.321000000000002,5,5,5,104.541
33.84,10.0,5.586,6.048,5.002,122.867,99.45299999999999,101.684,64.7,54.9,29.3,100.9,65.2,87.2,94.2,86.8,94.0,90.5,93.6,8.368,5,5,5,104.54799999999999
33.89,10.0,5.57,6.197,5.035,132.72,99.675,101.59299999999999,64.7,54.9,29.3,100.9,65.2,87.2,94.2,86.8,94.0,90.5,93.6,9.407,5,5,5,104.56
33.94,10.0,5.813,6.939,5.037,142.207,99.314,101.616,64.7,54.9,29.3,100.9,65.2,87.2,94.2,86.8,94.0,90.5,93.6,8.933,5,5,5,104.554
33.99,10.0,5.998,6.342,5.104,150.606,99.286,101.479,64.7,54.9,29.3,100.9,65.2,87.2,94.2,86.8,94.0,90.5,93.6,9.039,5,5,5,104.552
34.04,10.0,5.631,5.975,5.007,155.638,99.17399999999999,101.273,64.7,54.9,29.3,100.9,65.2,87.2,94.2,86.8,94.0,90.5,93.6,9.666,5,5,5,104.557
34.09,10.0,5.79,6.009,5.001,159.003,99.314,101.34200000000001,64.7,54.9,29.3,100.9,65.2,87.2,94.2,86.8,94.0,90.5,93.6,8.807,5,5,5,104.551
34.14,10.0,5.827,6.428,5.108,160.89,99.286,101.63799999999999,64.7,54.9,29.3,100.9,65.2,87.2,94.2,86.8,94.0,90.5,93.6,9.154,5,5,5,104.55799999999999
34.19,10.0,5.971,6.763,5.019,149.933,99.48100000000001,101.25,64.7,54.9,29.3,100.9,65.2,87.2,94.2,86.8,94.0,90.5,93.6,9.372,5,5,5,104.559
34.24,10.0,6.1690000000000005,6.743,5.01,101.87799999999999,99.425,101.50200000000001,64.7,54.9,29.3,100.9,65.2,87.2,94.2,86.8,94.0,90.5,93.6,8.536999999999999,5,5,5,104.566
34.29,10.0,6.2379999999999995,6.383,5.081,65.527,99.286,101.365,64.7,54.9,29.3,100.9,65.2,87.2,94.2,86.8,94.0,90.5,93.6,8.864,5,5,5,104.565
34.34,10.0,5.638,6.686999999999999,5.01,39.788000000000004,99.005,100.904,64.7,54.9,29.3,100.9,65.2,87.2,94.2,86.8,94.0,90.5,93.6,8.83,5,5,5,104.566
34.39,10.0,6.107,6.933,5.1,23.678,99.089,101.089,64.7,54.9,29.3,100.9,65.2,87.2,94.2,86.8,94.0,90.5,93.447,7.739,5,5,5,104.56700000000001
34.44,11.0,6.021,6.692,5.022,12.412,99.089,101.25,64.7,54.9,29.3,100.9,65.2,87.2,94.2,86.8,94.0,90.5,93.411,8.8,5,5,5,104.574
34.49,11.0,5.829,6.89,5.073,7.465,98.86399999999999,101.04299999999999,64.7,54.9,29.3,100.9,65.2,87.2,94.2,86.8,94.0,90.5,93.403,8.692,5,5,5,104.57
34.54,11.0,5.888,6.686999999999999,5.159,6.048,99.061,100.788,64.7,54.9,29.3,100.9,65.2,87.2,94.2,86.8,94.0,90.5,93.40100000000001,8.726,5,5,5,104.574
34.59,11.0,5.841,6.646,5.181,5.468,99.005,100.71799999999999,64.7,54.9,29.3,100.9,65.2,87.2,94.2,86.8,94.0,90.5,93.4,9.097,5,5,5,104.574
34.64,11.0,5.904,6.893,5.023,5.412,99.146,100.85700000000001,64.7,54.9,29.3,100.9,65.2,87.2,94.2,86.8,94.0,90.5,93.4,9.373999999999999,5,5,5,104.57700000000001
34.69,11.0,5.98,6.5009999999999994,5.062,4.92,99.061,100.741,64.7,54.9,29.3,100.9,65.2,87.2,94.2,86.8,94.0,90.5,93.4,9.437999999999999,5,5,5,104.566
34.74,11.0,5.659,6.534,5.171,5.249,99.089,100.764,64.7,54.9,29.3,100.9,65.2,87.2,94.2,86.8,94.0,90.5,93.4,9.516,5,5,5,104.574
34.79,11.0,6.003,6.837,5.085,4.906,98.949,101.135,64.7,54.9,29.3,100.9,65.2,87.2,94.2,86.8,94.0,90.5,93.4,9.672,5,5,5,104.569
34.84,11.0,6.519,6.795,5.046,5.173,99.20200000000001,101.04299999999999,64.7,54.9,29.3,100.9,65.2,87.2,94.2,86.8,94.0,90.5,93.4,9.565000000000001,5,5,5,104.572
34.89,11.0,5.92,6.633,5.158,4.539,99.061,101.04299999999999,64.7,54.9,29.3,101.3,65.2,87.2,94.063,86.8,94.0,90.5,93.4,9.427,5,5,5,104.566
34.94,11.0,5.83,7.015000000000001,5.115,4.843,99.258,101.04299999999999,64.7,54.9,29.3,101.3,65.2,87.047,94.015,86.8,94.0,90.5,93.4,9.74,5,5,5,104.571
34.99,11.0,5.744,6.641,5.326,4.6129999999999995,99.20200000000001,101.204,64.7,54.9,29.3,101.3,65.2,87.01100000000001,94.00399999999999,86.8,94.0,90.5,93.4,10.100999999999999,5,5,5,104.56700000000001
35.04,11.0,5.795,6.363,5.115,31.795,99.23,101.227,64.7,54.9,29.3,101.3,65.2,87.003,94.001,86.8,94.0,90.5,93.4,10.337,5,5,5,104.568
35.09,11.0,5.85,6.867,5.226,44.19,99.397,101.273,64.7,54.9,29.3,101.3,65.2,87.001,94.0,86.8,94.0,90.5,93.4,10.4,5,5,5,104.56700000000001
35.14,11.0,6.38,6.941,5.082,57.76,99.397,101.11200000000001,64.7,54.9,29.3,101.3,65.2,87.0,94.0,86.8,94.0,90.5,93.4,10.648,5,5,5,104.564
35.19,11.0,6.671,6.547,5.183,73.656,99.23,101.365,64.7,54.9,29.3,101.3,65.2,87.0,94.0,86.71300000000001,94.0,90.5,93.4,10.424,5,5,5,104.56200000000001
35.24,11.0,6.04,6.464,5.093,72.936,99.425,101.479,64.7,54.9,29.3,101.3,65.2,87.0,94.0,86.627,94.0,90.5,93.4,10.826,5,5,5,104.571
35.29,11.0,6.129,6.552,5.114,46.75899999999999,98.977,101.50200000000001,64.7,54.9,29.3,101.3,65.2,87.0,94.0,86.60600000000001,94.0,90.5,93.4,10.86,5,5,5,104.568
35.34,11.0,6.067,6.686,5.149,42.364000000000004,98.351,101.135,64.7,54.9,29.3,101.3,65.2,87.0,94.0,86.602,94.0,90.5,93.4,10.906,5,5,5,104.566
35.39,11.0,6.288,6.425,5.018,43.679,98.12,100.741,64.7,54.9,29.3,101.3,65.2,87.0,94.0,86.6,94.0,90.5,93.4,10.98,5,5,5,104.565
35.44,11.0,5.759,6.231,5.277,48.784,97.596,100.531,64.7,54.9,29.3,101.3,65.2,87.0,94.0,86.6,94.0,90.5,93.4,11.318999999999999,5,5,5,104.569
35.49,12.0,6.0600000000000005,6.518,5.104,68.706,97.596,100.671,64.7,54.9,29.3,101.3,65.2,87.0,94.0,86.6,94.0,90.5,93.4,11.037,5,5,5,104.571
35.54,12.0,6.026,6.482,5.133,37.209,97.478,100.624,64.7,54.9,29.3,101.3,65.2,87.0,94.0,86.6,94.0,90.5,93.4,10.947,5,5,5,104.566
35.59,12.0,5.987,6.922,5.242,21.172,97.478,100.788,64.7,54.9,29.3,101.3,65.2,87.0,94.0,86.6,94.0,90.5,93.4,12.485,5,5,5,104.564
35.64,12.0,6.221,6.786,5.071,10.777000000000001,97.596,100.788,64.7,54.9,29.3,101.3,65.2,87.0,94.0,86.6,94.0,90.5,93.4,13.884,5,5,5,104.56700000000001
35.69,12.0,6.088,7.119,5.101,7.215,97.36,100.648,64.7,54.9,29.3,101.3,65.2,87.0,94.0,86.6,94.0,90.5,93.4,14.35,5,5,5,104.565
35.74,12.0,6.305,6.4559999999999995,5.006,5.497,97.242,100.367,64.7,54.9,29.3,101.3,65.2,87.0,94.0,86.6,94.0,90.5,93.4,13.979,5,5,5,104.565
35.79,12.0,6.057,6.869,5.21,4.971,97.508,100.764,64.7,54.9,29.3,101.3,65.2,87.0,94.0,86.6,94.0,90.5,93.4,13.943,5,5,5,104.56700000000001
35.84,12.0,6.363,7.04,5.169,4.987,97.596,100.95,64.7,54.9,29.3,101.3,65.2,87.0,94.0,86.6,93.874,90.5,93.4,14.232999999999999,5,5,5,104.56700000000001
35.89,12.0,5.918,7.164,5.271,4.643,97.655,100.671,64.7,54.9,29.3,101.3,65.2,87.0,94.0,86.6,93.818,90.5,93.4,15.354000000000001,5,5,5,104.56700000000001
35.94,12.0,6.255,7.175,5.196,5.263,97.331,100.764,64.7,54.9,29.3,101.3,65.2,87.0,94.0,86.6,93.804,90.5,93.4,15.905,5,5,5,104.568
35.99,12.0,6.01,7.114,5.439,5.125,97.596,100.904,64.7,54.9,29.3,101.3,65.2,87.0,94.0,86.6,93.801,90.5,93.4,15.957,5,5,5,104.56700000000001
36.04,12.0,6.236,6.714,5.147,5.09,97.271,100.71799999999999,64.7,54.9,29.3,101.3,65.2,87.0,94.0,86.6,93.8,90.5,93.4,15.317,5,5,5,104.568
36.09,12.0,5.826,6.928,5.248,4.868,96.703,100.461,64.7,54.9,29.3,101.3,65.2,87.0,94.0,86.6,93.8,90.5,93.4,15.274000000000001,5,5,5,104.566
36.14,12.0,6.202,6.918,5.232,5.091,96.733,99.58200000000001,64.7,54.9,29.3,101.3,65.2,87.0,94.0,86.6,93.8,90.5,93.4,15.09,5,5,5,104.568
36.19,12.0,6.288,6.337,5.248,5.146,96.063,96.708,64.7,54.9,29.3,101.3,65.2,87.0,94.0,86.6,93.8,90.5,93.4,15.693,5,5,5,104.56200000000001
36.24,12.0,6.1690000000000005,6.681,5.239,5.094,93.20100000000001,92.851,64.7,54.9,29.3,101.3,65.2,87.0,94.0,86.6,93.8,90.5,93.4,16.087,5,5,5,104.56200000000001
36.29,12.0,6.327,7.325,5.291,4.4670000000000005,92.794,93.055,64.7,54.9,29.3,101.3,65.2,87.0,94.0,86.6,93.8,90.5,93.4,16.308,5,5,5,104.56299999999999
36.34,12.0,6.436,7.057,5.218,5.34,92.76,92.499,64.7,54.9,29.3,101.3,65.2,87.0,94.0,86.6,93.8,90.5,93.4,16.05,5,5,5,104.565
36.39,12.0,6.005,7.252,5.214,5.008,92.76,92.41,64.7,54.9,29.3,101.3,65.2,87.0,94.0,86.6,93.8,90.5,93.4,15.413,5,5,5,104.561
36.44,12.0,6.398,6.989,5.304,4.952,92.657,92.053,64.7,54.9,29.3,101.3,65.2,87.0,94.0,86.6,93.8,90.347,93.4,15.306,5,5,5,104.56700000000001
36.49,12.0,6.577,6.809,5.094,4.989,92.828,92.172,64.7,54.9,29.3,101.3,65.2,87.0,94.0,86.6,93.8,90.311,93.4,15.270999999999999,5,5,5,104.569
36.54,12.0,6.091,7.287,5.166,5.563,92.382,91.661,64.7,54.9,29.3,101.3,65.2,87.0,94.0,86.6,93.8,90.303,93.4,16.918,5,5,5,104.573
36.59,12.0,6.237,6.848,5.327,5.008,92.862,91.782,64.7,54.9,29.3,101.3,65.2,87.0,94.0,86.6,93.8,90.301,93.4,16.602,5,5,5,104.564
36.64,12.0,6.282,6.755,5.31,5.117,92.347,92.083,64.7,54.9,29.3,101.3,65.2,87.0,94.0,86.6,93.8,90.3,93.4,18.466,5,5,5,104.569
36.69,12.0,6.146,6.925,5.144,5.073,92.416,91.993,64.7,54.9,29.3,101.3,65.2,87.0,94.0,86.6,93.8,90.3,93.4,17.564,5,5,5,104.571
36.74,12.0,6.35,6.756,5.172,5.119,92.52,92.053,64.7,54.9,29.3,101.3,65.2,87.0,94.0,86.6,93.8,90.3,93.4,19.259,5,5,5,104.569
36.79,12.0,6.246,6.885,5.143,5.021,92.209,91.96300000000001,64.7,54.9,29.3,101.3,65.2,87.0,94.0,86.6,93.8,90.3,93.4,18.317,5,5,5,104.56299999999999
36.84,12.0,6.094,6.658,5.311,4.841,92.485,91.782,64.7,54.9,29.3,101.3,65.2,87.0,94.0,86.6,93.8,90.3,93.4,19.716,5,5,5,104.566
36.89,12.0,6.247,6.877,5.258,5.12,92.485,91.872,64.8,55.0,29.3,101.3,65.2,87.0,94.0,86.6,93.8,90.3,93.4,18.543,5,5,5,104.564
36.94,12.0,5.888,6.729,5.231,4.537,92.243,91.993,64.8,55.0,29.3,101.3,65.2,87.0,94.0,86.6,93.8,90.3,93.4,20.338,5,5,5,104.55799999999999
36.99,12.0,5.885,6.756,5.208,4.857,92.416,91.872,64.8,55.0,29.3,101.3,65.2,87.0,94.0,86.6,93.8,90.3,93.4,18.955,5,5,5,104.559
37.04,12.0,6.34,7.026999999999999,5.309,4.716,93.1,92.351,64.8,55.0,29.3,101.3,65.2,87.0,94.0,86.6,93.8,90.3,93.4,20.393,5,5,5,104.566
37.09,12.0,6.482,7.21,5.141,17.204,93.268,92.646,64.8,55.0,29.3,101.3,65.2,87.0,93.913,86.6,93.8,90.3,93.4,19.238,5,5,5,104.56200000000001
37.14,12.0,6.3919999999999995,7.048,5.148,26.703000000000003,92.554,92.499,64.8,55.0,29.3,101.3,65.2,87.0,93.827,86.6,93.8,90.3,93.4,20.401,5,5,5,104.56700000000001
37.19,12.0,5.945,7.059,5.175,39.64,92.93,92.262,64.8,55.0,29.3,101.3,65.2,87.0,93.806,86.6,93.8,90.3,93.4,19.169,5,5,5,104.56700000000001
37.24,12.0,6.136,6.925,5.207,67.435,92.485,91.812,64.8,55.0,29.3,101.3,65.2,87.0,93.801,86.6,93.8,90.3,93.4,20.3,5,5,5,104.569
37.29,12.0,6.447,6.893,5.146,89.679,92.554,91.721,64.8,55.0,29.3,101.3,65.2,87.0,93.8,86.6,93.8,90.3,93.4,18.984,5,5,5,104.571
37.34,12.0,6.25,7.463,5.268,99.512,92.589,91.6,64.8,55.0,29.3,101.3,65.2,87.0,93.8,86.6,93.8,90.3,93.4,20.314999999999998,5,5,5,104.571
