SampleTime,Phase,Sensor1,Sensor2,Sensor3,IJ,Sensor5,Sensor6,MouldTemp1,MouldTemp2,MouldTemp3,MouldTemp4,MouldTemp5,MouldTemp9,MouldTemp10,MouldTemp11,MouldTemp12,MouldTemp13,MouldTemp14,Sensor8,MouldFlow1,MouldFlow2,MouldFlow3,SP
0.0,1.0,6.538,5.763,5.0,88.152,93.76,93.012,65.3,57.1,30.3,94.3,67.0,84.6,92.9,84.0,93.4,89.7,92.61,19.012,5,5,5,104.538
0.05,1.0,7.136,5.7170000000000005,5.0,62.224,93.204,92.38,65.3,57.1,30.3,94.3,67.0,84.6,92.9,84.0,93.4,89.7,92.602,19.380000000000003,5,5,5,104.542
0.1,1.0,6.779,5.648,5.004,50.135,92.77199999999999,91.587,65.3,57.1,30.3,94.3,67.0,84.6,92.9,84.0,93.4,89.7,92.601,19.168,5,5,5,104.542
0.15,1.0,7.4079999999999995,5.5329999999999995,5.0,45.946999999999996,93.40100000000001,92.669,65.3,57.1,30.3,94.3,67.0,84.6,92.9,84.0,93.4,89.7,92.6,19.689,5,5,5,104.545
0.2,1.0,6.487,5.585,5.0,27.741,93.532,92.726,65.3,57.1,30.3,94.3,67.0,84.6,92.9,84.0,93.4,89.7,92.6,19.412,5,5,5,104.542
0.25,1.0,6.754,5.492,5.012,27.173000000000002,93.63,93.012,65.3,57.1,30.3,94.3,67.0,84.6,92.9,84.0,93.4,89.7,92.6,19.731,5,5,5,104.542
0.3,1.0,6.671,5.641,5.0,35.135000000000005,93.532,92.583,65.3,57.1,30.3,94.3,67.0,84.6,92.9,84.0,93.4,89.7,92.6,19.499000000000002,5,5,5,104.542
0.35,1.0,6.43,5.641,5.0,41.999,93.532,92.812,65.3,57.1,30.3,94.3,67.0,84.6,92.9,84.0,93.4,89.7,92.6,19.793,5,5,5,104.545
0.4,1.0,7.093999999999999,5.449,5.0,46.227,93.76,92.69800000000001,65.3,57.1,30.3,94.3,67.0,84.6,92.812,84.0,93.4,89.7,92.6,19.61,5,5,5,104.537
0.45,1.0,7.164,5.461,5.001,55.32899999999999,93.954,92.955,65.3,57.1,30.3,94.3,67.0,84.6,92.727,84.0,93.4,89.7,92.6,19.839,5,5,5,104.545
0.5,1.0,6.944,5.575,5.0,63.202,94.083,93.408,65.3,57.1,30.3,94.3,67.0,84.6,92.706,84.0,93.4,89.7,92.6,19.642000000000003,5,5,5,104.541
0.55,1.0,7.15,5.506,5.13,60.166000000000004,94.275,93.71600000000001,65.3,57.1,30.3,94.3,67.0,84.6,92.70100000000001,83.931,93.4,89.7,92.6,19.936,5,5,5,104.544
0.6,1.0,6.838,5.577,5.145,57.078,94.115,93.96600000000001,65.3,57.1,30.3,94.3,67.0,84.6,92.7,83.831,93.4,89.7,92.6,19.644,5,5,5,104.539
0.65,1.0,6.702,5.534,5.126,45.732,94.402,93.66,65.3,57.1,30.3,94.3,67.0,84.6,92.7,83.807,93.4,89.7,92.6,20.194000000000003,5,5,5,104.544
0.7,1.0,6.668,5.688,5.009,26.88,94.497,93.855,65.3,57.1,30.3,94.3,67.0,84.6,92.7,83.80199999999999,93.4,89.7,92.6,19.488,5,5,5,104.542
0.75,1.0,6.389,5.55,5.103,12.776,94.75,93.79899999999999,65.3,57.1,30.3,94.3,67.0,84.6,92.7,83.8,93.4,89.7,92.6,20.063,5,5,5,104.544
0.8,1.0,6.797,5.484,5.013,17.563,94.781,94.405,65.3,57.1,30.3,94.3,67.0,84.6,92.7,83.8,93.4,89.7,92.6,19.439999999999998,5,5,5,104.54700000000001
0.85,1.0,6.397,5.454,5.114,20.256,94.812,94.07600000000001,65.3,57.1,30.3,94.3,67.0,84.6,92.7,83.8,93.247,89.7,92.6,20.1,5,5,5,104.542
0.9,1.0,6.7330000000000005,5.629,5.096,30.87,94.75,94.296,65.3,57.1,30.3,94.3,67.0,84.6,92.7,83.8,93.211,89.7,92.6,19.572000000000003,5,5,5,104.539
0.95,1.0,6.696,5.534,5.0,22.007,95.124,94.32300000000001,65.3,57.1,30.3,94.3,67.0,84.6,92.7,83.8,93.203,89.7,92.6,20.136,5,5,5,104.541
1.0,1.0,6.595,5.559,5.0,22.817999999999998,95.0,94.65,65.3,57.1,30.3,94.3,67.0,84.6,92.7,83.8,93.20100000000001,89.7,92.6,19.53,5,5,5,104.538
1.05,1.0,6.5600000000000005,5.582,5.014,27.932,95.062,94.704,65.3,57.1,30.3,94.3,67.0,84.6,92.7,83.8,93.2,89.563,92.6,20.094,5,5,5,104.538
1.1,1.0,6.809,5.784,5.0,26.884,95.218,94.758,65.3,57.1,30.3,94.3,67.0,84.6,92.7,83.8,93.2,89.515,92.6,19.48,5,5,5,104.538
1.15,1.0,6.498,5.686,5.0,27.098000000000003,95.093,94.67699999999999,65.3,57.1,30.3,94.3,67.0,84.6,92.7,83.8,93.2,89.50399999999999,92.6,20.075,5,5,5,104.54
1.2,1.0,6.585,5.511,5.0,26.949,95.34100000000001,94.67699999999999,65.3,57.1,30.3,94.3,67.0,84.6,92.7,83.8,93.2,89.501,92.6,19.411,5,5,5,104.54299999999999
1.25,1.0,6.363,5.546,5.0,27.433000000000003,95.403,94.568,65.3,57.1,30.3,94.3,67.0,84.6,92.7,83.8,93.2,89.5,92.6,20.083,5,5,5,104.536
1.3,1.0,6.696,5.459,5.0,27.151,95.249,94.866,65.3,57.1,30.3,94.3,67.0,84.6,92.7,83.8,93.2,89.5,92.6,19.413,5,5,5,104.541
1.35,1.0,6.755,5.628,5.0,27.171,95.218,94.812,65.3,57.1,30.3,94.3,67.0,84.6,92.7,83.8,93.2,89.5,92.6,19.994,5,5,5,104.538
1.4,1.0,6.591,5.6530000000000005,5.0,26.892,95.618,94.893,65.3,57.1,30.3,94.3,67.0,84.6,92.7,83.8,93.2,89.5,92.6,19.435000000000002,5,5,5,104.536
1.45,1.0,6.306,5.543,5.0,27.066999999999997,95.372,95.214,65.3,57.1,30.3,94.3,67.0,84.6,92.7,83.8,93.2,89.5,92.6,20.105,5,5,5,104.53
1.5,1.0,6.633,5.6850000000000005,5.029,26.752,95.709,95.4,65.3,57.1,30.3,94.3,67.0,84.6,92.7,83.8,93.2,89.5,92.6,19.499000000000002,5,5,5,104.53399999999999
1.55,1.0,6.561,5.795,5.049,26.635,95.495,95.611,65.3,57.1,30.3,94.3,67.0,84.6,92.7,83.8,93.2,89.5,92.6,20.095,5,5,5,104.535
1.6,1.0,6.654,5.5920000000000005,5.018,26.381,95.831,95.347,65.3,57.1,30.3,94.3,67.0,84.6,92.7,83.8,93.2,89.5,92.6,19.576,5,5,5,104.539
1.65,1.0,6.741,5.773,5.0,26.521,95.464,95.16,65.3,57.1,30.3,94.3,67.0,84.6,92.7,83.8,93.2,89.5,92.6,19.512,5,5,5,104.539
1.7,1.0,6.773,5.557,5.0,26.01,95.464,95.32,65.3,57.1,30.3,94.3,67.0,84.6,92.7,83.8,93.2,89.5,92.6,20.142000000000003,5,5,5,104.53299999999999
1.75,1.0,6.418,5.498,5.0,26.086,95.77,95.4,65.3,57.1,30.3,94.3,67.0,84.6,92.7,83.8,93.2,89.5,92.6,19.468,5,5,5,104.54
1.8,1.0,6.343,5.575,5.0,26.491,95.74,95.664,65.3,57.1,30.3,94.3,67.0,84.6,92.7,83.8,93.2,89.5,92.6,20.024,5,5,5,104.525
1.85,1.0,6.441,5.507,5.0,26.859,95.74,95.873,65.3,57.1,30.3,94.3,67.0,84.6,92.7,83.8,93.2,89.5,92.6,19.381999999999998,5,5,5,104.54299999999999
1.9,1.0,6.42,5.59,5.0,26.584,95.953,96.133,65.2,57.1,30.2,94.6,67.0,84.6,92.7,83.8,93.2,89.5,92.6,19.974,5,5,5,104.54
1.95,1.0,6.601,5.573,5.0,26.340999999999998,95.953,96.082,65.2,57.1,30.2,94.6,67.0,84.6,92.563,83.8,93.2,89.5,92.6,19.437,5,5,5,104.544
2.0,1.0,6.802,5.466,5.0,24.95,95.953,96.108,65.2,57.1,30.2,94.6,67.0,84.6,92.515,83.8,93.2,89.5,92.6,20.075,5,5,5,104.537
2.05,1.0,6.867,5.671,5.004,26.204,95.862,96.263,65.2,57.1,30.2,94.6,67.0,84.513,92.50399999999999,83.8,93.2,89.5,92.6,19.48,5,5,5,104.538
2.1,1.0,6.787,5.567,5.008,24.349,95.709,96.185,65.2,57.1,30.2,94.6,67.0,84.42699999999999,92.501,83.655,93.2,89.5,92.6,20.097,5,5,5,104.53399999999999
2.15,1.0,6.776,5.567,5.0,24.724,95.953,96.469,65.2,57.1,30.2,94.6,67.0,84.406,92.5,83.613,93.2,89.5,92.6,19.574,5,5,5,104.54299999999999
2.2,1.0,6.83,5.609,5.0,23.468,96.013,96.469,65.2,57.1,30.2,94.6,67.0,84.402,92.5,83.60300000000001,93.2,89.5,92.6,20.175,5,5,5,104.537
2.25,1.0,6.621,5.497,5.0,25.21,96.07300000000001,96.133,65.2,57.1,30.2,94.6,67.0,84.4,92.5,83.601,93.2,89.5,92.6,19.53,5,5,5,104.542
2.3,1.0,6.678,5.513,5.0,24.486,96.22399999999999,96.185,65.2,57.1,30.2,94.6,67.0,84.4,92.5,83.6,93.2,89.5,92.498,20.134999999999998,5,5,5,104.542
2.35,1.0,6.617,5.464,5.0,24.385,96.22399999999999,95.899,65.2,57.1,30.2,94.6,67.0,84.4,92.5,83.6,93.2,89.5,92.423,19.564999999999998,5,5,5,104.546
2.4,1.0,6.588,5.516,5.0,24.387,95.983,95.925,65.2,57.1,30.2,94.6,67.0,84.4,92.5,83.6,93.2,89.5,92.406,20.134,5,5,5,104.545
2.45,1.0,6.684,5.499,5.0,43.365,95.77,95.71600000000001,65.2,57.1,30.2,94.6,67.0,84.4,92.5,83.6,93.2,89.5,92.40100000000001,19.438,5,5,5,104.54700000000001
2.5,1.0,6.977,5.466,5.0,69.303,95.922,95.71600000000001,65.2,57.1,30.2,94.6,67.0,84.4,92.5,83.6,93.2,89.5,92.4,19.961,5,5,5,104.53299999999999
2.55,1.0,6.711,5.584,5.0,104.194,95.709,95.426,65.2,57.1,30.2,94.6,67.0,84.4,92.5,83.6,93.2,89.5,92.4,19.422,5,5,5,104.538
2.6,1.0,6.53,5.474,5.0,136.764,95.679,95.294,65.2,57.1,30.2,94.6,67.0,84.4,92.5,83.6,93.2,89.5,92.4,19.999000000000002,5,5,5,104.537
2.65,1.0,6.63,5.539,5.0,161.369,96.043,95.742,65.2,57.1,30.2,94.6,67.0,84.4,92.5,83.6,93.2,89.5,92.4,19.474,5,5,5,104.538
2.7,1.0,6.452,5.796,5.0,175.69099999999997,96.134,95.585,65.2,57.1,30.2,94.6,67.0,84.4,92.5,83.6,93.2,89.5,92.4,19.96,5,5,5,104.529
2.75,1.0,6.473,5.475,5.0,179.80900000000003,95.983,95.479,65.2,57.1,30.2,94.6,67.0,84.4,92.5,83.6,93.2,89.5,92.4,19.488,5,5,5,104.53299999999999
2.8,1.0,6.746,5.559,5.0,174.84099999999998,95.953,95.795,65.2,57.1,30.2,94.6,67.0,84.4,92.5,83.6,93.2,89.5,92.4,19.994,5,5,5,104.53200000000001
2.85,1.0,6.366,5.661,5.0,157.363,96.28399999999999,95.664,65.2,57.1,30.2,94.6,67.0,84.4,92.5,83.6,93.2,89.5,92.4,19.531,5,5,5,104.53200000000001
2.9,1.0,6.469,5.808,5.0,129.689,95.953,95.664,65.2,57.1,30.2,94.6,67.0,84.4,92.5,83.6,93.2,89.5,92.4,19.984,5,5,5,104.53299999999999
2.95,1.0,6.538,5.465,5.0,97.06,95.831,95.69,65.2,57.1,30.2,94.6,67.0,84.4,92.5,83.6,93.2,89.5,92.4,19.576,5,5,5,104.53
3.0,1.0,6.444,5.52,5.0,72.732,96.194,95.611,65.2,57.1,30.2,94.6,67.0,84.4,92.5,83.6,93.2,89.5,92.4,20.110999999999997,5,5,5,104.53200000000001
3.05,1.0,6.502,5.444,5.0,55.628,95.618,95.611,65.2,57.1,30.2,94.6,67.0,84.4,92.5,83.6,93.2,89.5,92.4,19.555,5,5,5,104.53399999999999
3.1,14.0,6.394,5.523,5.0,98.15799999999999,95.892,95.795,65.2,57.1,30.2,94.6,67.0,84.4,92.5,83.6,93.2,89.5,92.4,20.093,5,5,5,104.527
3.15,14.0,6.482,5.6579999999999995,5.001,113.28299999999999,95.74,95.585,65.2,57.1,30.2,94.6,67.0,84.4,92.5,83.6,93.055,89.5,92.4,19.497999999999998,5,5,5,104.531
3.2,14.0,6.1579999999999995,5.603,5.015,82.015,95.831,95.426,65.2,57.1,30.2,94.6,67.0,84.4,92.5,83.6,93.013,89.5,92.4,19.987000000000002,5,5,5,104.52600000000001
3.25,14.0,6.856,5.493,5.0,61.925,95.618,95.373,65.2,57.1,30.2,94.6,67.0,84.4,92.5,83.6,93.003,89.5,92.4,19.509,5,5,5,104.53200000000001
3.3,14.0,7.242,5.47,5.0,40.582,95.156,94.866,65.2,57.1,30.2,94.6,67.0,84.4,92.5,83.6,93.001,89.5,92.4,19.955,5,5,5,104.53
3.35,14.0,6.719,5.479,5.095,47.016999999999996,95.464,95.294,65.2,57.1,30.2,94.6,67.0,84.4,92.5,83.6,93.0,89.5,92.4,19.478,5,5,5,104.53
3.4,14.0,6.6899999999999995,5.566,5.121,55.229,95.372,95.187,65.2,57.1,30.2,94.6,67.0,84.4,92.5,83.6,93.0,89.5,92.4,19.984,5,5,5,104.51899999999999
3.45,14.0,7.143000000000001,5.5,5.0,59.747,95.709,95.426,65.2,57.1,30.2,94.6,67.0,84.4,92.5,83.6,93.0,89.5,92.4,19.451,5,5,5,104.52600000000001
3.5,14.0,6.792,5.668,5.0,66.813,95.831,95.506,65.2,57.1,30.2,94.6,67.0,84.4,92.5,83.6,93.0,89.5,92.4,19.981,5,5,5,104.523
3.55,14.0,6.394,5.59,5.016,101.82700000000001,95.556,95.187,65.2,57.1,30.2,94.6,67.0,84.4,92.5,83.6,93.0,89.5,92.4,19.494,5,5,5,104.521
3.6,14.0,6.029,5.5329999999999995,5.0,128.88600000000002,95.495,95.637,65.2,57.1,30.2,94.6,67.0,84.4,92.5,83.6,93.0,89.5,92.4,19.975,5,5,5,104.523
3.65,14.0,6.5440000000000005,5.464,5.022,148.804,95.34100000000001,95.506,65.2,57.1,30.2,94.6,67.0,84.4,92.5,83.6,93.0,89.5,92.4,20.137999999999998,5,5,5,104.51799999999999
3.7,14.0,6.461,5.507,5.019,161.713,95.372,95.294,65.2,57.1,30.2,94.6,67.0,84.4,92.5,83.6,93.0,89.5,92.4,19.305999999999997,5,5,5,104.51899999999999
3.75,14.0,6.468,5.447,5.0,171.928,95.52600000000001,95.187,65.2,57.1,30.2,94.6,67.0,84.4,92.5,83.6,93.0,89.475,92.4,20.03,5,5,5,104.525
3.8,14.0,6.408,5.618,5.024,178.574,95.372,95.347,65.2,57.1,30.2,94.6,67.0,84.4,92.5,83.6,93.0,89.342,92.4,19.332,5,5,5,104.527
3.85,14.0,6.539,5.493,5.002,179.542,95.556,95.347,65.2,57.1,30.2,94.6,67.0,84.4,92.5,83.6,93.0,89.31,92.4,20.104,5,5,5,104.53
3.9,14.0,6.45,5.588,5.039,174.702,95.0,94.704,65.1,57.1,30.2,95.0,66.9,84.4,92.413,83.6,93.0,89.30199999999999,92.4,19.353,5,5,5,104.521
3.95,14.0,6.63,5.614,5.0,175.612,95.403,95.479,65.1,57.1,30.2,95.0,66.9,84.4,92.327,83.6,93.0,89.301,92.4,20.103,5,5,5,104.53
4.0,14.0,6.281,5.457,5.0,175.638,95.403,95.16,65.1,57.1,30.2,95.0,66.9,84.4,92.306,83.6,93.0,89.3,92.4,19.419,5,5,5,104.524
4.05,14.0,6.738,5.465,5.0,173.025,95.403,95.107,65.1,57.1,30.2,95.0,66.9,84.4,92.301,83.6,93.0,89.3,92.4,20.058,5,5,5,104.524
4.1,14.0,6.7780000000000005,5.459,5.0,173.99900000000002,95.679,95.08,65.1,57.1,30.2,95.0,66.9,84.4,92.3,83.6,93.0,89.3,92.4,19.374000000000002,5,5,5,104.522
4.15,14.0,6.441,5.441,5.0,175.292,95.495,95.134,65.1,57.1,30.2,95.0,66.9,84.4,92.3,83.6,93.0,89.3,92.4,20.122,5,5,5,104.516
4.17,3.0,6.533,5.494,5.0,173.275,95.52600000000001,94.973,65.1,57.1,30.2,95.0,66.9,84.4,92.3,83.531,93.0,89.3,92.4,19.959000000000003,5,5,5,104.52
4.19,3.0,6.6419999999999995,5.566,5.0,168.958,93.98100000000001,93.77199999999999,65.1,57.1,30.2,95.0,66.9,84.4,92.3,83.47399999999999,93.0,89.3,92.4,19.898,5,5,5,104.521
4.21,3.0,6.773,5.541,5.0,153.30100000000002,94.874,94.839,65.1,57.1,30.2,95.0,66.9,84.4,92.3,83.442,93.0,89.3,92.4,19.975,5,5,5,104.516
4.23,3.0,6.265,5.552,5.0,135.22299999999998,94.685,95.134,65.1,57.1,30.2,95.0,66.9,84.4,92.3,83.423,93.0,89.3,92.4,20.021,5,5,5,104.51799999999999
4.25,3.0,6.157,5.605,5.0,118.073,94.874,94.973,65.1,57.1,30.2,95.0,66.9,84.4,92.3,83.413,93.0,89.3,92.4,19.979,5,5,5,104.52
4.27,3.0,6.673,5.506,5.0,98.948,94.78,94.973,65.1,57.1,30.2,95.0,66.9,84.4,92.3,83.407,93.0,89.3,92.4,19.951999999999998,5,5,5,104.51799999999999
4.29,3.0,6.489,5.526,5.061,84.669,94.685,94.67699999999999,65.1,57.1,30.2,95.0,66.9,84.4,92.3,83.404,93.0,89.3,92.4,19.994,5,5,5,104.522
4.31,3.0,5.458,5.814,5.159,90.251,94.717,95.027,65.1,57.1,30.2,95.0,66.9,84.4,92.3,83.402,93.0,89.3,92.4,19.963,5,5,5,104.524
4.33,3.0,5.835,5.879,5.153,81.51,94.843,95.08,65.1,57.1,30.2,95.0,66.9,84.4,92.3,83.40100000000001,93.0,89.3,92.4,19.939999999999998,5,5,5,104.244
4.35,3.0,5.426,5.84,5.134,76.711,95.094,95.16,65.1,57.1,30.2,95.0,66.9,84.4,92.3,83.40100000000001,93.0,89.3,92.4,19.985999999999997,5,5,5,103.446
4.37,3.0,5.523,5.74,5.167,58.33,95.125,95.24,65.1,57.1,30.2,95.0,66.9,84.4,92.3,83.4,93.0,89.3,92.4,19.993000000000002,5,5,5,101.921
4.39,3.0,5.409,5.8149999999999995,5.264,45.126999999999995,95.094,95.373,65.1,57.1,30.2,95.0,66.9,84.4,92.3,83.4,93.0,89.3,92.4,19.98,5,5,5,100.75299999999999
4.41,3.0,5.343,6.231,5.298,49.297,94.969,95.293,65.1,57.1,30.2,95.0,66.9,84.4,92.3,83.4,93.0,89.3,92.4,19.944000000000003,5,5,5,99.323
4.43,3.0,5.449,5.8740000000000006,5.094,38.349000000000004,95.188,95.373,65.1,57.1,30.2,95.0,66.9,84.4,92.3,83.4,93.0,89.3,92.4,20.016,5,5,5,97.96700000000001
4.45,3.0,5.574,6.356,5.14,36.741,95.125,95.373,65.1,57.1,30.2,95.0,66.9,84.4,92.3,83.4,93.0,89.3,92.4,19.948,5,5,5,96.85799999999999
4.47,3.0,5.45,5.806,5.115,39.272,94.906,95.187,65.1,57.1,30.2,95.0,66.9,84.4,92.3,83.4,93.0,89.3,92.4,20.006999999999998,5,5,5,95.845
4.49,3.0,5.542,5.752,5.212,42.400999999999996,94.874,95.134,65.1,57.1,30.2,95.0,66.9,84.4,92.3,83.4,93.0,89.3,92.4,19.996,5,5,5,94.958
4.51,3.0,5.531,5.798,5.097,45.082,95.343,95.08,65.1,57.1,30.2,95.0,66.9,84.4,92.3,83.4,93.0,89.3,92.4,19.982,5,5,5,94.039
4.53,3.0,5.43,6.05,5.242,48.675,95.25,95.107,65.1,57.1,30.2,95.0,66.9,84.4,92.3,83.4,93.0,89.3,92.4,19.973,5,5,5,93.124
4.55,3.0,5.465,6.132,5.173,53.227,95.0,95.4,65.1,57.1,30.2,95.0,66.9,84.4,92.3,83.4,93.0,89.3,92.4,19.984,5,5,5,92.227
4.57,3.0,5.671,6.586,5.281,57.172,95.188,95.4,65.1,57.1,30.2,95.0,66.9,84.4,92.3,83.4,93.0,89.3,92.4,19.963,5,5,5,91.39399999999999
4.59,3.0,5.43,5.8149999999999995,5.074,61.201,95.281,95.426,65.1,57.1,30.2,95.0,66.9,84.4,92.3,83.4,93.0,89.3,92.4,19.984,5,5,5,90.535
4.61,3.0,5.554,6.094,5.154,65.304,94.969,95.479,65.1,57.1,30.2,95.0,66.9,84.4,92.3,83.4,93.0,89.3,92.4,19.567999999999998,5,5,5,89.685
4.63,3.0,5.395,5.844,5.211,66.799,95.219,95.69,65.1,57.1,30.2,95.0,66.9,84.4,92.3,83.4,93.0,89.3,92.4,19.375,5,5,5,88.888
4.65,3.0,5.52,6.083,5.197,71.08800000000001,95.094,95.453,65.1,57.1,30.2,95.0,66.9,84.4,92.3,83.4,93.0,89.3,92.4,19.413,5,5,5,88.17399999999999
4.67,3.0,5.865,6.429,5.273,73.559,95.219,95.347,65.1,57.1,30.2,95.0,66.9,84.4,92.3,83.4,93.0,89.3,92.4,19.439999999999998,5,5,5,87.434
4.69,3.0,5.562,6.505,5.25,75.494,95.125,95.479,65.1,57.1,30.2,95.0,66.9,84.4,92.3,83.4,93.0,89.3,92.4,19.436,5,5,5,86.685
4.71,3.0,5.491,6.046,5.243,76.204,95.125,95.69,65.1,57.1,30.2,95.0,66.9,84.4,92.3,83.4,93.0,89.3,92.4,19.465,5,5,5,85.876
4.73,3.0,5.368,6.335,5.342,76.931,95.188,95.795,65.1,57.1,30.2,95.0,66.9,84.4,92.3,83.4,93.0,89.3,92.4,19.439,5,5,5,85.055
4.75,3.0,5.485,6.095,5.192,77.33,95.094,95.742,65.1,57.1,30.2,95.0,66.9,84.4,92.3,83.4,93.0,89.3,92.375,19.459000000000003,5,5,5,84.209
4.77,3.0,5.642,6.036,5.099,77.607,94.937,96.391,65.1,57.1,30.2,95.0,66.9,84.4,92.3,83.4,93.0,89.3,92.298,19.445,5,5,5,83.392
4.79,3.0,5.539,6.0280000000000005,5.049,77.499,95.156,96.75,65.1,57.1,30.2,95.0,66.9,84.4,92.3,83.4,93.0,89.3,92.255,19.415,5,5,5,82.518
4.81,3.0,5.419,6.182,5.254,77.51,95.063,97.331,65.1,57.1,30.2,95.0,66.9,84.4,92.3,83.4,93.0,89.3,92.23100000000001,19.415999999999997,5,5,5,81.688
4.83,3.0,5.397,6.154,5.204,77.008,95.312,98.025,65.1,57.1,30.2,95.0,66.9,84.4,92.3,83.4,92.913,89.3,92.218,19.41,5,5,5,80.827
4.85,3.0,5.638,6.165,5.163,76.883,95.031,99.06700000000001,65.1,57.1,30.2,95.0,66.9,84.4,92.3,83.4,92.863,89.3,92.21,19.415,5,5,5,79.94
4.87,3.0,5.373,6.036,5.137,77.24600000000001,95.529,100.61,65.1,57.1,30.2,95.0,66.9,84.331,92.3,83.4,92.836,89.3,92.206,19.409,5,5,5,79.097
4.89,3.0,5.405,5.829,5.228,77.07,94.969,102.48700000000001,65.1,57.1,30.2,95.0,66.9,84.274,92.3,83.4,92.82,89.3,92.203,19.418,5,5,5,78.204
4.91,3.0,5.331,5.8759999999999994,5.119,77.727,95.094,105.26899999999999,65.1,57.1,30.2,95.0,66.9,84.242,92.3,83.4,92.811,89.3,92.202,19.371,5,5,5,77.34899999999999
4.93,3.0,5.399,6.319,5.123,77.76100000000001,95.188,109.38799999999999,65.1,57.1,30.2,95.0,66.9,84.223,92.3,83.4,92.806,89.3,92.20100000000001,19.41,5,5,5,76.539
4.95,3.0,5.462,6.068,5.114,78.2,95.219,117.304,65.1,57.1,30.2,95.0,66.9,84.21300000000001,92.3,83.4,92.804,89.3,92.20100000000001,19.421,5,5,5,75.693
4.97,3.0,5.409,6.334,5.393,78.574,95.25,127.853,65.1,57.1,30.2,95.0,66.9,84.207,92.3,83.4,92.80199999999999,89.3,92.2,19.395,5,5,5,74.861
4.99,3.0,5.567,6.959,5.202,78.93,95.125,143.813,65.1,57.1,30.2,95.0,66.9,84.204,92.3,83.4,92.801,89.3,92.2,19.380000000000003,5,5,5,74.013
5.01,3.0,5.567,7.09,5.299,79.237,95.682,173.946,65.1,57.1,30.2,95.0,66.9,84.202,92.3,83.4,92.801,89.3,92.2,19.392000000000003,5,5,5,73.18100000000001
5.03,3.0,5.48,7.246,5.197,79.79,96.079,242.582,65.1,57.1,30.2,95.0,66.9,84.20100000000001,92.3,83.4,92.8,89.3,92.2,19.421,5,5,5,72.32300000000001
5.05,3.0,5.45,7.479,5.195,80.003,97.50299999999999,238.243,65.1,57.1,30.2,95.0,66.9,84.20100000000001,92.3,83.4,92.8,89.3,92.2,19.425,5,5,5,71.502
5.07,3.0,5.5280000000000005,7.638999999999999,5.2,80.517,99.641,234.213,65.1,57.1,30.2,95.0,66.9,84.2,92.3,83.4,92.8,89.3,92.2,19.383,5,5,5,70.652
5.09,3.0,5.476,8.585,5.31,80.406,102.014,232.753,65.1,57.1,30.2,95.0,66.9,84.2,92.3,83.4,92.8,89.3,92.2,19.387,5,5,5,69.80199999999999
5.11,3.0,5.463,7.599,5.133,80.869,105.074,231.94400000000002,65.1,57.1,30.2,95.0,66.9,84.2,92.3,83.4,92.8,89.3,92.2,19.384999999999998,5,5,5,68.968
5.13,3.0,5.475,8.655,5.221,81.068,108.62700000000001,231.84400000000002,65.1,57.1,30.2,95.0,66.9,84.2,92.3,83.4,92.8,89.3,92.2,19.347,5,5,5,68.13
5.15,3.0,5.5120000000000005,8.816,5.257,81.538,112.96700000000001,232.192,65.1,57.1,30.2,95.0,66.9,84.2,92.3,83.4,92.8,89.3,92.2,19.354,5,5,5,67.273
5.17,3.0,5.403,8.887,5.265,81.065,117.897,232.081,65.1,57.1,30.2,95.0,66.9,84.2,92.3,83.4,92.8,89.3,92.2,19.375999999999998,5,5,5,66.38499999999999
5.19,3.0,5.469,9.483,5.164,78.878,121.765,231.41,65.1,57.1,30.2,95.0,66.9,84.2,92.3,83.4,92.8,89.3,92.2,19.353,5,5,5,65.46600000000001
5.21,3.0,5.329,10.067,5.406,76.842,126.165,230.407,65.1,57.1,30.2,95.0,66.9,84.2,92.3,83.4,92.8,89.3,92.2,19.396,5,5,5,64.548
5.23,3.0,5.451,10.71,5.154,74.497,131.56,229.332,65.1,57.1,30.2,95.0,66.9,84.2,92.3,83.4,92.8,89.3,92.2,19.413,5,5,5,63.583
5.25,3.0,5.353,11.338,5.229,72.837,137.472,228.24900000000002,65.1,57.1,30.2,95.0,66.9,84.2,92.3,83.4,92.8,89.3,92.2,19.436,5,5,5,62.669
5.27,3.0,5.518,11.748999999999999,5.238,71.51,143.825,227.145,65.1,57.1,30.2,95.0,66.9,84.2,92.3,83.4,92.8,89.3,92.2,19.445,5,5,5,61.751999999999995
5.29,3.0,5.407,12.459,5.259,70.593,151.618,225.99599999999998,65.1,57.1,30.2,95.0,66.9,84.2,92.3,83.4,92.8,89.3,92.2,19.424,5,5,5,60.843999999999994
5.31,3.0,5.582,12.639,5.454,70.372,163.56,224.80200000000002,65.1,57.1,30.2,95.0,66.9,84.2,92.3,83.4,92.8,89.3,92.2,19.415999999999997,5,5,5,59.948
5.33,3.0,5.686,13.515,5.684,70.436,185.292,223.419,65.1,57.1,30.2,95.0,66.9,84.2,92.3,83.4,92.8,89.3,92.2,19.449,5,5,5,59.095
5.35,3.0,5.51,14.266,6.209,70.32600000000001,243.179,222.15,65.1,57.1,30.2,95.0,66.9,84.2,92.3,83.4,92.8,89.3,92.2,19.439999999999998,5,5,5,58.236000000000004
5.37,3.0,5.659,14.376,6.725,70.669,240.75599999999997,220.597,65.1,57.1,30.2,95.0,66.9,84.2,92.3,83.4,92.8,89.3,92.2,19.426,5,5,5,57.363
5.39,3.0,5.8469999999999995,14.487,7.072,70.60600000000001,236.483,220.333,65.1,57.1,30.2,95.0,66.9,84.2,92.3,83.4,92.8,89.3,92.2,19.372,5,5,5,56.523999999999994
5.41,3.0,5.723,15.53,7.645,71.127,233.63099999999997,220.38099999999997,65.1,57.1,30.2,95.0,66.9,84.2,92.25,83.4,92.8,89.3,92.2,19.466,5,5,5,55.663000000000004
5.43,3.0,6.524,15.519,8.031,71.336,231.364,220.537,65.1,57.1,30.2,95.0,66.9,84.2,92.184,83.4,92.8,89.3,92.2,19.437,5,5,5,54.831
5.45,3.0,5.873,16.144,8.441,71.712,229.40900000000002,220.861,65.1,57.1,30.2,95.0,66.9,84.2,92.14699999999999,83.4,92.8,89.3,92.2,19.403,5,5,5,53.956
5.47,3.0,6.241,16.422,9.219999999999999,71.705,227.725,221.391,65.1,57.1,30.2,95.0,66.9,84.2,92.127,83.4,92.8,89.3,92.2,19.432000000000002,5,5,5,53.133
5.49,3.0,6.059,17.198,9.46,72.164,226.197,221.933,65.1,57.1,30.2,95.0,66.9,84.2,92.115,83.4,92.8,89.3,92.2,19.449,5,5,5,52.27
5.51,3.0,6.364,17.493000000000002,10.043,71.836,224.577,222.18599999999998,65.1,57.1,30.2,95.0,66.9,84.2,92.108,83.4,92.8,89.3,92.2,19.394,5,5,5,51.426
5.53,3.0,6.136,18.297,10.617,69.38,223.18400000000003,222.21,65.1,57.1,30.2,95.0,66.9,84.2,92.105,83.4,92.8,89.3,92.2,19.433,5,5,5,50.611
5.55,3.0,6.187,18.187,10.937999999999999,70.455,222.52599999999998,222.02900000000002,65.1,57.1,30.2,95.0,66.9,84.2,92.10300000000001,83.4,92.8,89.3,92.2,19.454,5,5,5,49.925
5.57,3.0,6.279,18.448,11.515,68.88300000000001,222.25900000000001,221.692,65.1,57.1,30.2,95.0,66.9,84.2,92.102,83.4,92.8,89.3,92.2,19.426,5,5,5,49.216
5.59,3.0,6.52,18.847,11.662,68.94200000000001,221.99099999999999,221.09,65.1,57.1,30.2,95.0,66.9,84.2,92.101,83.4,92.8,89.3,92.2,19.438,5,5,5,48.533
5.61,3.0,6.668,18.947000000000003,11.742999999999999,68.313,221.78400000000002,220.38099999999997,65.1,57.1,30.2,95.0,66.9,84.2,92.1,83.4,92.8,89.3,92.2,20.079,5,5,5,47.847
5.63,3.0,6.336,18.91,12.212,68.779,221.72400000000002,219.50599999999997,65.1,57.1,30.2,95.0,66.9,84.2,92.1,83.4,92.8,89.3,92.2,19.985,5,5,5,47.158
5.65,3.0,6.8,19.511,12.36,68.488,221.797,218.549,65.1,57.1,30.2,95.0,66.9,84.2,92.1,83.4,92.8,89.3,92.2,19.985,5,5,5,46.476
5.67,3.0,7.293,19.2,12.722999999999999,69.331,221.882,217.524,65.1,57.1,30.2,95.0,66.9,84.2,92.1,83.4,92.8,89.3,92.2,19.968,5,5,5,45.824
5.69,3.0,7.1690000000000005,19.7,13.004,68.986,221.639,216.537,65.1,57.1,30.2,95.0,66.9,84.2,92.1,83.4,92.8,89.3,92.2,20.006999999999998,5,5,5,45.128
5.71,3.0,7.413,20.481,12.85,70.029,221.178,215.541,65.1,57.1,30.2,95.0,66.9,84.2,92.1,83.4,92.8,89.3,92.2,19.975,5,5,5,44.464
5.73,3.0,7.659,20.48,13.198,69.082,220.632,214.525,65.1,57.1,30.2,95.0,66.9,84.2,92.1,83.4,92.8,89.3,92.2,19.972,5,5,5,43.8
5.75,3.0,7.147,20.65,13.662,65.57300000000001,220.18400000000003,213.61700000000002,65.1,57.1,30.2,95.0,66.9,84.2,92.1,83.4,92.8,89.275,92.2,19.954,5,5,5,43.150999999999996
5.77,3.0,8.123999999999999,20.816,13.892000000000001,65.86600000000001,219.785,212.71099999999998,65.1,57.1,30.2,95.0,66.9,84.2,92.1,83.4,92.8,89.19800000000001,92.2,19.881999999999998,5,5,5,42.681
5.79,3.0,8.33,21.525,14.259,63.89,219.19400000000002,211.878,65.1,57.1,30.2,95.0,66.9,84.2,92.1,83.4,92.8,89.155,92.2,19.878,5,5,5,42.24
5.81,4.0,8.829,21.308,14.347000000000001,62.971000000000004,218.735,211.15200000000002,65.1,57.1,30.2,95.0,66.9,84.2,92.1,83.4,92.8,89.131,92.2,19.906,5,5,5,41.846000000000004
5.83,4.0,12.698,22.809,14.994,57.471000000000004,219.109,210.579,65.1,57.1,30.2,95.0,66.9,84.2,92.1,83.4,92.8,89.118,92.2,19.932000000000002,5,5,5,41.479
5.85,4.0,15.027000000000001,23.692,15.673,53.303000000000004,218.72299999999998,209.984,65.1,57.1,30.2,95.0,66.9,84.2,92.1,83.4,92.8,89.11,92.2,19.915999999999997,5,5,5,41.283
5.87,4.0,16.261,23.689,15.775,53.656000000000006,217.845,209.343,65.1,57.1,30.2,95.0,66.9,84.2,92.1,83.4,92.8,89.10600000000001,92.2,19.917,5,5,5,41.322
5.89,4.0,16.576,23.525,15.943,51.873999999999995,216.86,208.703,64.8,57.1,30.2,95.2,66.7,84.2,92.1,83.4,92.8,89.10300000000001,92.2,19.881999999999998,5,5,5,41.301
5.91,4.0,16.945999999999998,23.237000000000002,15.652000000000001,49.32899999999999,215.986,208.08700000000002,64.8,57.1,30.2,95.2,66.7,84.2,92.1,83.4,92.8,89.102,92.2,19.831,5,5,5,41.295
5.93,4.0,17.055999999999997,23.711,15.644,49.371,215.16099999999997,207.49599999999998,64.8,57.1,30.2,95.2,66.7,84.2,92.1,83.4,92.8,89.101,92.2,19.828,5,5,5,41.282
5.95,4.0,16.421,23.368,15.606,46.086999999999996,214.398,206.894,64.8,57.1,30.2,95.2,66.7,84.2,92.1,83.4,92.8,89.101,92.2,19.794,5,5,5,41.293000000000006
5.97,4.0,16.415,22.96,15.373,46.45,213.707,206.304,64.8,57.1,30.2,95.2,66.7,84.2,92.1,83.4,92.8,89.1,92.2,19.814,5,5,5,41.274
5.99,4.0,16.622999999999998,23.069000000000003,15.696,44.744,213.077,205.669,64.8,57.1,30.2,95.2,66.7,84.2,92.1,83.4,92.8,89.1,92.2,19.849,5,5,5,41.269000000000005
6.01,4.0,16.55,22.355,15.738,45.284,212.472,205.174,64.8,57.1,30.2,95.2,66.7,84.2,92.1,83.4,92.8,89.1,92.2,19.805,5,5,5,41.25
6.03,4.0,16.524,22.07,15.779000000000002,44.423,211.97400000000002,204.644,64.8,57.1,30.2,95.2,66.7,84.2,92.1,83.4,92.8,89.1,92.2,19.822000000000003,5,5,5,41.211
6.05,4.0,16.174,22.212,16.976,44.123000000000005,211.44099999999997,204.104,64.8,57.1,30.2,95.2,66.7,84.2,92.1,83.4,92.8,89.1,92.2,19.823,5,5,5,41.175
6.07,4.0,16.139000000000003,21.838,17.395,43.509,210.85,203.575,64.8,57.1,30.2,95.2,66.7,84.2,92.1,83.4,92.8,89.1,92.2,19.839,5,5,5,41.109
6.09,4.0,15.921,22.337,18.277,39.866,210.15400000000002,203.09400000000002,64.8,57.1,30.2,95.2,66.7,84.2,92.1,83.4,92.8,89.1,92.2,19.738,5,5,5,41.036
6.11,4.0,15.948,22.144000000000002,19.884999999999998,40.591,209.482,202.612,64.8,57.1,30.2,95.2,66.7,84.2,92.1,83.4,92.8,89.1,92.2,19.722,5,5,5,41.075
6.13,4.0,16.04,22.407,20.933,37.503,208.77599999999998,202.143,64.8,57.1,30.2,95.2,66.7,84.2,92.1,83.4,92.8,89.1,92.2,19.752000000000002,5,5,5,41.056
6.15,4.0,15.958,22.049,21.214000000000002,39.946999999999996,208.17700000000002,201.64,64.8,57.1,30.2,95.2,66.7,84.2,92.1,83.4,92.8,89.1,92.2,19.807000000000002,5,5,5,41.024
6.17,4.0,16.070999999999998,21.932000000000002,21.38,37.579,207.578,201.183,64.8,57.1,30.2,95.2,66.7,84.2,92.1,83.4,92.8,89.1,92.2,19.805,5,5,5,40.973
6.19,4.0,16.485,22.042,21.785999999999998,39.143,206.99200000000002,200.75,64.8,57.1,30.2,95.2,66.7,84.2,92.1,83.4,92.8,89.1,92.2,19.786,5,5,5,40.975
6.21,4.0,16.684,21.839000000000002,21.789,31.813000000000002,206.46599999999998,200.294,64.8,57.1,30.2,95.2,66.7,84.2,92.1,83.4,92.8,89.1,92.2,19.759,5,5,5,41.04
6.23,4.0,16.989,21.962,21.706,32.616,205.87,199.873,64.8,57.1,30.2,95.2,66.7,84.2,92.1,83.375,92.8,89.1,92.2,19.795,5,5,5,41.18
6.25,4.0,16.812,21.885,21.702,33.249,205.333,199.395,64.8,57.1,30.2,95.2,66.7,84.2,92.1,83.298,92.8,89.1,92.2,19.823,5,5,5,41.309
6.27,4.0,17.134,22.096,21.387999999999998,34.989999999999995,204.75,198.929,64.8,57.1,30.2,95.2,66.7,84.2,92.1,83.255,92.8,89.1,92.2,19.755000000000003,5,5,5,41.406
6.29,4.0,16.868000000000002,21.6,21.257,34.646,204.24900000000002,198.476,64.8,57.1,30.2,95.2,66.7,84.2,92.1,83.23100000000001,92.8,89.1,92.2,19.808,5,5,5,41.366
6.31,4.0,16.92,21.399,21.053,34.179,203.69,198.02200000000002,64.8,57.1,30.2,95.2,66.7,84.2,92.1,83.218,92.8,89.1,92.2,19.762,5,5,5,41.247
6.33,4.0,16.398,21.254,20.936,28.362,203.21400000000003,197.614,64.8,57.1,30.2,95.2,66.7,84.2,92.1,83.21,92.8,89.1,92.2,19.759999999999998,5,5,5,41.213
6.35,4.0,16.613,21.226,20.634,34.806,202.738,197.195,64.8,57.1,30.2,95.2,66.7,84.2,92.1,83.206,92.8,89.1,92.2,19.796,5,5,5,41.289
6.37,4.0,16.39,20.774,20.630000000000003,32.286,202.274,196.77700000000002,64.8,57.1,30.2,95.2,66.7,84.2,92.1,83.203,92.8,89.1,92.2,19.844,5,5,5,41.230999999999995
6.39,4.0,16.482999999999997,20.546,20.286,34.927,201.822,196.38099999999997,64.8,57.1,30.2,95.2,66.7,84.2,92.1,83.202,92.8,89.1,92.2,19.77,5,5,5,41.215999999999994
6.41,4.0,16.167,20.819000000000003,20.242,32.681,201.382,195.998,64.8,57.1,30.2,95.2,66.7,84.2,92.1,83.20100000000001,92.8,89.1,92.2,19.808,5,5,5,41.182
6.43,4.0,16.177,20.607,20.163,38.226,200.965,195.59099999999998,64.8,57.1,30.2,95.2,66.7,84.2,92.1,83.20100000000001,92.8,89.1,92.2,19.677999999999997,5,5,5,41.150999999999996
6.45,4.0,16.407,20.79,20.047,34.124,200.595,195.287,64.8,57.1,30.2,95.2,66.7,84.2,92.1,83.2,92.8,89.1,92.2,19.728,5,5,5,40.938
6.47,4.0,16.32,21.002,20.167,42.531,200.168,194.938,64.8,57.1,30.2,95.2,66.7,84.2,92.1,83.2,92.8,89.1,92.2,19.753,5,5,5,40.867
6.49,4.0,16.677999999999997,20.942999999999998,20.292,34.318,199.729,194.645,64.8,57.1,30.2,95.2,66.7,84.2,92.1,83.2,92.8,89.1,92.2,19.713,5,5,5,40.635999999999996
6.51,4.0,17.097,21.433,20.54,42.138000000000005,199.40599999999998,194.308,64.8,57.1,30.2,95.2,66.7,84.2,92.1,83.2,92.8,89.1,92.2,19.676,5,5,5,40.507
6.53,4.0,17.199,21.434,20.692,39.177,199.06099999999998,193.993,64.8,57.1,30.2,95.2,66.7,84.2,92.1,83.2,92.8,89.1,92.2,19.698,5,5,5,40.263000000000005
6.55,4.0,17.865000000000002,21.669,21.038,44.452,198.692,193.72299999999998,64.8,57.1,30.2,95.2,66.7,84.2,92.1,83.2,92.8,89.1,92.2,19.661,5,5,5,40.099000000000004
6.57,4.0,18.324,22.945,21.605999999999998,44.174,198.335,193.442,64.8,57.1,30.2,95.2,66.7,84.2,92.1,83.2,92.8,89.1,92.2,19.699,5,5,5,39.888000000000005
6.59,4.0,18.629,22.986,22.144000000000002,46.721000000000004,198.03599999999997,193.206,64.8,57.1,30.2,95.2,66.7,84.2,92.1,83.2,92.8,89.1,92.2,19.706,5,5,5,39.693
6.61,4.0,19.595999999999997,23.629,22.887,39.961999999999996,197.748,192.97099999999998,64.8,57.1,30.2,95.2,66.7,84.2,92.1,83.2,92.8,89.1,92.2,20.145,5,5,5,39.425
6.63,4.0,20.421,24.215999999999998,23.482,50.372,197.484,192.713,64.8,57.1,30.2,95.2,66.7,84.2,92.1,83.2,92.8,89.1,92.2,20.064999999999998,5,5,5,39.338
6.65,4.0,21.195999999999998,25.558000000000003,24.254,42.556999999999995,197.208,192.46599999999998,64.8,57.1,30.2,95.2,66.7,84.2,92.1,83.2,92.71300000000001,89.1,92.2,20.045,5,5,5,39.114000000000004
6.67,4.0,22.146,26.302,25.113,51.086000000000006,196.97799999999998,192.208,64.8,57.1,30.2,95.2,66.7,84.2,92.1,83.2,92.663,89.1,92.2,20.059,5,5,5,38.96
6.69,4.0,22.235,27.273000000000003,25.934,48.652,196.77200000000002,191.99599999999998,64.8,57.1,30.2,95.2,66.7,84.2,92.1,83.2,92.63600000000001,89.1,92.2,20.137999999999998,5,5,5,38.7
6.71,4.0,23.44,28.144000000000002,26.845,51.93899999999999,196.565,191.783,64.8,57.1,30.2,95.2,66.7,84.2,92.1,83.2,92.62,89.1,92.2,20.067999999999998,5,5,5,38.533
6.73,4.0,23.961,28.862,27.62,46.292,196.347,191.55900000000003,64.8,57.1,30.2,95.2,66.7,84.2,92.1,83.2,92.611,89.1,92.2,20.097,5,5,5,38.31699999999999
6.75,4.0,25.296,29.524,28.75,51.041000000000004,196.141,191.324,64.8,57.1,30.2,95.2,66.7,84.2,92.1,83.2,92.60600000000001,89.1,92.2,20.097,5,5,5,38.29
6.77,4.0,25.921,30.776999999999997,29.467,49.288999999999994,195.96900000000002,191.111,64.8,57.1,30.2,95.2,66.7,84.2,92.1,83.2,92.604,89.1,92.2,20.142000000000003,5,5,5,38.230999999999995
6.79,4.0,27.094,31.749000000000002,30.23,51.265,195.774,190.888,64.8,57.1,30.2,95.2,66.7,84.2,92.1,83.2,92.602,89.1,92.15,20.173000000000002,5,5,5,38.084
6.81,4.0,27.804000000000002,31.915,30.651999999999997,49.148,195.545,190.687,64.8,57.1,30.2,95.2,66.7,84.2,92.1,83.2,92.601,89.1,92.084,20.244,5,5,5,37.932
6.83,4.0,28.412,32.83,31.639,52.419,195.33900000000003,190.452,64.8,57.1,30.2,95.2,66.7,84.2,92.1,83.2,92.601,89.1,92.047,20.165999999999997,5,5,5,37.81
6.85,4.0,28.913,33.701,32.313,44.321999999999996,195.11,190.217,64.8,57.1,30.2,95.2,66.7,84.2,92.1,83.2,92.6,89.1,92.027,20.049,5,5,5,37.67
6.87,4.0,29.991999999999997,34.299,32.965,51.993,194.835,189.99400000000003,64.8,57.1,30.2,95.2,66.7,84.2,92.1,83.2,92.6,89.1,92.015,20.121,5,5,5,37.687
6.89,4.0,30.636,34.93300000000001,33.58,47.797,194.583,189.793,64.8,57.1,30.2,95.2,66.7,84.2,92.1,83.2,92.6,89.1,92.008,20.118000000000002,5,5,5,37.677
6.91,4.0,30.91,35.687,33.951,48.739,194.354,189.52599999999998,64.8,57.1,30.2,95.2,66.7,84.2,92.1,83.2,92.6,89.1,92.005,20.072000000000003,5,5,5,37.678
6.93,4.0,31.572,35.952,34.501,49.957,194.09099999999998,189.28,64.8,57.1,30.2,95.2,66.7,84.2,92.1,83.2,92.6,89.1,92.003,20.163,5,5,5,37.668000000000006
6.95,4.0,32.391,36.348,34.695,47.357,193.783,189.046,64.8,57.1,30.2,95.2,66.7,84.2,92.1,83.2,92.6,89.1,92.001,20.084000000000003,5,5,5,37.66
6.97,4.0,32.595,36.535,35.05800000000001,48.825,193.497,188.82299999999998,64.8,57.1,30.2,95.2,66.7,84.2,92.1,83.2,92.6,89.1,92.001,20.113,5,5,5,37.643
6.99,4.0,32.961,36.870999999999995,35.189,46.567,193.21200000000002,188.545,64.8,57.1,30.2,95.2,66.7,84.2,92.1,83.2,92.6,89.1,92.0,20.201,5,5,5,37.568
7.01,4.0,33.528999999999996,36.872,35.486000000000004,48.48,192.926,188.278,64.8,57.1,30.2,95.2,66.7,84.2,92.1,83.2,92.6,89.1,92.0,20.198,5,5,5,37.563
7.03,4.0,33.809,37.297,35.713,46.89,192.641,188.077,64.8,57.1,30.2,95.2,66.7,84.2,92.1,83.2,92.6,89.1,92.0,20.127000000000002,5,5,5,37.563
7.05,4.0,34.208,37.82,36.322,49.52,192.333,187.888,64.8,57.1,30.2,95.2,66.7,84.2,92.1,83.2,92.6,89.1,92.0,20.188,5,5,5,37.564
7.07,4.0,34.173,37.922,36.120999999999995,47.403,192.048,187.588,64.8,57.1,30.2,95.2,66.7,84.2,92.1,83.2,92.6,89.1,92.0,20.155,5,5,5,37.504999999999995
7.09,4.0,34.698,38.093,36.35,48.507,191.752,187.321,64.8,57.1,30.2,95.2,66.7,84.2,92.1,83.2,92.6,89.1,92.0,20.258,5,5,5,37.449
7.11,4.0,34.858000000000004,37.491,36.477,48.157,191.44400000000002,187.09900000000002,64.8,57.1,30.2,95.2,66.7,84.2,92.1,83.2,92.6,89.1,92.0,20.207,5,5,5,37.428
7.13,4.0,35.251999999999995,38.201,36.598,48.736000000000004,191.148,186.91,64.8,57.1,30.2,95.2,66.7,84.2,92.1,83.2,92.6,89.1,92.0,20.220999999999997,5,5,5,37.416
7.15,4.0,35.193,38.412,36.657,49.107,190.84099999999998,186.62099999999998,64.8,57.1,30.2,95.2,66.7,84.2,92.1,83.2,92.6,89.1,92.0,20.226,5,5,5,37.375
7.17,4.0,35.596000000000004,38.652,36.878,49.65,190.545,186.388,64.8,57.1,30.2,95.2,66.7,84.2,92.1,83.2,92.6,89.1,92.0,20.261,5,5,5,37.315
7.19,4.0,35.375,39.101,37.025,50.356,190.261,186.166,64.8,57.1,30.2,95.2,66.7,84.2,92.1,83.2,92.6,89.1,92.0,20.216,5,5,5,37.278000000000006
7.21,4.0,35.748000000000005,39.249,37.17,50.193999999999996,190.01,185.977,64.8,57.1,30.2,95.2,66.7,84.2,92.1,83.2,92.6,89.1,92.0,20.409,5,5,5,37.228
7.23,4.0,35.753,38.739000000000004,36.870000000000005,50.037,189.64700000000002,185.6,64.8,57.1,30.2,95.2,66.7,84.2,92.1,83.2,92.6,89.1,92.0,20.445999999999998,5,5,5,37.215
7.25,4.0,35.765,39.196999999999996,36.998000000000005,50.111000000000004,189.329,185.37900000000002,64.8,57.1,30.2,95.2,66.7,84.2,92.1,83.2,92.6,89.1,92.0,20.499000000000002,5,5,5,37.211
7.27,4.0,35.997,38.564,37.086,49.571999999999996,189.05599999999998,185.201,64.8,57.1,30.2,95.2,66.7,84.2,92.1,83.2,92.6,89.1,92.0,20.329,5,5,5,37.181
7.29,4.0,36.153000000000006,39.198,37.33,45.34,188.761,185.046,64.8,57.1,30.2,95.2,66.7,84.2,92.1,83.2,92.6,89.1,92.0,20.337,5,5,5,37.150999999999996
7.31,4.0,35.748000000000005,38.991,37.414,46.897,188.488,184.747,64.8,57.1,30.2,95.2,66.7,84.2,92.1,83.2,92.6,89.1,92.0,20.273,5,5,5,37.186
7.33,4.0,36.258,39.548,37.782,43.082,188.227,184.525,64.8,57.1,30.2,95.2,66.7,84.2,92.1,83.2,92.6,89.1,92.0,20.290999999999997,5,5,5,37.185
7.35,4.0,35.769999999999996,39.445,37.618,45.933,187.921,184.282,64.8,57.1,30.2,95.2,66.7,84.2,92.1,83.2,92.6,89.1,92.0,20.269,5,5,5,37.224000000000004
7.37,4.0,36.867,39.801,37.766999999999996,44.946999999999996,187.637,184.105,64.8,57.1,30.2,95.2,66.7,84.2,92.1,83.2,92.6,89.1,92.0,20.317999999999998,5,5,5,37.242
7.39,4.0,36.547,39.826,37.84,46.135,187.365,183.85,64.8,57.1,30.2,95.2,66.7,84.2,92.1,83.2,92.6,89.1,92.0,20.353,5,5,5,37.239000000000004
7.41,4.0,36.945,39.65,37.868,44.944,187.104,183.64,64.8,57.1,30.2,95.2,66.7,84.2,92.1,83.2,92.6,89.1,92.0,20.194000000000003,5,5,5,37.275999999999996
7.43,4.0,37.107,39.708,37.944,45.841,186.77599999999998,183.39700000000002,64.8,57.1,30.2,95.2,66.7,84.2,92.1,83.2,92.6,89.1,92.0,20.153,5,5,5,37.274
7.45,4.0,36.777,39.696,37.986,44.898,186.515,183.165,64.8,57.1,30.2,95.2,66.7,84.2,92.1,83.2,92.6,89.1,92.0,20.425,5,5,5,37.283
7.47,4.0,37.429,40.019,38.013000000000005,45.082,186.25400000000002,182.94299999999998,64.8,57.1,30.2,95.2,66.7,84.2,92.1,83.2,92.6,89.1,92.0,20.238,5,5,5,37.299
7.49,4.0,37.253,39.941,38.141999999999996,46.515,185.99400000000003,182.722,64.8,57.1,30.2,95.2,66.7,84.2,92.1,83.2,92.6,89.1,92.0,20.131,5,5,5,37.304
7.51,4.0,37.306,39.786,38.299,45.408,185.699,182.524,64.8,57.1,30.2,95.2,66.7,84.2,92.1,83.2,92.6,89.1,92.0,20.127000000000002,5,5,5,37.283
7.53,4.0,37.251,39.949,38.15,47.653,185.45,182.28099999999998,64.8,57.1,30.2,95.2,66.7,84.2,92.1,83.2,92.6,89.1,92.0,20.152,5,5,5,37.266999999999996
7.55,4.0,37.015,39.703,38.281,46.294,185.22400000000002,182.082,64.8,57.1,30.2,95.2,66.7,84.2,92.1,83.2,92.6,89.1,92.0,20.17,5,5,5,37.215999999999994
7.57,4.0,37.602,40.3,38.006,47.952,184.93,181.861,64.8,57.1,30.2,95.2,66.7,84.2,92.1,83.2,92.6,89.1,92.0,20.25,5,5,5,37.199
7.59,4.0,37.143,39.736,38.109,47.251999999999995,184.658,181.65099999999998,64.8,57.1,30.2,95.2,66.7,84.2,92.1,83.2,92.6,89.1,92.0,19.810000000000002,5,5,5,37.159000000000006
7.61,4.0,37.238,40.141,38.315,48.563,184.398,181.452,64.8,57.1,30.2,95.2,66.7,84.15,92.1,83.2,92.6,89.1,92.0,19.599,5,5,5,37.141
7.63,4.0,37.381,39.501,37.973,48.2,184.16,181.21,64.8,57.1,30.2,95.2,66.7,84.084,92.1,83.2,92.6,89.1,92.0,19.567,5,5,5,37.116
7.65,4.0,37.111,40.251999999999995,38.221,48.943999999999996,183.86599999999999,181.0,64.8,57.1,30.2,95.2,66.7,84.047,92.1,83.2,92.6,89.1,92.0,19.543,5,5,5,37.056
7.67,4.0,37.273,39.811,38.246,47.153,183.64,180.757,64.8,57.1,30.2,95.2,66.7,84.027,92.1,83.2,92.6,89.1,92.0,19.637999999999998,5,5,5,37.031
7.69,4.0,37.291,40.423,38.45,50.141000000000005,183.335,180.548,64.8,57.1,30.2,95.2,66.7,84.015,92.1,83.2,92.6,89.1,92.0,19.649,5,5,5,37.033
7.71,4.0,37.582,40.316,38.264,48.45399999999999,183.143,180.37099999999998,64.8,57.1,30.2,95.2,66.7,84.008,92.1,83.2,92.6,89.1,92.0,19.512999999999998,5,5,5,36.999
7.73,4.0,37.565,40.359,38.539,49.9,182.86,180.162,64.8,57.1,30.2,95.2,66.7,84.005,92.1,83.2,92.6,89.1,92.0,19.567,5,5,5,36.968
7.75,4.0,37.488,40.238,38.523,49.375,182.63400000000001,179.975,64.8,57.1,30.2,95.2,66.7,84.003,92.05,83.2,92.6,89.1,92.0,19.576999999999998,5,5,5,36.925
7.77,4.0,37.635999999999996,40.179,38.707,48.771,182.363,179.798,64.8,57.1,30.2,95.2,66.7,84.001,91.984,83.2,92.6,89.1,92.0,19.651,5,5,5,36.868
7.79,4.0,37.541,40.543,38.633,48.588,182.171,179.578,64.8,57.1,30.2,95.2,66.7,84.001,91.947,83.2,92.6,89.1,92.0,19.662,5,5,5,36.838
7.81,4.0,37.628,40.133,38.806999999999995,47.541000000000004,181.922,179.33599999999998,64.8,57.1,30.2,95.2,66.7,84.0,91.92699999999999,83.2,92.6,89.1,92.0,19.505000000000003,5,5,5,36.825
7.83,4.0,37.563,40.472,38.874,48.754,181.674,179.18099999999998,64.8,57.1,30.2,95.2,66.7,84.0,91.915,83.2,92.6,89.1,92.0,19.506999999999998,5,5,5,36.812
7.85,4.0,37.95,40.279,38.821,46.733000000000004,181.425,178.99400000000003,64.8,57.1,30.2,95.2,66.7,84.0,91.908,83.2,92.6,89.1,92.0,19.535,5,5,5,36.806
7.87,4.0,38.222,41.012,39.006,48.177,181.165,178.81799999999998,64.8,57.1,30.2,95.2,66.7,84.0,91.905,83.2,92.6,89.1,92.0,19.475,5,5,5,36.803
7.89,4.0,38.177,40.36,39.075,47.348,180.93900000000002,178.565,64.7,57.1,30.1,95.4,66.5,84.0,91.903,83.2,92.6,89.1,92.0,19.398,5,5,5,36.793000000000006
7.91,4.0,38.071999999999996,41.145,39.273,45.262,180.713,178.366,64.7,57.1,30.1,95.4,66.5,84.0,91.902,83.2,92.6,89.1,92.0,19.4,5,5,5,36.809
7.93,4.0,38.650999999999996,41.419000000000004,39.39,46.479,180.465,178.201,64.7,57.1,30.1,95.4,66.5,84.0,91.90100000000001,83.2,92.6,89.1,92.0,19.473,5,5,5,36.855000000000004
7.95,4.0,38.265,41.227,39.34,43.031,180.239,178.036,64.7,57.1,30.1,95.4,66.5,84.0,91.9,83.2,92.6,89.1,92.0,19.461,5,5,5,36.874
7.97,4.0,38.522,41.446,39.283,48.053000000000004,180.03599999999997,177.816,64.7,57.1,30.1,95.4,66.5,84.0,91.9,83.2,92.6,89.1,92.0,19.476,5,5,5,36.875
7.99,4.0,38.164,41.315,39.594,40.352,179.799,177.64,64.7,57.1,30.1,95.4,66.5,84.0,91.9,83.2,92.6,89.1,92.0,19.458,5,5,5,36.852
8.01,4.0,38.214,41.596,39.454,47.733999999999995,179.562,177.42,64.7,57.1,30.1,95.4,66.5,84.0,91.9,83.2,92.6,89.1,92.0,19.438,5,5,5,36.938
8.03,4.0,38.106,41.034,39.515,39.316,179.313,177.2,64.7,57.1,30.1,95.4,66.5,84.0,91.9,83.2,92.6,89.1,92.0,19.447000000000003,5,5,5,36.927
8.05,4.0,38.192,41.508,39.35,43.638000000000005,179.11,177.024,64.7,57.1,30.1,95.4,66.5,84.0,91.9,83.2,92.6,89.1,92.0,19.496,5,5,5,37.016
8.07,4.0,38.418,41.215,39.265,37.681999999999995,178.895,176.859,64.7,57.1,30.1,95.4,66.5,84.0,91.9,83.2,92.6,89.1,92.0,19.492,5,5,5,36.998000000000005
8.09,4.0,38.19,41.163000000000004,39.289,45.382,178.66899999999998,176.61700000000002,64.7,57.1,30.1,95.4,66.5,84.0,91.9,83.2,92.6,89.1,92.0,19.432000000000002,5,5,5,37.143
8.11,4.0,38.367,41.148,39.283,39.037,178.398,176.39700000000002,64.7,57.1,30.1,95.4,66.5,84.0,91.9,83.2,92.6,89.1,92.0,19.372,5,5,5,37.157
8.13,4.0,38.727,41.202,39.238,44.306999999999995,178.207,176.232,64.7,57.1,30.1,95.4,66.5,84.0,91.9,83.2,92.6,89.1,92.0,19.41,5,5,5,37.215
8.15,4.0,38.507,40.975,39.098,42.926,178.037,176.067,64.7,57.1,30.1,95.4,66.5,84.0,91.9,83.2,92.6,89.1,92.0,19.451,5,5,5,37.226
8.17,4.0,38.282,41.42,39.042,42.964,177.755,175.858,64.7,57.1,30.1,95.4,66.5,84.0,91.9,83.2,92.6,89.1,92.0,19.464,5,5,5,37.218
8.19,4.0,38.179,41.313,39.031,43.328,177.529,175.66,64.7,57.1,30.1,95.4,66.5,84.0,91.9,83.2,92.6,89.1,92.0,19.448,5,5,5,37.194
8.21,4.0,38.1,41.236,38.882,42.775999999999996,177.34799999999998,175.46200000000002,64.7,57.1,30.1,95.4,66.5,84.0,91.9,83.2,92.6,89.1,92.0,19.433,5,5,5,37.184
8.23,4.0,38.445,40.624,38.983000000000004,43.305,177.1,175.298,64.7,57.1,30.1,95.4,66.5,84.0,91.9,83.2,92.6,89.1,92.0,19.509,5,5,5,37.157
8.25,4.0,38.354,40.84,38.762,44.156,176.89700000000002,175.078,64.7,57.1,30.1,95.4,66.5,84.0,91.9,83.2,92.6,89.1,92.0,19.457,5,5,5,37.138999999999996
8.27,4.0,38.124,40.844,38.785,44.668,176.659,174.869,64.7,57.1,30.1,95.4,66.5,84.0,91.9,83.2,92.6,89.1,92.0,19.52,5,5,5,37.065
8.29,4.0,38.528,40.921,38.669000000000004,45.103,176.445,174.726,64.7,57.1,30.1,95.4,66.5,84.0,91.9,83.2,92.6,89.1,92.0,19.497999999999998,5,5,5,37.033
8.31,4.0,38.544000000000004,40.802,38.438,43.815,176.241,174.528,64.7,57.1,30.1,95.4,66.5,84.0,91.9,83.2,92.6,89.1,92.0,19.451,5,5,5,37.039
8.33,4.0,37.924,41.34,38.623000000000005,46.411,176.004,174.308,64.7,57.1,30.1,95.4,66.5,84.0,91.9,83.2,92.6,89.1,92.0,19.426,5,5,5,37.109
8.35,4.0,38.539,41.025,38.672,43.427,175.79,174.155,64.7,57.1,30.1,95.4,66.5,84.0,91.9,83.2,92.6,89.1,92.0,19.561,5,5,5,37.108000000000004
8.37,4.0,38.383,40.492,38.379,46.817,175.609,173.946,64.7,57.1,30.1,95.4,66.5,84.0,91.9,83.2,92.6,89.1,92.0,19.461,5,5,5,37.059
8.39,4.0,38.135999999999996,40.662,38.498000000000005,43.243,175.417,173.814,64.7,57.1,30.1,95.4,66.5,84.0,91.9,83.2,92.6,89.1,92.0,19.492,5,5,5,37.015
8.41,4.0,38.027,40.217,38.489000000000004,46.663000000000004,175.168,173.605,64.7,57.1,30.1,95.4,66.5,84.0,91.9,83.2,92.6,89.1,92.0,19.514000000000003,5,5,5,36.984
8.43,4.0,37.804,41.09,38.397,45.476,174.976,173.418,64.7,57.1,30.1,95.4,66.5,84.0,91.9,83.2,92.6,89.1,92.0,19.518,5,5,5,36.908
8.45,4.0,37.895,41.141999999999996,38.458,47.435,174.784,173.231,64.7,57.1,30.1,95.4,66.5,84.0,91.9,83.2,92.6,89.1,92.0,19.515,5,5,5,36.855000000000004
8.47,4.0,37.315,40.325,38.63,47.456,174.547,173.111,64.7,57.1,30.1,95.4,66.5,84.0,91.9,83.2,92.6,89.1,92.0,19.593,5,5,5,36.806
8.49,4.0,38.047,40.73,38.553000000000004,48.888999999999996,174.35399999999998,172.891,64.7,57.1,30.1,95.4,66.5,84.0,91.9,83.2,92.6,89.1,92.0,19.509999999999998,5,5,5,36.794
8.51,4.0,38.312,40.299,38.399,48.273,174.162,172.704,64.7,57.1,30.1,95.4,66.5,84.0,91.9,83.2,92.6,89.1,92.0,19.535,5,5,5,36.730999999999995
8.53,4.0,37.991,40.979,38.521,48.907,173.947,172.561,64.7,57.1,30.1,95.4,66.5,84.0,91.9,83.2,92.6,89.1,92.0,19.494,5,5,5,36.694
8.55,4.0,37.635,41.019,38.588,49.82899999999999,173.732,172.374,64.7,57.1,30.1,95.4,66.5,84.0,91.9,83.2,92.6,89.1,92.0,19.522,5,5,5,36.664
8.57,4.0,37.928000000000004,40.77,38.763000000000005,47.151,173.55100000000002,172.232,64.7,57.1,30.1,95.4,66.5,84.0,91.9,83.2,92.6,89.1,92.0,19.48,5,5,5,36.66
8.59,4.0,37.873000000000005,41.264,38.6,49.001999999999995,173.37,172.056,64.7,57.1,30.1,95.4,66.5,84.0,91.9,83.2,92.6,89.1,92.0,19.621,5,5,5,36.66
8.61,4.0,37.934,41.034,38.588,47.071999999999996,173.201,171.90200000000002,64.7,57.1,30.1,95.4,66.5,84.0,91.9,83.2,92.6,89.1,92.0,19.467,5,5,5,36.624
8.63,4.0,37.882,40.959,38.646,48.028,172.974,171.737,64.7,57.1,30.1,95.4,66.5,84.0,91.9,83.2,92.6,89.1,92.0,19.496,5,5,5,36.572
8.65,4.0,37.411,40.815,38.894,48.786,172.759,171.583,64.7,57.1,30.1,95.4,66.5,84.0,91.9,83.2,92.6,89.1,92.0,19.481,5,5,5,36.542
8.67,4.0,37.616,40.542,38.802,47.806999999999995,172.578,171.418,64.7,57.1,30.1,95.4,66.5,84.0,91.9,83.2,92.6,89.1,92.0,19.438,5,5,5,36.516999999999996
8.69,4.0,37.971,41.168,38.864000000000004,48.474,172.39700000000002,171.19899999999998,64.7,57.1,30.1,95.4,66.5,84.0,91.9,83.2,92.6,89.1,92.0,19.461,5,5,5,36.485
8.71,4.0,37.705999999999996,41.256,38.938,47.324,172.205,171.067,64.7,57.1,30.1,95.4,66.5,84.0,91.9,83.2,92.6,89.1,92.0,19.444000000000003,5,5,5,36.486000000000004
8.73,4.0,37.811,41.010999999999996,39.025999999999996,45.816,172.035,170.90200000000002,64.7,57.1,30.1,95.4,66.5,84.0,91.9,83.2,92.6,89.1,92.0,19.47,5,5,5,36.485
8.75,4.0,37.895,41.044000000000004,39.073,46.388999999999996,171.842,170.704,64.7,57.1,30.1,95.4,66.5,84.0,91.9,83.2,92.6,89.1,92.0,19.482,5,5,5,36.488
8.77,4.0,38.086999999999996,41.431999999999995,38.965,45.777,171.672,170.616,64.7,57.1,30.1,95.4,66.5,84.0,91.9,83.2,92.6,89.1,92.0,19.502000000000002,5,5,5,36.510999999999996
8.79,4.0,37.783,41.402,39.204,46.949,171.491,170.44,64.7,57.1,30.1,95.4,66.5,84.0,91.9,83.2,92.6,89.1,92.0,19.534,5,5,5,36.512
8.81,4.0,37.744,41.153,39.198,47.678000000000004,171.321,170.297,64.7,57.1,30.1,95.4,66.5,84.0,91.9,83.2,92.6,89.1,92.0,19.545,5,5,5,36.510999999999996
8.83,4.0,37.771,41.258,39.301,48.035,171.14,170.111,64.7,57.1,30.1,95.4,66.5,84.0,91.9,83.2,92.6,89.1,92.0,19.536,5,5,5,36.512
8.85,4.0,37.785,41.302,39.354,48.345,170.924,169.968,64.7,57.1,30.1,95.4,66.5,84.0,91.9,83.2,92.6,89.1,92.0,19.522,5,5,5,36.483000000000004
8.87,4.0,37.58,41.181999999999995,39.323,48.074,170.78799999999998,169.814,64.7,57.1,30.1,95.4,66.5,84.0,91.9,83.2,92.6,89.1,92.0,19.524,5,5,5,36.447
8.89,4.0,37.861999999999995,41.217,39.231,48.096000000000004,170.607,169.638,64.7,57.1,30.1,95.4,66.5,84.0,91.9,83.2,92.6,89.1,92.0,19.506999999999998,5,5,5,36.438
8.91,4.0,37.582,41.201,39.234,48.318999999999996,170.414,169.506,64.7,57.1,30.1,95.4,66.5,84.0,91.9,83.2,92.6,89.1,92.0,19.524,5,5,5,36.428
8.93,4.0,37.885,40.887,39.463,48.843999999999994,170.244,169.297,64.7,57.1,30.1,95.4,66.5,84.0,91.9,83.2,92.6,89.1,92.0,19.506999999999998,5,5,5,36.417
8.95,4.0,37.922,41.711999999999996,39.499,47.665,170.04,169.19799999999998,64.7,57.1,30.1,95.4,66.5,84.0,91.9,83.2,92.6,89.1,92.0,19.445,5,5,5,36.416
8.97,4.0,38.434,41.277,39.298,48.74100000000001,169.903,169.011,64.7,57.1,30.1,95.4,66.5,84.0,91.9,83.2,92.6,89.1,92.0,19.470999999999997,5,5,5,36.411
8.99,4.0,38.164,41.489000000000004,39.525,47.505,169.71,168.835,64.7,57.1,30.1,95.4,66.5,84.0,91.9,83.2,92.6,89.1,92.0,19.484,5,5,5,36.415
9.01,4.0,38.012,41.455999999999996,39.459,48.798,169.517,168.714,64.7,57.1,30.1,95.4,66.5,84.0,91.9,83.2,92.6,89.1,92.0,19.419,5,5,5,36.403999999999996
9.03,4.0,37.917,41.472,39.481,47.434,169.404,168.626,64.7,57.1,30.1,95.4,66.5,84.0,91.9,83.2,92.6,89.1,92.0,19.427999999999997,5,5,5,36.409000000000006
9.05,4.0,38.137,41.522,39.592,48.331,169.222,168.395,64.7,57.1,30.1,95.4,66.5,84.0,91.9,83.2,92.6,89.1,92.0,19.476,5,5,5,36.411
9.07,4.0,38.463,41.319,39.566,47.847,169.029,168.241,64.7,57.1,30.1,95.4,66.5,84.0,91.9,83.2,92.6,89.1,92.0,19.448,5,5,5,36.41
9.09,4.0,38.139,41.479,39.749,48.718999999999994,168.893,168.109,64.7,57.1,30.1,95.4,66.5,84.0,91.9,83.2,92.6,89.1,92.0,19.482999999999997,5,5,5,36.391
9.11,4.0,38.611,41.522,39.598,47.797,168.688,167.911,64.7,57.1,30.1,95.4,66.5,84.0,91.9,83.2,92.6,89.1,92.0,19.519,5,5,5,36.355999999999995
9.13,4.0,38.039,41.594,39.905,47.96,168.54,167.80100000000002,64.7,57.1,30.1,95.4,66.5,84.0,91.9,83.2,92.6,89.1,92.0,19.735,5,5,5,36.343
9.15,4.0,38.318000000000005,41.329,39.765,44.698,168.313,167.57,64.7,57.1,30.1,95.4,66.5,84.0,91.9,83.2,92.6,89.1,92.0,19.512,5,5,5,36.348
9.17,4.0,38.355,41.613,39.778,45.123000000000005,168.17600000000002,167.46,64.7,57.1,30.1,95.4,66.5,84.0,91.9,83.2,92.6,89.1,92.0,19.482999999999997,5,5,5,36.408
9.19,4.0,38.095,42.028,39.85,40.231,168.005,167.36,64.7,57.1,30.1,95.4,66.5,84.0,91.9,83.2,92.6,89.1,92.0,19.548000000000002,5,5,5,36.471999999999994
9.21,4.0,38.543,41.629,39.622,45.19,167.846,167.195,64.7,57.1,30.1,95.4,66.5,84.0,91.9,83.2,92.6,89.1,92.0,19.506,5,5,5,36.653000000000006
9.23,4.0,38.5,41.416,39.716,35.786,167.664,167.019,64.7,57.1,30.1,95.4,66.5,84.0,91.9,83.2,92.6,89.1,92.0,19.564,5,5,5,36.7
9.25,4.0,38.431,41.785,39.793,38.272,167.482,166.865,64.7,57.1,30.1,95.4,66.5,84.0,91.9,83.2,92.6,89.1,92.0,19.46,5,5,5,36.888999999999996
9.27,4.0,38.126,41.194,39.459,35.91,167.333,166.744,64.7,57.1,30.1,95.4,66.5,84.0,91.9,83.2,92.6,89.1,92.0,19.515,5,5,5,37.023
9.29,4.0,38.316,41.887,39.584,39.135,167.16299999999998,166.523,64.7,57.1,30.1,95.4,66.5,84.0,91.9,83.2,92.6,89.1,92.0,19.455,5,5,5,37.14
9.31,4.0,38.452,41.499,39.282,37.629,166.957,166.369,64.7,57.1,30.1,95.4,66.5,84.0,91.9,83.2,92.6,89.1,92.0,19.505000000000003,5,5,5,37.146
9.33,4.0,38.226,40.946999999999996,39.336,38.826,166.809,166.204,64.7,57.1,30.1,95.4,66.5,84.0,91.9,83.2,92.6,89.1,92.0,19.519,5,5,5,37.141
9.35,4.0,38.35,41.658,39.166,40.913000000000004,166.627,166.072,64.7,57.1,30.1,95.4,66.5,84.0,91.9,83.2,92.6,89.1,92.0,19.538,5,5,5,37.131
9.37,4.0,37.955999999999996,41.809,39.13,40.523,166.467,165.884,64.7,57.1,30.1,95.4,66.5,84.0,91.9,83.2,92.6,89.1,92.0,19.502000000000002,5,5,5,37.073
9.39,4.0,38.013000000000005,40.674,38.931,39.789,166.261,165.708,64.7,57.1,30.1,95.4,66.5,84.0,91.9,83.2,92.6,89.1,92.0,19.476,5,5,5,37.035
9.41,4.0,38.387,41.03,38.97,41.301,166.033,165.509,64.7,57.1,30.1,95.4,66.5,84.0,91.9,83.2,92.6,89.1,92.0,19.404000000000003,5,5,5,37.034000000000006
9.43,4.0,38.113,40.976,38.723,39.760999999999996,165.91899999999998,165.421,64.7,57.1,30.1,95.4,66.5,84.0,91.9,83.2,92.6,89.1,92.0,19.459000000000003,5,5,5,37.028999999999996
9.45,4.0,38.055,41.126999999999995,38.67,43.597,165.759,165.278,64.7,57.1,30.1,95.4,66.5,84.0,91.9,83.2,92.6,89.1,92.0,19.472,5,5,5,37.059
9.47,4.0,38.022,40.571,38.461999999999996,42.297,165.599,165.134,64.7,57.1,30.1,95.4,66.5,84.0,91.9,83.2,92.6,89.1,92.0,19.45,5,5,5,37.037
9.49,4.0,37.851,40.486999999999995,38.482,43.602,165.439,165.024,64.7,57.1,30.1,95.4,66.5,84.0,91.9,83.2,92.6,89.1,92.0,19.500999999999998,5,5,5,36.958
9.51,4.0,38.086999999999996,40.562,38.54,43.537,165.267,164.781,64.7,57.1,30.1,95.4,66.5,84.0,91.9,83.2,92.6,89.1,92.0,19.509999999999998,5,5,5,36.894999999999996
9.53,4.0,37.88,40.306999999999995,38.148,44.527,165.07299999999998,164.66,64.7,57.1,30.1,95.4,66.5,84.0,91.9,83.2,92.6,89.1,92.0,19.467,5,5,5,36.815
9.55,4.0,37.885999999999996,40.437,38.294000000000004,45.329,164.924,164.516,64.7,57.1,30.1,95.4,66.5,84.0,91.9,83.2,92.6,89.1,92.0,19.516,5,5,5,36.783
9.57,4.0,37.768,39.968,38.402,44.771,164.752,164.439,64.7,57.1,30.1,95.4,66.5,84.0,91.9,83.2,92.6,89.1,92.0,19.499000000000002,5,5,5,36.693
9.59,4.0,37.225,40.934,38.415,43.39,164.58,164.22899999999998,64.7,57.1,30.1,95.4,66.5,84.0,91.9,83.2,92.6,89.1,92.0,20.172,5,5,5,36.666
9.61,4.0,37.798,40.229,38.031,47.222,164.42,164.075,64.7,57.1,30.1,95.4,66.5,84.0,91.9,83.2,92.6,89.1,92.0,20.136,5,5,5,36.658
9.63,4.0,37.433,40.659,38.316,46.13,164.248,163.942,64.7,57.1,30.1,95.4,66.5,84.0,91.9,83.2,92.6,89.1,92.0,20.115000000000002,5,5,5,36.58
9.65,4.0,37.596,40.393,38.262,48.535,164.088,163.85399999999998,64.7,57.1,30.1,95.4,66.5,84.0,91.9,83.2,92.6,89.1,92.0,20.130000000000003,5,5,5,36.533
9.67,4.0,37.479,40.522,38.255,48.052,163.916,163.611,64.7,57.1,30.1,95.4,66.5,84.0,91.9,83.2,92.6,89.1,92.0,20.101,5,5,5,36.44199999999999
9.69,4.0,37.148,40.132,37.933,48.708999999999996,163.755,163.489,64.7,57.1,30.1,95.4,66.5,84.0,91.9,83.2,92.6,89.1,92.0,20.094,5,5,5,36.416
9.71,4.0,37.573,40.175,38.260999999999996,49.12,163.583,163.345,64.7,57.1,30.1,95.4,66.5,84.0,91.9,83.2,92.6,89.1,92.0,20.085,5,5,5,36.346000000000004
9.73,4.0,37.248000000000005,40.356,38.207,49.098,163.45600000000002,163.213,64.7,57.1,30.1,95.4,66.5,84.0,91.9,83.2,92.6,89.1,92.0,20.048000000000002,5,5,5,36.322
9.75,4.0,37.128,40.032,38.473,48.901,163.319,163.08,64.7,57.1,30.1,95.4,66.5,84.0,91.9,83.2,92.6,89.1,92.0,20.084000000000003,5,5,5,36.269000000000005
9.77,4.0,37.217,40.173,38.568000000000005,50.641999999999996,163.123,162.947,64.7,57.1,30.1,95.4,66.5,84.0,91.9,83.2,92.6,89.1,92.0,20.107999999999997,5,5,5,36.263999999999996
9.79,4.0,36.785,40.379,38.448,49.893,162.985,162.825,64.7,57.1,30.1,95.4,66.5,84.0,91.9,83.2,92.6,89.1,92.0,20.11,5,5,5,36.196
9.81,4.0,37.14,40.832,38.741,49.95,162.79,162.77,64.7,57.1,30.1,95.4,66.5,84.0,91.9,83.2,92.6,89.1,92.0,20.122,5,5,5,36.141999999999996
9.83,4.0,37.02,40.728,38.729,50.013999999999996,162.65200000000002,162.571,64.7,57.1,30.1,95.4,66.5,84.0,91.9,83.2,92.6,89.1,92.0,20.149,5,5,5,36.119
9.85,4.0,36.999,41.111999999999995,38.751999999999995,48.531000000000006,162.502,162.42700000000002,64.7,57.1,30.1,95.4,66.5,84.0,91.9,83.2,92.6,89.1,92.0,20.112000000000002,5,5,5,36.071
9.87,4.0,37.036,40.757,38.869,49.943000000000005,162.364,162.305,64.7,57.1,30.1,95.4,66.5,84.0,91.9,83.2,92.6,89.1,92.0,20.086,5,5,5,36.061
9.89,4.0,36.900999999999996,40.775999999999996,38.897,48.39,162.168,162.183,64.7,57.1,30.1,95.5,66.4,84.0,91.9,83.2,92.6,89.1,92.0,20.131999999999998,5,5,5,36.016
9.91,4.0,37.012,41.419000000000004,39.218,50.7,162.064,162.095,64.7,57.1,30.1,95.5,66.4,84.0,91.9,83.2,92.6,89.1,92.0,20.089,5,5,5,36.019999999999996
9.93,4.0,37.06,41.306,39.262,50.36,161.891,161.862,64.7,57.1,30.1,95.5,66.4,84.0,91.9,83.2,92.6,89.1,92.0,20.095999999999997,5,5,5,35.980999999999995
9.95,4.0,37.325,41.222,39.364000000000004,51.653,161.764,161.829,64.7,57.1,30.1,95.5,66.4,84.0,91.9,83.2,92.6,89.1,92.0,20.129,5,5,5,35.978
9.97,4.0,37.245,41.162,39.336999999999996,50.39,161.614,161.673,64.7,57.1,30.1,95.5,66.4,84.0,91.988,83.2,92.6,89.1,92.0,20.088,5,5,5,35.94199999999999
9.99,4.0,37.446999999999996,41.049,39.329,49.521,161.418,161.463,64.7,57.1,30.1,95.5,66.4,84.0,92.03699999999999,83.2,92.6,89.1,92.0,20.213,5,5,5,35.938
10.01,4.0,37.39,41.384,39.493,48.467,161.314,161.463,64.7,57.1,30.1,95.5,66.4,84.0,92.064,83.2,92.6,89.1,92.0,20.066,5,5,5,35.937
10.03,4.0,37.466,41.294000000000004,39.736,49.481,161.17600000000002,161.33,64.7,57.1,30.1,95.5,66.4,84.0,92.08,83.2,92.6,89.1,92.0,20.092,5,5,5,35.94
10.05,4.0,37.118,41.71,39.741,47.703,160.97899999999998,161.119,64.7,57.1,30.1,95.5,66.4,84.0,92.089,83.2,92.6,89.1,92.0,20.112000000000002,5,5,5,35.936
10.07,4.0,37.323,41.765,39.876999999999995,49.178000000000004,160.887,161.041,64.7,57.1,30.1,95.5,66.4,84.0,92.094,83.2,92.6,89.1,92.0,20.114,5,5,5,35.936
10.09,4.0,37.49,41.476,39.756,48.598,160.748,160.89700000000002,64.7,57.1,30.1,95.5,66.4,84.0,92.096,83.2,92.6,89.1,92.0,20.128,5,5,5,35.934
10.11,4.0,37.648,41.594,39.615,49.211000000000006,160.57399999999998,160.753,64.7,57.1,30.1,95.5,66.4,84.0,92.098,83.2,92.6,89.1,92.0,20.173000000000002,5,5,5,35.928
10.13,4.0,37.442,41.504,39.830999999999996,47.86600000000001,160.389,160.597,64.7,57.1,30.1,95.5,66.4,84.0,92.09899999999999,83.2,92.6,89.1,92.0,20.15,5,5,5,35.926
10.15,4.0,37.034,41.709,39.92,47.967,160.262,160.486,64.7,57.1,30.1,95.5,66.4,84.0,92.09899999999999,83.2,92.6,89.1,92.0,20.107999999999997,5,5,5,35.935
10.17,4.0,37.3,41.586,40.171,47.063,160.134,160.442,64.7,57.1,30.1,95.5,66.4,84.0,92.1,83.2,92.6,89.1,92.0,20.112000000000002,5,5,5,35.932
10.19,4.0,36.824,42.321999999999996,40.166,45.476,159.972,160.253,64.7,57.1,30.1,95.5,66.4,84.0,92.1,83.2,92.6,89.1,92.0,20.107,5,5,5,35.937
10.21,4.0,37.358000000000004,41.981,39.961999999999996,46.888999999999996,159.844,160.153,64.7,57.1,30.1,95.5,66.4,84.0,92.1,83.2,92.6,89.1,92.0,20.086,5,5,5,35.943
10.23,4.0,37.159,42.248000000000005,40.054,46.726000000000006,159.635,159.986,64.7,57.1,30.1,95.5,66.4,84.0,92.1,83.2,92.6,89.1,92.0,20.093,5,5,5,35.948
10.25,4.0,37.397,42.144,40.144,47.586999999999996,159.531,159.89700000000002,64.7,57.1,30.1,95.5,66.4,84.0,92.1,83.2,92.6,89.1,92.0,20.075,5,5,5,35.94199999999999
10.27,4.0,37.383,42.207,40.006,48.446000000000005,159.415,159.741,64.7,57.1,30.1,95.5,66.4,84.0,92.1,83.2,92.6,89.1,92.0,20.163,5,5,5,35.956999999999994
10.29,4.0,37.283,41.275999999999996,40.029,47.583999999999996,159.252,159.563,64.7,57.1,30.1,95.5,66.4,84.0,92.1,83.2,92.6,89.1,92.0,20.097,5,5,5,35.965
10.31,4.0,37.328,42.139,39.965,47.353,159.136,159.485,64.7,57.1,30.1,95.5,66.4,84.0,92.1,83.2,92.6,89.1,92.0,20.064,5,5,5,35.964
10.33,4.0,37.552,41.977,40.012,47.925,159.019,159.407,64.7,57.1,30.1,95.5,66.4,84.0,92.1,83.2,92.6,89.1,92.0,20.091,5,5,5,35.964
10.35,4.0,37.374,41.643,40.260999999999996,46.672,158.821,159.251,64.7,57.1,30.1,95.5,66.4,84.0,92.1,83.2,92.6,89.1,92.0,20.052999999999997,5,5,5,35.967
10.37,4.0,37.593,41.569,40.053000000000004,47.297,158.705,159.106,64.7,57.1,30.1,95.5,66.4,84.0,92.1,83.2,92.6,89.1,92.0,20.102,5,5,5,35.956
10.39,4.0,36.989000000000004,42.048,40.134,45.718,158.577,159.04,64.7,57.1,30.1,95.5,66.4,84.0,92.1,83.2,92.6,89.1,92.0,20.062,5,5,5,35.963
10.41,4.0,37.515,41.919000000000004,39.915,47.409,158.425,158.85,64.7,57.1,30.1,95.5,66.4,84.0,92.1,83.2,92.6,89.1,92.0,20.09,5,5,5,35.965
10.43,4.0,37.15,41.955,40.319,47.449,158.32,158.727,64.7,57.1,30.1,95.5,66.4,84.0,92.1,83.2,92.6,89.1,92.0,20.046,5,5,5,35.965
10.45,4.0,37.641999999999996,41.618,40.022,47.961000000000006,158.134,158.594,64.7,57.1,30.1,95.5,66.4,84.0,92.1,83.2,92.6,89.1,92.0,20.040999999999997,5,5,5,35.965999999999994
10.47,4.0,37.260999999999996,41.972,40.042,47.365,157.982,158.404,64.7,57.1,30.1,95.5,66.4,84.0,92.1,83.2,92.6,89.1,92.0,20.008,5,5,5,35.956
10.49,4.0,37.185,41.823,40.117,46.906000000000006,157.83,158.393,64.7,57.1,30.1,95.5,66.4,84.0,92.1,83.2,92.6,89.1,92.0,20.165,5,5,5,35.993
10.51,4.0,37.283,41.995,40.225,47.726000000000006,157.702,158.225,64.7,57.1,30.1,95.5,66.4,84.0,92.1,83.2,92.6,89.1,92.0,20.012999999999998,5,5,5,35.992
10.53,4.0,37.829,42.23,39.921,45.632,157.596,158.08,64.7,57.1,30.1,95.5,66.4,84.0,92.1,83.2,92.6,89.1,92.0,20.019,5,5,5,35.984
10.55,4.0,37.218,42.088,40.084,47.633,157.433,158.047,64.7,57.1,30.1,95.5,66.4,84.0,92.1,83.2,92.6,89.1,92.0,20.051,5,5,5,35.97
10.57,4.0,37.495,41.969,40.096,46.663000000000004,157.292,157.91299999999998,64.7,57.1,30.1,95.5,66.4,84.0,92.1,83.2,92.6,89.1,92.0,19.955,5,5,5,35.965999999999994
10.59,4.0,37.504,41.866,40.077,47.963,157.21,157.7,64.7,57.1,30.1,95.5,66.4,84.0,92.1,83.2,92.6,89.1,92.0,19.939999999999998,5,5,5,35.973
10.61,4.0,37.474000000000004,41.925,40.001999999999995,48.831,156.976,157.622,64.7,57.1,30.1,95.5,66.4,84.0,92.1,83.2,92.6,89.1,92.0,19.941,5,5,5,35.948
10.63,4.0,37.254,42.579,40.232,48.614,156.894,157.52100000000002,64.7,57.1,30.1,95.5,66.4,84.0,92.1,83.2,92.6,89.1,92.0,19.941,5,5,5,35.94
10.65,4.0,37.578,41.435,40.067,48.868,156.683,157.32,64.7,57.1,30.1,95.5,66.4,84.0,92.1,83.2,92.6,89.1,92.0,19.951999999999998,5,5,5,35.932
10.67,4.0,37.802,41.871,39.978,48.313,156.554,157.286,64.7,57.1,30.1,95.5,66.4,84.0,92.1,83.2,92.6,89.1,92.0,19.985999999999997,5,5,5,35.928
10.69,4.0,37.641999999999996,42.281,40.064,48.8,156.44799999999998,157.085,64.7,57.1,30.1,95.5,66.4,84.0,92.1,83.2,92.6,89.1,92.0,19.990000000000002,5,5,5,35.928
10.71,4.0,37.37,42.397,39.846,45.965,156.26,156.995,64.7,57.1,30.1,95.5,66.4,84.0,92.1,83.2,92.6,89.1,92.0,19.996,5,5,5,35.913
10.73,4.0,37.71,42.191,40.039,47.423,156.131,156.872,64.7,57.1,30.1,95.5,66.4,84.0,92.1,83.2,92.6,89.1,92.0,19.927,5,5,5,35.931
10.75,4.0,37.658,41.51,39.939,43.546,155.97799999999998,156.749,64.7,57.1,30.1,95.5,66.4,84.0,92.1,83.2,92.6,89.1,92.0,19.979,5,5,5,35.931
10.77,4.0,37.745,42.018,39.811,46.397,155.825,156.58100000000002,64.7,57.1,30.1,95.5,66.4,84.0,92.1,83.2,92.6,89.1,92.0,19.953,5,5,5,35.956
10.79,4.0,37.519,42.104,39.89,43.286,155.731,156.502,64.7,57.1,30.1,95.5,66.4,84.0,92.1,83.2,92.6,89.125,92.0,19.970999999999997,5,5,5,35.964
10.81,4.0,37.438,41.692,39.86,46.273999999999994,155.625,156.39,64.7,57.1,30.1,95.5,66.4,84.0,92.1,83.2,92.6,89.202,92.0,19.977,5,5,5,35.956999999999994
10.83,4.0,37.336,41.922,39.829,46.505,155.46,156.244,64.7,57.1,30.1,95.5,66.4,84.0,92.1,83.2,92.6,89.245,92.0,19.981,5,5,5,35.963
10.85,4.0,37.949,41.851,39.675,47.433,155.295,156.154,64.7,57.1,30.1,95.5,66.4,84.0,92.1,83.2,92.6,89.26899999999999,92.0,20.0,5,5,5,35.969
10.87,4.0,37.452,41.96,39.544000000000004,47.383,155.17700000000002,156.031,64.7,57.1,30.1,95.5,66.4,84.0,92.1,83.2,92.6,89.282,92.0,19.969,5,5,5,35.945
10.89,4.0,36.903000000000006,42.301,39.826,46.815,155.011,155.863,64.7,57.1,30.1,95.5,66.4,84.0,92.1,83.2,92.6,89.29,92.0,19.954,5,5,5,35.943
10.91,4.0,36.958,42.328,39.883,47.797,154.869,155.761,64.7,57.1,30.1,95.5,66.4,84.0,92.1,83.2,92.6,89.294,92.0,19.929000000000002,5,5,5,35.939
10.93,4.0,37.614000000000004,41.935,39.751,44.843,154.787,155.638,64.7,57.1,30.1,95.5,66.4,84.0,92.1,83.2,92.6,89.297,92.0,19.91,5,5,5,35.939
10.95,4.0,37.425,42.181999999999995,39.821,47.187,154.63299999999998,155.559,64.7,57.1,30.1,95.5,66.4,84.0,92.1,83.2,92.6,89.298,92.0,19.994,5,5,5,35.941
10.97,4.0,37.035,42.117,39.863,47.103,154.503,155.447,64.7,57.1,30.1,95.5,66.4,84.0,92.1,83.2,92.6,89.29899999999999,92.0,19.96,5,5,5,35.924
10.99,4.0,37.239000000000004,41.944,39.844,48.604,154.33700000000002,155.3,64.7,57.1,30.1,95.5,66.4,84.0,92.1,83.2,92.6,89.29899999999999,92.0,19.930999999999997,5,5,5,35.92
11.01,4.0,36.884,42.515,39.701,48.718,154.266,155.165,64.7,57.1,30.1,95.5,66.4,84.0,92.1,83.2,92.6,89.3,92.0,19.908,5,5,5,35.903999999999996
11.03,4.0,37.412,42.084,39.711,49.045,154.123,155.075,64.7,57.1,30.1,95.5,66.4,84.0,92.1,83.2,92.65,89.3,92.0,19.949,5,5,5,35.897
11.05,4.0,37.413000000000004,41.919000000000004,39.686,49.092,153.981,154.929,64.7,57.1,30.1,95.5,66.4,84.0,92.1,83.2,92.71600000000001,89.3,92.0,19.922,5,5,5,35.885999999999996
11.07,4.0,37.196,42.41,39.545,48.931000000000004,153.827,154.85,64.7,57.1,30.1,95.5,66.4,84.0,92.1,83.2,92.753,89.3,92.0,19.908,5,5,5,35.858000000000004
11.09,4.0,37.03,42.051,39.754,48.681000000000004,153.72,154.692,64.7,57.1,30.1,95.5,66.4,84.0,92.1,83.2,92.773,89.3,92.0,19.892000000000003,5,5,5,35.84
11.11,4.0,37.145,42.476,39.663000000000004,48.93,153.565,154.55700000000002,64.7,57.1,30.1,95.5,66.4,84.0,92.1,83.2,92.785,89.3,92.0,19.905,5,5,5,35.813
11.13,4.0,37.195,41.984,39.584,49.324,153.422,154.421,64.7,57.1,30.1,95.5,66.4,84.0,92.1,83.2,92.792,89.3,92.0,19.942999999999998,5,5,5,35.796
11.15,4.0,37.046,41.629,39.571,49.585,153.303,154.342,64.7,57.1,30.1,95.5,66.4,84.0,92.1,83.2,92.795,89.3,92.0,19.917,5,5,5,35.785
11.17,4.0,36.725,41.992,39.576,50.055,153.184,154.196,64.7,57.1,30.1,95.5,66.4,84.0,92.1,83.2,92.797,89.3,92.0,19.908,5,5,5,35.771
11.19,4.0,37.053000000000004,42.249,39.696999999999996,49.442,152.982,154.083,64.7,57.1,30.1,95.5,66.4,84.0,92.1,83.2,92.79899999999999,89.3,92.0,19.988,5,5,5,35.715999999999994
11.21,4.0,36.854,42.273,39.717,49.50899999999999,152.898,153.958,64.7,57.1,30.1,95.5,66.4,84.0,92.1,83.2,92.79899999999999,89.3,92.0,19.967,5,5,5,35.706
11.23,4.0,37.04,41.903,39.57,49.18600000000001,152.779,153.857,64.7,57.1,30.1,95.5,66.4,84.0,92.1,83.2,92.8,89.3,92.0,19.939999999999998,5,5,5,35.71
11.25,4.0,36.885999999999996,42.369,39.728,49.003,152.624,153.766,64.7,57.1,30.1,95.5,66.4,84.0,92.1,83.2,92.8,89.3,92.0,19.942999999999998,5,5,5,35.711
11.27,4.0,37.153,41.876999999999995,39.659,49.141000000000005,152.43200000000002,153.665,64.7,57.1,30.1,95.5,66.4,84.0,92.188,83.2,92.8,89.3,92.0,19.966,5,5,5,35.697
11.29,4.0,36.666,42.003,39.854,49.588,152.373,153.563,64.7,57.1,30.1,95.5,66.4,84.0,92.237,83.2,92.8,89.3,92.0,19.97,5,5,5,35.684
11.31,4.0,36.574,42.346,39.844,49.46,152.19299999999998,153.416,64.7,57.1,30.1,95.5,66.4,84.0,92.264,83.2,92.8,89.3,92.0,19.994,5,5,5,35.681
11.33,4.0,36.771,42.13,39.516999999999996,48.825,152.07299999999998,153.246,64.7,57.1,30.1,95.5,66.4,84.0,92.28,83.2,92.8,89.3,92.08800000000001,19.978,5,5,5,35.673
11.35,4.0,36.84,42.224000000000004,39.67,49.263000000000005,151.894,153.121,64.7,57.1,30.1,95.5,66.4,84.0,92.289,83.2,92.8,89.3,92.137,20.02,5,5,5,35.663
11.37,4.0,36.283,42.699,39.664,47.581,151.834,153.042,64.7,57.1,30.1,95.5,66.4,84.0,92.294,83.2,92.8,89.3,92.164,20.02,5,5,5,35.658
11.39,4.0,36.620999999999995,42.009,39.586,48.151,151.738,152.974,64.7,57.1,30.1,95.5,66.4,84.0,92.296,83.2,92.8,89.3,92.18,20.078,5,5,5,35.659000000000006
11.41,4.0,36.945,42.234,39.541,44.361,151.594,152.86,64.7,57.1,30.1,95.5,66.4,84.0,92.298,83.2,92.8,89.3,92.189,20.064,5,5,5,35.663
11.43,4.0,37.071999999999996,42.196,39.657,47.746,151.47299999999998,152.75799999999998,64.7,57.1,30.1,95.5,66.4,84.0,92.29899999999999,83.2,92.8,89.3,92.194,19.95,5,5,5,35.694
11.45,4.0,36.784000000000006,42.122,39.881,44.905,151.341,152.645,64.7,57.1,30.1,95.5,66.4,84.0,92.29899999999999,83.2,92.8,89.3,92.196,19.973,5,5,5,35.694
11.47,4.0,36.023,42.183,39.875,47.544,151.209,152.531,64.7,57.1,30.1,95.5,66.4,84.0,92.3,83.2,92.8,89.3,92.19800000000001,20.08,5,5,5,35.697
11.49,4.0,36.956,41.894,39.684,46.13399999999999,151.064,152.361,64.7,57.1,30.1,95.5,66.4,84.08800000000001,92.3,83.2,92.8,89.3,92.199,20.049,5,5,5,35.697
11.51,4.0,36.434,41.804,39.613,46.867,150.968,152.27,64.7,57.1,30.1,95.5,66.4,84.137,92.3,83.2,92.8,89.3,92.199,20.026,5,5,5,35.721000000000004
11.53,4.0,36.579,42.347,39.68,42.976,150.82299999999998,152.156,64.7,57.1,30.1,95.5,66.4,84.164,92.3,83.2,92.8,89.3,92.2,20.026,5,5,5,35.741
11.55,4.0,36.653000000000006,42.164,39.597,45.676,150.666,152.076,64.7,57.1,30.1,95.5,66.4,84.18,92.3,83.2,92.8,89.3,92.2,19.992,5,5,5,35.851
11.57,4.0,36.671,42.266,39.586999999999996,42.189,150.618,151.929,64.7,57.1,30.1,95.5,66.4,84.189,92.3,83.2,92.8,89.3,92.2,19.586,5,5,5,35.872
11.59,4.0,36.772,42.025,39.51,45.955,150.461,151.849,64.7,57.1,30.1,95.5,66.4,84.194,92.3,83.2,92.8,89.3,92.2,19.425,5,5,5,35.86
11.61,4.0,36.913,41.974000000000004,39.603,45.552,150.328,151.71200000000002,64.7,57.1,30.1,95.5,66.4,84.196,92.3,83.2,92.8,89.3,92.2,19.430999999999997,5,5,5,35.863
11.63,4.0,36.36,41.826,39.644,46.971000000000004,150.171,151.59799999999998,64.7,57.1,30.1,95.5,66.4,84.19800000000001,92.3,83.2,92.8,89.3,92.2,19.422,5,5,5,35.864000000000004
11.65,4.0,36.757,41.838,39.701,47.129,150.05,151.47299999999998,64.7,57.1,30.1,95.5,66.4,84.199,92.3,83.2,92.8,89.3,92.2,19.372,5,5,5,35.864999999999995
11.67,4.0,36.864999999999995,42.010999999999996,39.378,46.908,149.929,151.393,64.7,57.1,30.1,95.5,66.4,84.199,92.3,83.2,92.8,89.3,92.2,19.399,5,5,5,35.842
11.69,4.0,36.506,42.24,39.510999999999996,47.306000000000004,149.795,151.267,64.7,57.1,30.1,95.5,66.4,84.2,92.3,83.2,92.8,89.3,92.2,19.377000000000002,5,5,5,35.82
11.71,4.0,36.494,41.967,39.348,47.059,149.686,151.165,64.7,57.1,30.1,95.5,66.4,84.2,92.3,83.2,92.8,89.3,92.2,19.349,5,5,5,35.818
11.73,4.0,37.0,42.03,39.402,47.858000000000004,149.565,151.062,64.7,57.1,30.1,95.5,66.4,84.2,92.3,83.2,92.8,89.3,92.2,19.345999999999997,5,5,5,35.818
11.75,4.0,36.536,42.023,39.358000000000004,47.553999999999995,149.44299999999998,150.971,64.7,57.1,30.1,95.5,66.4,84.2,92.3,83.2,92.8,89.3,92.2,19.326,5,5,5,35.82
11.77,4.0,36.732,41.982,39.479,47.888999999999996,149.309,150.811,64.7,57.1,30.1,95.5,66.4,84.2,92.3,83.2,92.8,89.3,92.2,19.322000000000003,5,5,5,35.794
11.79,4.0,36.635999999999996,41.836,39.461,47.78,149.139,150.708,64.7,57.1,30.1,95.5,66.4,84.2,92.3,83.2,92.8,89.3,92.2,19.308,5,5,5,35.773
11.81,4.0,36.525999999999996,41.607,39.306999999999995,47.751999999999995,149.10299999999998,150.616,64.7,57.1,30.1,95.5,66.4,84.2,92.3,83.2,92.8,89.3,92.2,19.343,5,5,5,35.748000000000005
11.83,4.0,36.747,42.224000000000004,39.455999999999996,50.232,148.969,150.47899999999998,64.7,57.1,30.1,95.5,66.4,84.2,92.3,83.2,92.8,89.3,92.2,19.477,5,5,5,35.703
11.85,4.0,36.769000000000005,42.103,39.086,49.656000000000006,148.798,150.399,64.7,57.1,30.1,95.5,66.4,84.2,92.3,83.2,92.8,89.3,92.2,19.43,5,5,5,35.625
11.87,4.0,36.138000000000005,41.626,39.51,52.424,148.7,150.296,64.7,57.1,30.1,95.5,66.4,84.2,92.3,83.2,92.8,89.3,92.2,19.432000000000002,5,5,5,35.506
11.89,4.0,36.409000000000006,41.63,39.481,52.872,148.517,150.204,64.8,57.1,30.0,95.5,66.2,84.2,92.3,83.2,92.8,89.3,92.2,19.435000000000002,5,5,5,35.345
11.91,4.0,36.576,41.419000000000004,39.298,55.36600000000001,148.41899999999998,150.101,64.8,57.1,30.0,95.5,66.2,84.2,92.3,83.2,92.8,89.3,92.2,19.465,5,5,5,35.247
11.93,4.0,36.003,41.819,39.465,56.382,148.309,149.975,64.8,57.1,30.0,95.5,66.2,84.2,92.3,83.2,92.8,89.3,92.2,19.398,5,5,5,35.085
11.95,4.0,36.024,41.794000000000004,39.404,57.035,148.162,149.917,64.8,57.1,30.0,95.5,66.2,84.2,92.3,83.2,92.8,89.3,92.2,19.402,5,5,5,34.921
11.97,4.0,36.123000000000005,41.816,39.605,58.043,148.101,149.80200000000002,64.8,57.1,30.0,95.5,66.2,84.2,92.3,83.2,92.8,89.3,92.2,19.423000000000002,5,5,5,34.787
11.99,4.0,35.992,42.391999999999996,39.652,58.89,147.966,149.745,64.8,57.1,30.0,95.5,66.2,84.2,92.3,83.2,92.8,89.3,92.2,19.475,5,5,5,34.590999999999994
12.01,4.0,36.302,42.181,39.801,59.771,147.843,149.619,64.8,57.1,30.0,95.5,66.2,84.2,92.3,83.2,92.8,89.3,92.2,19.348,5,5,5,34.448
12.03,4.0,35.855999999999995,42.549,39.899,60.75,147.708,149.584,64.8,57.1,30.0,95.5,66.2,84.2,92.3,83.288,92.8,89.3,92.2,19.426,5,5,5,34.269999999999996
12.05,4.0,36.268,42.893,40.275,61.923,147.59799999999998,149.423,64.8,57.1,30.0,95.5,66.2,84.2,92.3,83.337,92.8,89.3,92.2,19.398,5,5,5,34.119
12.07,4.0,36.057,43.179,40.506,62.849,147.512,149.389,64.8,57.1,30.0,95.5,66.2,84.2,92.3,83.36399999999999,92.8,89.3,92.2,19.341,5,5,5,33.978
12.09,4.0,36.141,43.603,40.912,63.623000000000005,147.425,149.33100000000002,64.8,57.1,30.0,95.5,66.2,84.2,92.3,83.38,92.8,89.3,92.2,19.398,5,5,5,33.85
12.11,4.0,36.478,43.444,40.951,64.243,147.278,149.33100000000002,64.8,57.1,30.0,95.5,66.2,84.2,92.3,83.389,92.8,89.3,92.2,19.349,5,5,5,33.730999999999995
12.13,4.0,36.06,44.405,41.324,64.97399999999999,147.154,149.216,64.8,57.1,30.0,95.5,66.2,84.2,92.3,83.39399999999999,92.8,89.3,92.2,19.424,5,5,5,33.605999999999995
12.15,4.0,36.104,44.429,41.606,65.30799999999999,147.043,149.124,64.8,57.1,30.0,95.5,66.2,84.2,92.3,83.396,92.8,89.3,92.2,19.371,5,5,5,33.484
12.17,4.0,35.866,45.308,42.477,66.613,146.92,149.112,64.8,57.1,30.0,95.5,66.2,84.2,92.3,83.398,92.8,89.3,92.2,19.374000000000002,5,5,5,33.425
12.19,4.0,35.758,44.703,42.727,66.032,146.871,149.02,64.8,57.1,30.0,95.5,66.2,84.2,92.3,83.399,92.8,89.3,92.2,19.414,5,5,5,33.321
12.21,4.0,36.634,45.655,42.838,67.03999999999999,146.747,148.963,64.8,57.1,30.0,95.5,66.2,84.2,92.3,83.399,92.8,89.3,92.2,19.429000000000002,5,5,5,33.226
12.23,4.0,36.650999999999996,46.06100000000001,43.153,66.16399999999999,146.57399999999998,148.951,64.8,57.1,30.0,95.5,66.2,84.2,92.3,83.4,92.8,89.3,92.2,19.427,5,5,5,33.143
12.25,4.0,36.165,46.776,43.650999999999996,67.578,146.524,148.882,64.8,57.1,30.0,95.5,66.2,84.2,92.3,83.4,92.8,89.3,92.2,19.500999999999998,5,5,5,33.101
12.27,4.0,36.533,47.532,43.961,66.773,146.376,148.732,64.8,57.1,30.0,95.5,66.2,84.2,92.3,83.4,92.8,89.3,92.2,19.375,5,5,5,33.03
12.29,4.0,36.519999999999996,48.125,44.523,67.50399999999999,146.27700000000002,148.755,64.8,57.1,30.0,95.5,66.2,84.2,92.387,83.4,92.825,89.387,92.2,19.463,5,5,5,32.994
12.31,4.0,36.718,48.786,44.594,67.059,146.227,148.674,64.8,57.1,30.0,95.5,66.2,84.2,92.437,83.4,92.902,89.437,92.2,19.448,5,5,5,32.956999999999994
12.33,4.0,36.593,49.193000000000005,44.946,67.673,146.10299999999998,148.593,64.8,57.1,30.0,95.5,66.2,84.2,92.464,83.4,92.945,89.464,92.2,19.369,5,5,5,32.921
12.35,4.0,36.696,49.698,45.166,66.983,146.003,148.513,64.8,57.1,30.0,95.5,66.2,84.2,92.48,83.4,92.969,89.48,92.2,19.425,5,5,5,32.911
12.37,4.0,37.045,50.138000000000005,45.562,67.108,145.929,148.42,64.8,57.1,30.0,95.5,66.2,84.2,92.48899999999999,83.4,92.982,89.48899999999999,92.2,19.353,5,5,5,32.902
12.39,4.0,36.953,50.597,45.729,66.303,145.805,148.362,64.8,57.1,30.0,95.5,66.2,84.2,92.494,83.4,92.99,89.494,92.2,19.367,5,5,5,32.900999999999996
12.41,4.0,37.11,51.18899999999999,46.175,65.675,145.705,148.316,64.8,57.1,30.0,95.5,66.2,84.2,92.49600000000001,83.4,92.994,89.49600000000001,92.2,19.441,5,5,5,32.899
12.43,4.0,37.161,52.068000000000005,46.101000000000006,65.15,145.63,148.235,64.8,57.1,30.0,95.5,66.2,84.2,92.498,83.4,92.997,89.498,92.2,19.439,5,5,5,32.900999999999996
12.45,4.0,37.378,52.281000000000006,46.4,64.62100000000001,145.481,148.085,64.8,57.1,30.0,95.5,66.2,84.2,92.499,83.4,92.998,89.499,92.2,19.357,5,5,5,32.888000000000005
12.47,4.0,36.936,52.141000000000005,46.647,64.156,145.368,147.958,64.8,57.1,30.0,95.5,66.2,84.2,92.499,83.4,92.999,89.499,92.2,19.418,5,5,5,32.893
12.49,4.0,37.479,53.138000000000005,46.86,63.777,145.306,147.911,64.8,57.1,30.0,95.5,66.2,84.2,92.5,83.4,92.999,89.5,92.2,19.402,5,5,5,32.896
12.51,4.0,37.884,52.52,46.806999999999995,63.761,145.194,147.784,64.8,57.1,30.0,95.5,66.2,84.2,92.5,83.4,93.0,89.5,92.2,19.360999999999997,5,5,5,32.898
12.53,4.0,38.387,53.424,47.04,63.793,145.144,147.679,64.8,57.1,30.0,95.5,66.2,84.2,92.5,83.4,93.0,89.5,92.2,19.499000000000002,5,5,5,32.894999999999996
12.55,4.0,38.203,53.305,47.167,63.45399999999999,145.018,147.575,64.8,57.1,30.0,95.5,66.2,84.2,92.5,83.4,93.0,89.5,92.2,19.477,5,5,5,32.894999999999996
12.57,4.0,38.38,53.715,47.301,63.118,144.906,147.482,64.8,57.1,30.0,95.5,66.2,84.2,92.5,83.4,93.0,89.5,92.2,20.161,5,5,5,32.896
12.59,4.0,38.105,54.06,47.25,62.42,144.893,147.355,64.8,57.1,30.0,95.5,66.2,84.2,92.5,83.4,93.0,89.5,92.2,20.07,5,5,5,32.893
12.61,4.0,38.507,54.565,47.536,62.106,144.781,147.32,64.8,57.1,30.0,95.5,66.2,84.2,92.5,83.4,93.0,89.5,92.2,20.059,5,5,5,32.898
12.63,4.0,38.549,54.117,47.659,61.676,144.605,147.18,64.8,57.1,30.0,95.5,66.2,84.2,92.5,83.4,93.0,89.5,92.2,20.234,5,5,5,32.89
12.65,4.0,39.019,54.428000000000004,47.681000000000004,61.405,144.49200000000002,147.08700000000002,64.8,57.1,30.0,95.5,66.2,84.2,92.5,83.4,93.0,89.5,92.2,20.344,5,5,5,32.891
12.67,4.0,38.529,54.943000000000005,47.869,61.266000000000005,144.442,146.924,64.8,57.1,30.0,95.5,66.2,84.2,92.5,83.4,93.0,89.5,92.2,20.227,5,5,5,32.893
12.69,4.0,39.093,54.883,47.806000000000004,60.793,144.366,146.889,64.8,57.1,30.0,95.5,66.2,84.2,92.5,83.4,93.0,89.5,92.2,20.129,5,5,5,32.888000000000005
12.71,4.0,39.586,54.856,47.898999999999994,60.423,144.253,146.773,64.8,57.1,30.0,95.5,66.2,84.2,92.5,83.4,93.0,89.5,92.2,20.112000000000002,5,5,5,32.888000000000005
12.73,4.0,39.593,55.266999999999996,48.005,60.56100000000001,144.15200000000002,146.68,64.8,57.1,30.0,95.5,66.2,84.2,92.5,83.4,93.0,89.5,92.2,20.046,5,5,5,32.897
12.75,4.0,39.228,55.403999999999996,47.935,60.336000000000006,144.077,146.586,64.8,57.1,30.0,95.5,66.2,84.2,92.5,83.4,93.0,89.5,92.2,19.979,5,5,5,32.896
12.77,4.0,40.126,55.199,47.88399999999999,60.42,143.951,146.435,64.8,57.1,30.0,95.5,66.2,84.2,92.5,83.4,93.0,89.5,92.28699999999999,20.059,5,5,5,32.896
12.79,4.0,40.056,55.303000000000004,47.973,60.356,143.799,146.33,64.8,57.1,30.0,95.5,66.2,84.2,92.5,83.4,93.0,89.5,92.337,20.149,5,5,5,32.9
12.81,4.0,39.832,55.773999999999994,47.996,60.696999999999996,143.774,146.225,64.8,57.1,30.0,95.5,66.2,84.2,92.5,83.4,93.0,89.5,92.36399999999999,20.293,5,5,5,32.896
12.83,4.0,40.058,55.47,48.071000000000005,60.332,143.648,146.119,64.8,57.1,30.0,95.5,66.2,84.2,92.5,83.4,93.0,89.5,92.38,20.162,5,5,5,32.898
12.85,4.0,40.285,55.708999999999996,48.184,60.552,143.534,145.97899999999998,64.8,57.1,30.0,95.5,66.2,84.2,92.5,83.4,93.0,89.5,92.389,20.115000000000002,5,5,5,32.896
12.87,4.0,40.745,56.033,47.791000000000004,60.586999999999996,143.433,145.95600000000002,64.8,57.1,30.0,95.5,66.2,84.2,92.5,83.4,93.0,89.5,92.39399999999999,20.067,5,5,5,32.896
12.89,4.0,40.917,56.195,48.192,60.426,143.293,145.862,64.8,57.1,30.0,95.5,66.2,84.2,92.5,83.4,93.0,89.5,92.396,20.119999999999997,5,5,5,32.896
12.91,4.0,40.585,56.31100000000001,47.981,61.317,143.23,145.733,64.8,57.1,30.0,95.5,66.2,84.2,92.5,83.4,93.0,89.5,92.398,20.143,5,5,5,32.897
12.93,4.0,40.443000000000005,56.19,48.263000000000005,62.104,143.039,145.569,64.8,57.1,30.0,95.5,66.2,84.2,92.5,83.4,93.0,89.5,92.399,20.165,5,5,5,32.9
12.95,4.0,41.033,56.293,48.256,62.208999999999996,143.014,145.558,64.8,57.1,30.0,95.5,66.2,84.2,92.5,83.4,93.0,89.5,92.399,20.057000000000002,5,5,5,32.898
12.97,4.0,40.869,56.483999999999995,48.251999999999995,62.093,142.9,145.452,64.8,57.1,30.0,95.5,66.2,84.2,92.5,83.4,93.0,89.5,92.4,20.22,5,5,5,32.9
12.99,4.0,41.186,56.118,48.211999999999996,61.872,142.836,145.311,64.8,57.1,30.0,95.5,66.2,84.2,92.5,83.4,93.0,89.5,92.4,20.331,5,5,5,32.899
13.01,4.0,40.708,56.553999999999995,48.25,61.262,142.671,145.158,64.8,57.1,30.0,95.5,66.2,84.2,92.5,83.4,93.0,89.5,92.4,20.186,5,5,5,32.900999999999996
13.03,4.0,41.328,56.53,48.371,62.013000000000005,142.56900000000002,145.053,64.8,57.1,30.0,95.5,66.2,84.2,92.5,83.4,93.0,89.5,92.4,20.076,5,5,5,32.899
13.05,4.0,40.88,56.39,48.416000000000004,62.215,142.51799999999997,145.017,64.8,57.1,30.0,95.5,66.2,84.2,92.5,83.4,93.0,89.5,92.4,19.996,5,5,5,32.900999999999996
13.07,4.0,41.063,56.586999999999996,48.45399999999999,62.258,142.403,144.923,64.8,57.1,30.0,95.5,66.2,84.2,92.5,83.4,93.0,89.5,92.4,19.97,5,5,5,32.900999999999996
13.09,4.0,41.562,56.806999999999995,48.358999999999995,62.235,142.288,144.805,64.8,57.1,30.0,95.5,66.2,84.2,92.5,83.4,93.0,89.5,92.4,19.848,5,5,5,32.900999999999996
13.11,4.0,41.272,56.62,48.243,62.06100000000001,142.186,144.67600000000002,64.8,57.1,30.0,95.5,66.2,84.2,92.5,83.4,93.0,89.5,92.4,19.866,5,5,5,32.9
13.13,4.0,41.242,56.706,48.386,62.028,142.096,144.464,64.8,57.1,30.0,95.5,66.2,84.2,92.5,83.4,93.0,89.5,92.4,19.875999999999998,5,5,5,32.900999999999996
13.15,4.0,41.308,56.405,48.461999999999996,61.971000000000004,141.942,144.452,64.8,57.1,30.0,95.5,66.2,84.2,92.5,83.4,93.0,89.5,92.4,19.981,5,5,5,32.900999999999996
13.17,4.0,41.119,56.361000000000004,48.497,61.425,141.904,144.357,64.8,57.1,30.0,95.5,66.2,84.2,92.5,83.4,93.0,89.5,92.4,20.066,5,5,5,32.902
13.19,4.0,41.705,56.611000000000004,48.355,61.857,141.814,144.22799999999998,64.8,57.1,30.0,95.5,66.2,84.2,92.5,83.4,93.0,89.5,92.4,19.838,5,5,5,32.903999999999996
13.21,4.0,41.71,57.123999999999995,48.472,61.868,141.711,144.121,64.8,57.1,30.0,95.5,66.2,84.2,92.5,83.4,93.0,89.5,92.4,19.797,5,5,5,32.902
13.23,4.0,41.565,57.086000000000006,48.31399999999999,61.937,141.60899999999998,144.03799999999998,64.8,57.1,30.0,95.5,66.2,84.2,92.5,83.4,93.0,89.5,92.4,19.802999999999997,5,5,5,32.903000000000006
13.25,4.0,41.937,57.345,48.385,61.905,141.506,144.015,64.8,57.1,30.0,95.5,66.2,84.2,92.5,83.4,93.0,89.5,92.4,19.833,5,5,5,32.903000000000006
13.27,4.0,42.1,56.699,48.22,61.57,141.39,143.849,64.8,57.1,30.0,95.5,66.2,84.2,92.5,83.45,93.0,89.5,92.4,19.826,5,5,5,32.9
13.29,4.0,41.675,56.897,48.402,61.43899999999999,141.3,143.731,64.8,57.1,30.0,95.5,66.2,84.2,92.587,83.516,93.0,89.5,92.4,20.000999999999998,5,5,5,32.897
13.31,4.0,41.808,57.608999999999995,48.365,61.605,141.184,143.588,64.8,57.1,30.0,95.5,66.2,84.2,92.637,83.553,93.0,89.5,92.4,19.886,5,5,5,32.903000000000006
13.33,4.0,41.95,56.535,48.365,62.049,141.093,143.481,64.8,57.1,30.0,95.5,66.2,84.2,92.664,83.57300000000001,93.0,89.5,92.4,19.893,5,5,5,32.9
13.35,4.0,41.841,57.169,48.349,61.93899999999999,140.938,143.434,64.8,57.1,30.0,95.5,66.2,84.2,92.68,83.585,93.0,89.5,92.4,19.877000000000002,5,5,5,32.903999999999996
13.37,4.0,41.869,56.882,48.396,61.82899999999999,140.938,143.268,64.8,57.1,30.0,95.5,66.2,84.2,92.689,83.592,93.0,89.5,92.4,19.789,5,5,5,32.902
13.39,4.0,41.793,57.368,48.356,61.841,140.718,143.184,64.8,57.1,30.0,95.5,66.2,84.2,92.694,83.595,93.0,89.5,92.4,19.783,5,5,5,32.898
13.41,4.0,42.426,57.397,48.244,61.157,140.68,143.113,64.8,57.1,30.0,95.5,66.2,84.2,92.696,83.597,93.0,89.5,92.4,19.825,5,5,5,32.902
13.43,4.0,42.314,57.016000000000005,48.375,61.36600000000001,140.563,142.97,64.8,57.1,30.0,95.5,66.2,84.2,92.69800000000001,83.598,93.0,89.5,92.4,19.804000000000002,5,5,5,32.900999999999996
13.45,4.0,42.244,56.847,48.403999999999996,61.65,140.446,142.887,64.8,57.1,30.0,95.5,66.2,84.2,92.699,83.59899999999999,93.0,89.5,92.4,19.789,5,5,5,32.903000000000006
13.47,4.0,42.08,56.961000000000006,48.372,61.908,140.329,142.76799999999997,64.8,57.1,30.0,95.5,66.2,84.2,92.699,83.6,93.0,89.5,92.4,19.817,5,5,5,32.908
13.49,4.0,42.388000000000005,56.808,48.298,61.62,140.29000000000002,142.684,64.8,57.1,30.0,95.5,66.2,84.2,92.7,83.6,93.0,89.5,92.4,19.794,5,5,5,32.905
13.51,4.0,42.238,57.342,48.368,61.74,140.186,142.648,64.8,57.1,30.0,95.5,66.2,84.2,92.7,83.6,93.0,89.5,92.4,19.776,5,5,5,32.91
13.53,4.0,42.361,56.968,48.221000000000004,61.535,140.05599999999998,142.493,64.8,57.1,30.0,95.5,66.2,84.28699999999999,92.7,83.6,93.0,89.5,92.4,19.789,5,5,5,32.903999999999996
13.55,4.0,41.876999999999995,57.148999999999994,48.423,61.497,139.952,142.41,64.8,57.1,30.0,95.5,66.2,84.337,92.7,83.6,93.0,89.5,92.4,19.802999999999997,5,5,5,32.906
13.57,4.0,42.073,57.398,48.229,61.545,139.873,142.374,64.8,57.1,30.0,95.5,66.2,84.36399999999999,92.7,83.6,93.0,89.5,92.4,20.066,5,5,5,32.908
13.59,4.0,42.595,57.338,47.961000000000006,61.555,139.79500000000002,142.218,64.8,57.1,30.0,95.5,66.2,84.38,92.7,83.6,93.0,89.5,92.4,20.134,5,5,5,32.908
13.61,4.0,42.303000000000004,57.305,48.315,61.875,139.664,142.087,64.8,57.1,30.0,95.5,66.2,84.389,92.7,83.6,93.0,89.587,92.4,20.072000000000003,5,5,5,32.905
13.63,4.0,42.36,56.728,48.067,61.775,139.54700000000003,142.015,64.8,57.1,30.0,95.5,66.2,84.39399999999999,92.7,83.6,93.025,89.637,92.4,20.07,5,5,5,32.903999999999996
13.65,4.0,42.249,57.6,48.06100000000001,61.69,139.416,141.91899999999998,64.8,57.1,30.0,95.5,66.2,84.396,92.7,83.6,93.102,89.664,92.4,20.074,5,5,5,32.905
13.67,4.0,42.567,57.245,48.056000000000004,61.685,139.35,141.82299999999998,64.8,57.1,30.0,95.5,66.2,84.398,92.7,83.6,93.145,89.68,92.4,20.032,5,5,5,32.907
13.69,4.0,42.254,57.343999999999994,48.13,61.592,139.25799999999998,141.691,64.8,57.1,30.0,95.5,66.2,84.399,92.7,83.6,93.169,89.689,92.4,20.042,5,5,5,32.902
13.71,4.0,42.303000000000004,56.873000000000005,48.129,61.532,139.167,141.595,64.8,57.1,30.0,95.5,66.2,84.399,92.7,83.6,93.182,89.694,92.4,20.116,5,5,5,32.903999999999996
13.73,4.0,42.053000000000004,57.928000000000004,48.041000000000004,61.537,139.088,141.463,64.8,57.1,30.0,95.5,66.2,84.4,92.7,83.6,93.19,89.696,92.4,20.042,5,5,5,32.908
13.75,4.0,42.258,57.217,47.905,61.758,138.917,141.41500000000002,64.8,57.1,30.0,95.5,66.2,84.4,92.7,83.6,93.194,89.69800000000001,92.4,20.032,5,5,5,32.905
13.77,4.0,42.883,57.599,47.933,61.475,138.825,141.246,64.8,57.1,30.0,95.5,66.2,84.4,92.7,83.6,93.197,89.699,92.4,20.037,5,5,5,32.909000000000006
13.79,4.0,42.448,57.238,48.143,61.382,138.719,141.186,64.8,57.1,30.0,95.5,66.2,84.4,92.7,83.6,93.19800000000001,89.699,92.4,20.036,5,5,5,32.912
13.81,4.0,42.56,57.637,47.949,61.38,138.653,141.101,64.8,57.1,30.0,95.5,66.2,84.4,92.7,83.6,93.199,89.7,92.4,20.076999999999998,5,5,5,32.903999999999996
13.83,4.0,42.537,57.376000000000005,47.771,61.089,138.54700000000003,140.993,64.8,57.1,30.0,95.5,66.2,84.4,92.7,83.6,93.199,89.7,92.4,20.055,5,5,5,32.905
13.85,4.0,42.265,56.805,47.93,61.285,138.442,140.872,64.8,57.1,30.0,95.5,66.2,84.4,92.7,83.6,93.2,89.7,92.4,20.049,5,5,5,32.903000000000006
13.87,4.0,42.726,57.841,47.879,61.455,138.256,140.824,64.8,57.1,30.0,95.5,66.2,84.4,92.7,83.6,93.2,89.7,92.4,20.045,5,5,5,32.903999999999996
13.89,4.0,42.965,57.269,47.69,61.485,138.17700000000002,140.70299999999997,65.0,57.1,30.0,95.4,66.1,84.4,92.7,83.6,93.2,89.7,92.4,20.052,5,5,5,32.900999999999996
13.91,4.0,42.417,57.512,47.833999999999996,61.593999999999994,138.137,140.558,65.0,57.1,30.0,95.4,66.1,84.4,92.7,83.6,93.2,89.7,92.4,20.003,5,5,5,32.900999999999996
13.93,4.0,42.638000000000005,57.41,47.934,61.706,138.097,140.558,65.0,57.1,30.0,95.4,66.1,84.4,92.7,83.6,93.2,89.7,92.4,20.052,5,5,5,32.897
13.95,4.0,42.173,57.309,47.88399999999999,61.673,137.938,140.4,65.0,57.1,30.0,95.4,66.1,84.4,92.7,83.6,93.2,89.7,92.4,20.034,5,5,5,32.898
13.97,4.0,42.756,57.492,47.81,61.067,137.845,140.303,65.0,57.1,30.0,95.4,66.1,84.4,92.7,83.6,93.2,89.7,92.4,20.022,5,5,5,32.897
13.99,4.0,42.233000000000004,57.045,47.788000000000004,61.733000000000004,137.765,140.231,65.0,57.1,30.0,95.4,66.1,84.4,92.7,83.6,93.2,89.7,92.4,20.016,5,5,5,32.899
14.01,4.0,42.643,56.931999999999995,47.714,61.798,137.619,140.19400000000002,65.0,57.1,30.0,95.4,66.1,84.4,92.7,83.6,93.2,89.7,92.4,20.040999999999997,5,5,5,32.894000000000005
14.03,4.0,42.708,57.346000000000004,47.648999999999994,61.792,137.592,140.061,65.0,57.1,30.0,95.4,66.1,84.4,92.7,83.6,93.2,89.7,92.4,20.011,5,5,5,32.894999999999996
14.05,4.0,42.582,57.971000000000004,47.703,61.873999999999995,137.525,139.976,65.0,57.1,30.0,95.4,66.1,84.4,92.7,83.6,93.2,89.7,92.4,20.042,5,5,5,32.893
14.07,4.0,42.89,57.336000000000006,47.698,61.458,137.378,139.85399999999998,65.0,57.1,30.0,95.4,66.1,84.4,92.7,83.6,93.2,89.7,92.4,20.034,5,5,5,32.894000000000005
14.09,4.0,42.711,57.336000000000006,47.574,61.525,137.311,139.82999999999998,65.0,57.1,30.0,95.4,66.1,84.4,92.7,83.6,93.2,89.7,92.4,20.046,5,5,5,32.891
14.11,4.0,42.336999999999996,57.617,47.543,61.122,137.178,139.647,65.0,57.1,30.0,95.4,66.1,84.4,92.7,83.6,93.2,89.7,92.4,20.055999999999997,5,5,5,32.891999999999996
14.13,4.0,42.604,57.842,47.473,61.597,137.04399999999998,139.623,65.0,57.1,30.0,95.4,66.1,84.4,92.7,83.6,93.2,89.7,92.4,20.042,5,5,5,32.885999999999996
14.15,4.0,42.46,57.853,47.578,61.873999999999995,136.99,139.48899999999998,65.0,57.1,30.0,95.4,66.1,84.4,92.7,83.6,93.2,89.7,92.4,20.039,5,5,5,32.885999999999996
14.17,4.0,42.45,57.419,47.387,61.309,136.842,139.342,65.0,57.1,30.0,95.4,66.1,84.4,92.7,83.6,93.2,89.7,92.4,20.073,5,5,5,32.884
14.19,4.0,42.538000000000004,57.21,47.49100000000001,61.757,136.80200000000002,139.269,65.0,57.1,30.0,95.4,66.1,84.4,92.7,83.6,93.2,89.7,92.4,20.043,5,5,5,32.879999999999995
14.21,4.0,42.246,56.721000000000004,47.345,61.523,136.587,139.159,65.0,57.1,30.0,95.4,66.1,84.4,92.7,83.6,93.2,89.7,92.4,20.062,5,5,5,32.868
14.23,4.0,42.31,58.132,47.339,61.391999999999996,136.57299999999998,139.159,65.0,57.1,30.0,95.4,66.1,84.4,92.7,83.6,93.2,89.7,92.4,20.066,5,5,5,32.872
14.25,4.0,42.451,57.332,47.483999999999995,61.355,136.438,138.988,65.0,57.1,30.0,95.4,66.1,84.4,92.7,83.6,93.2,89.7,92.4,20.055,5,5,5,32.869
14.27,4.0,42.647,57.253,47.292,61.562,136.35700000000003,138.939,65.0,57.1,30.0,95.4,66.1,84.4,92.7,83.6,93.2,89.7,92.469,20.039,5,5,5,32.869
14.29,4.0,42.374,57.553999999999995,47.321999999999996,61.769,136.317,138.804,65.0,57.1,30.0,95.4,66.1,84.4,92.7,83.6,93.2,89.7,92.52600000000001,20.033,5,5,5,32.863
14.31,4.0,42.568000000000005,57.458999999999996,47.291000000000004,61.77,136.209,138.767,65.0,57.1,30.0,95.4,66.1,84.4,92.7,83.6,93.2,89.7,92.558,20.09,5,5,5,32.853
14.33,4.0,42.501999999999995,57.471000000000004,47.224,61.863,136.128,138.718,65.0,57.1,30.0,95.4,66.1,84.4,92.7,83.6,93.2,89.7,92.577,20.076,5,5,5,32.857
14.35,4.0,42.323,57.403999999999996,47.192,61.672,136.06,138.632,65.0,57.1,30.0,95.4,66.1,84.4,92.7,83.6,93.2,89.7,92.587,20.099,5,5,5,32.851
14.37,4.0,42.171,56.728,47.08,61.208,135.88400000000001,138.546,65.0,57.1,30.0,95.4,66.1,84.4,92.7,83.6,93.2,89.7,92.593,20.064999999999998,5,5,5,32.849000000000004
14.39,4.0,42.443000000000005,57.369,47.101000000000006,61.522,135.856,138.44799999999998,65.0,57.1,30.0,95.4,66.1,84.4,92.7,83.6,93.2,89.7,92.596,20.067,5,5,5,32.848
14.41,4.0,42.312,57.458,47.068999999999996,61.869,135.666,138.312,65.0,57.1,30.0,95.4,66.1,84.4,92.7,83.6,93.2,89.7,92.598,20.091,5,5,5,32.85
14.43,4.0,42.306999999999995,57.545,47.211000000000006,61.998999999999995,135.53,138.325,65.0,57.1,30.0,95.4,66.1,84.4,92.7,83.6,93.2,89.7,92.59899999999999,20.084000000000003,5,5,5,32.834
14.45,4.0,42.173,57.308,47.326,61.669,135.476,138.16500000000002,65.0,57.1,30.0,95.4,66.1,84.4,92.7,83.6,93.2,89.7,92.59899999999999,20.063,5,5,5,32.826
14.47,4.0,42.018,57.63,47.133,61.751000000000005,135.421,138.054,65.0,57.1,30.0,95.4,66.1,84.4,92.7,83.6,93.2,89.7,92.6,20.070999999999998,5,5,5,32.825
14.49,4.0,42.402,57.605,47.153,61.677,135.298,138.029,65.0,57.1,30.0,95.4,66.1,84.4,92.7,83.6,93.2,89.7,92.6,20.074,5,5,5,32.823
14.51,4.0,42.56,57.273999999999994,47.016000000000005,61.376000000000005,135.244,137.906,65.0,57.1,30.0,95.4,66.1,84.4,92.76899999999999,83.6,93.2,89.7,92.6,20.104,5,5,5,32.826
14.53,4.0,41.686,57.455,46.849,61.47,135.13400000000001,137.76999999999998,65.0,57.1,30.0,95.4,66.1,84.4,92.82600000000001,83.6,93.2,89.7,92.6,20.052999999999997,5,5,5,32.827
14.55,4.0,42.03,57.446000000000005,47.023,61.71,135.025,137.72,65.0,57.1,30.0,95.4,66.1,84.4,92.858,83.6,93.2,89.7,92.6,19.634,5,5,5,32.827
14.57,4.0,42.649,57.794,46.903,61.715,134.98399999999998,137.671,65.0,57.1,30.0,95.4,66.1,84.4,92.877,83.6,93.2,89.7,92.6,19.481,5,5,5,32.823
14.59,4.0,42.618,57.53,47.14,61.966,134.86,137.45999999999998,65.0,57.1,30.0,95.4,66.1,84.4,92.887,83.6,93.2,89.7,92.6,19.473,5,5,5,32.823
14.61,4.0,42.214,57.755,47.008,61.855,134.723,137.423,65.0,57.1,30.0,95.4,66.1,84.4,92.893,83.6,93.2,89.7,92.6,19.466,5,5,5,32.827
14.63,4.0,41.927,57.251000000000005,46.913999999999994,61.75,134.695,137.287,65.0,57.1,30.0,95.4,66.1,84.4,92.896,83.6,93.2,89.7,92.6,19.449,5,5,5,32.823
14.65,4.0,42.256,56.765,46.945,61.188,134.503,137.23700000000002,65.0,57.1,30.0,95.4,66.1,84.4,92.898,83.6,93.2,89.7,92.6,19.405,5,5,5,32.826
14.67,4.0,42.413000000000004,57.121,46.83,61.571000000000005,134.461,137.13799999999998,65.0,57.1,30.0,95.4,66.1,84.4,92.899,83.688,93.2,89.7,92.6,19.412,5,5,5,32.827
14.69,4.0,42.027,57.431999999999995,46.896,61.808,134.392,137.063,65.0,57.1,30.0,95.4,66.1,84.4,92.899,83.737,93.2,89.7,92.6,19.444000000000003,5,5,5,32.825
14.71,4.0,41.884,57.458999999999996,46.958,61.565,134.32299999999998,136.939,65.0,57.1,30.0,95.4,66.1,84.4,92.9,83.764,93.2,89.7,92.6,19.414,5,5,5,32.822
14.73,4.0,41.664,57.763000000000005,46.91,61.67100000000001,134.24099999999999,136.876,65.0,57.1,30.0,95.4,66.1,84.4,92.9,83.78,93.2,89.7,92.6,19.436,5,5,5,32.823
14.75,4.0,41.978,57.38399999999999,46.943999999999996,61.738,134.158,136.80200000000002,65.0,57.1,30.0,95.4,66.1,84.4,92.9,83.789,93.2,89.7,92.6,19.43,5,5,5,32.818
14.77,4.0,42.225,57.085,46.857,61.235,134.033,136.752,65.0,57.1,30.0,95.4,66.1,84.4,92.9,83.794,93.2,89.7,92.6,19.442,5,5,5,32.82
14.79,4.0,42.077,57.402,46.748999999999995,61.174,133.978,136.652,65.0,57.1,30.0,95.4,66.1,84.4,92.9,83.796,93.2,89.7,92.6,19.455,5,5,5,32.814
14.81,4.0,42.099000000000004,57.591,46.717,61.871,133.839,136.602,65.0,57.1,30.0,95.4,66.1,84.4,92.9,83.798,93.2,89.7,92.6,19.453,5,5,5,32.816
14.83,4.0,42.383,57.385,46.842,61.812,133.79700000000003,136.527,65.0,57.1,30.0,95.4,66.1,84.4,92.9,83.79899999999999,93.2,89.7,92.6,19.449,5,5,5,32.82
14.85,4.0,42.096,57.08,46.912,62.0,133.728,136.42700000000002,65.0,57.1,30.0,95.4,66.1,84.4,92.9,83.79899999999999,93.2,89.7,92.6,19.415999999999997,5,5,5,32.81699999999999
14.87,4.0,42.601,57.489,46.809,61.913000000000004,133.7,136.315,65.0,57.1,30.0,95.4,66.1,84.4,92.9,83.8,93.2,89.7,92.6,19.442,5,5,5,32.812
14.89,4.0,41.928000000000004,57.677,46.787,61.766999999999996,133.589,136.214,65.0,57.1,30.0,95.4,66.1,84.4,92.9,83.8,93.2,89.7,92.6,19.433,5,5,5,32.80800000000001
14.91,4.0,42.010999999999996,57.325,46.79600000000001,61.68600000000001,133.435,136.152,65.0,57.1,30.0,95.4,66.1,84.4,92.9,83.8,93.2,89.7,92.6,19.473,5,5,5,32.806
14.93,4.0,41.95,57.91,46.763999999999996,60.952,133.421,136.139,65.0,57.1,30.0,95.4,66.1,84.4,92.9,83.8,93.2,89.7,92.6,19.464,5,5,5,32.809
14.95,4.0,42.073,57.608999999999995,46.626999999999995,61.488,133.31,135.976,65.0,57.1,30.0,95.4,66.1,84.4,92.9,83.8,93.2,89.7,92.6,19.423000000000002,5,5,5,32.811
14.97,4.0,42.302,57.794,46.678000000000004,61.858000000000004,133.19799999999998,135.88799999999998,65.0,57.1,30.0,95.4,66.1,84.4,92.9,83.8,93.225,89.7,92.6,19.434,5,5,5,32.813
14.99,4.0,41.99,57.512,46.8,61.64,133.1,135.913,65.0,57.1,30.0,95.4,66.1,84.4,92.9,83.8,93.30199999999999,89.7,92.6,19.453,5,5,5,32.805
15.01,4.0,42.029,57.172,46.628,61.54,132.946,135.712,65.0,57.1,30.0,95.4,66.1,84.4,92.9,83.8,93.345,89.7,92.6,19.448,5,5,5,32.797
15.03,4.0,42.004,57.848,46.655,61.458999999999996,132.918,135.649,65.0,57.1,30.0,95.4,66.1,84.4,92.9,83.8,93.369,89.7,92.6,19.45,5,5,5,32.799
15.05,4.0,41.927,57.41,46.533,61.505,132.82,135.61200000000002,65.0,57.1,30.0,95.4,66.1,84.4,92.9,83.8,93.382,89.7,92.6,19.47,5,5,5,32.799
15.07,4.0,42.126999999999995,57.419,46.481,61.097,132.76299999999998,135.51100000000002,65.0,57.1,30.0,95.4,66.1,84.4,92.9,83.8,93.39,89.7,92.6,19.47,5,5,5,32.8
15.09,4.0,42.004,57.601000000000006,46.278,61.606,132.651,135.385,65.0,57.1,30.0,95.4,66.1,84.4,92.9,83.8,93.39399999999999,89.7,92.6,19.488,5,5,5,32.797
15.11,4.0,41.891,57.711999999999996,46.401,61.606,132.538,135.334,65.0,57.1,30.0,95.4,66.1,84.4,92.9,83.8,93.39699999999999,89.7,92.6,19.493000000000002,5,5,5,32.802
15.13,4.0,41.946999999999996,57.342,46.376999999999995,61.757,132.454,135.246,65.0,57.1,30.0,95.4,66.1,84.4,92.9,83.8,93.398,89.7,92.6,19.52,5,5,5,32.785
15.15,4.0,41.721,57.326,46.211000000000006,61.854,132.341,135.119,65.0,57.1,30.0,95.4,66.1,84.4,92.9,83.8,93.399,89.7,92.6,19.469,5,5,5,32.789
15.17,4.0,42.231,57.553000000000004,46.343,61.49100000000001,132.256,135.05599999999998,65.0,57.1,30.0,95.4,66.1,84.4,92.9,83.8,93.399,89.725,92.6,19.488,5,5,5,32.793000000000006
15.19,4.0,42.187,57.563,46.213,61.54600000000001,132.199,135.04399999999998,65.0,57.1,30.0,95.4,66.1,84.4,92.9,83.8,93.4,89.758,92.6,19.47,5,5,5,32.792
15.21,4.0,41.361999999999995,57.211000000000006,46.332,61.486000000000004,132.128,134.879,65.0,57.1,30.0,95.4,66.1,84.4,92.9,83.8,93.4,89.77600000000001,92.6,19.45,5,5,5,32.789
15.23,4.0,41.714,57.472,46.507,61.675,132.058,134.73899999999998,65.0,57.1,30.0,95.4,66.1,84.4,92.9,83.8,93.4,89.78699999999999,92.6,19.46,5,5,5,32.791
15.25,4.0,41.621,57.419,46.258,61.965,132.029,134.727,65.0,57.1,30.0,95.4,66.1,84.4,92.9,83.8,93.4,89.792,92.6,19.474,5,5,5,32.794
15.27,4.0,41.876,57.099,46.229,61.778999999999996,131.845,134.689,65.0,57.1,30.0,95.4,66.1,84.4,92.9,83.8,93.4,89.796,92.6,19.464,5,5,5,32.781
15.29,4.0,42.264,57.681999999999995,46.302,61.888999999999996,131.773,134.523,65.0,57.1,30.0,95.4,66.1,84.4,92.9,83.8,93.4,89.798,92.6,19.503,5,5,5,32.78
15.31,4.0,41.453,57.571999999999996,46.153,61.574,131.64499999999998,134.54899999999998,65.0,57.1,30.0,95.4,66.1,84.4,92.9,83.8,93.4,89.79899999999999,92.6,19.518,5,5,5,32.781
15.33,4.0,41.588,57.81399999999999,46.176,61.508,131.603,134.485,65.0,57.1,30.0,95.4,66.1,84.4,92.9,83.8,93.4,89.79899999999999,92.6,19.455,5,5,5,32.778999999999996
15.35,4.0,41.169000000000004,57.141999999999996,46.25,61.417,131.488,134.332,65.0,57.1,30.0,95.4,66.1,84.4,92.9,83.8,93.4,89.8,92.6,19.463,5,5,5,32.778999999999996
15.37,4.0,41.299,56.839,46.111000000000004,61.497,131.417,134.218,65.0,57.1,30.0,95.4,66.1,84.4,92.9,83.8,93.4,89.8,92.6,19.474,5,5,5,32.774
15.39,4.0,41.77,57.324,46.04600000000001,61.518,131.33100000000002,134.14100000000002,65.0,57.1,30.0,95.4,66.1,84.487,92.9,83.8,93.4,89.8,92.6,19.478,5,5,5,32.777
15.41,4.0,41.400999999999996,57.055,46.1,61.648999999999994,131.217,134.179,65.0,57.1,30.0,95.4,66.1,84.53699999999999,92.9,83.8,93.4,89.8,92.6,19.485999999999997,5,5,5,32.769000000000005
15.43,4.0,41.325,57.211999999999996,45.944,61.841,131.17399999999998,133.937,65.0,57.1,30.0,95.4,66.1,84.564,92.9,83.8,93.4,89.8,92.6,19.470999999999997,5,5,5,32.769000000000005
15.45,4.0,41.010999999999996,57.486999999999995,45.923,61.333999999999996,131.14499999999998,133.937,65.0,57.1,30.0,95.4,66.1,84.58,92.9,83.8,93.4,89.8,92.6,19.497,5,5,5,32.766
15.47,4.0,41.453,56.928000000000004,45.777,61.488,131.059,133.88600000000002,65.0,57.1,30.0,95.4,66.1,84.589,92.9,83.8,93.4,89.8,92.6,19.555999999999997,5,5,5,32.766999999999996
15.49,4.0,41.563,57.218999999999994,45.903,61.482,130.872,133.745,65.0,57.1,30.0,95.4,66.1,84.594,92.9,83.8,93.4,89.8,92.6,19.511,5,5,5,32.765
15.51,4.0,41.037,56.636,45.793,61.59,130.858,133.719,65.0,57.1,30.0,95.4,66.1,84.596,92.9,83.8,93.4,89.8,92.6,19.514000000000003,5,5,5,32.769999999999996
15.53,4.0,41.08,57.323,45.784,61.62,130.757,133.655,65.0,57.1,30.0,95.4,66.1,84.598,92.9,83.8,93.4,89.8,92.6,19.53,5,5,5,32.762
15.55,4.0,40.836,57.571000000000005,45.775,61.504,130.67000000000002,133.54000000000002,65.0,57.1,30.0,95.4,66.1,84.59899999999999,92.9,83.8,93.4,89.8,92.6,19.605,5,5,5,32.747
15.57,4.0,41.129,57.201,45.857,61.692,130.685,133.501,65.0,57.1,30.0,95.4,66.1,84.59899999999999,92.9,83.8,93.4,89.8,92.6,19.487000000000002,5,5,5,32.742
15.59,4.0,41.329,57.931000000000004,45.779,61.32899999999999,130.526,133.411,65.0,57.1,30.0,95.4,66.1,84.6,92.9,83.8,93.4,89.8,92.6,19.509,5,5,5,32.738
15.61,4.0,41.244,57.157,45.681999999999995,61.608999999999995,130.41,133.26999999999998,65.0,57.1,30.0,95.4,66.1,84.6,92.9,83.8,93.4,89.8,92.6,19.516,5,5,5,32.738
15.63,4.0,41.083,56.951,45.772,61.57899999999999,130.36700000000002,133.257,65.0,57.1,30.0,95.4,66.1,84.6,92.9,83.8,93.4,89.8,92.6,19.481,5,5,5,32.739000000000004
15.65,4.0,40.93,57.321000000000005,45.771,61.771,130.309,133.154,65.0,57.1,30.0,95.4,66.1,84.6,92.9,83.8,93.4,89.8,92.6,19.491,5,5,5,32.736000000000004
15.67,4.0,40.952,57.512,45.669000000000004,61.683,130.207,133.025,65.0,57.1,30.0,95.4,66.1,84.6,92.9,83.8,93.4,89.8,92.6,19.545,5,5,5,32.728
15.69,4.0,41.001999999999995,57.155,45.678000000000004,61.63399999999999,130.12,132.92200000000003,65.0,57.1,30.0,95.4,66.1,84.6,92.9,83.8,93.4,89.8,92.6,19.512999999999998,5,5,5,32.713
15.71,4.0,40.681999999999995,56.79600000000001,45.624,61.668,130.048,132.92200000000003,65.0,57.1,30.0,95.4,66.1,84.6,92.95,83.8,93.4,89.8,92.6,19.519,5,5,5,32.708
15.73,4.0,40.641,57.341,45.654,61.527,129.93099999999998,132.844,65.0,57.1,30.0,95.4,66.1,84.6,93.016,83.8,93.4,89.8,92.6,19.511,5,5,5,32.711
15.75,4.0,40.702,57.43600000000001,45.531,61.192,129.858,132.792,65.0,57.1,30.0,95.4,66.1,84.6,93.053,83.8,93.4,89.8,92.6,19.508,5,5,5,32.709
15.77,4.0,40.904,56.471000000000004,45.602,61.674,129.74200000000002,132.779,65.0,57.1,30.0,95.4,66.1,84.6,93.07300000000001,83.8,93.4,89.8,92.6,19.504,5,5,5,32.706999999999994
15.79,4.0,40.654,56.777,45.665,61.708,129.654,132.559,65.0,57.1,30.0,95.4,66.1,84.6,93.085,83.8,93.4,89.8,92.6,19.512,5,5,5,32.71
15.81,4.0,40.842,57.122,45.429,61.56100000000001,129.61,132.58499999999998,65.0,57.1,30.0,95.4,66.1,84.6,93.092,83.8,93.4,89.8,92.6,19.532,5,5,5,32.701
15.83,4.0,40.51,57.123000000000005,45.5,61.727,129.464,132.45600000000002,65.0,57.1,30.0,95.4,66.1,84.6,93.095,83.8,93.4,89.8,92.688,19.55,5,5,5,32.699
15.85,4.0,40.98,57.101000000000006,45.458,61.54,129.42000000000002,132.365,65.0,57.1,30.0,95.4,66.1,84.6,93.097,83.8,93.4,89.8,92.737,19.506999999999998,5,5,5,32.698
15.87,4.0,40.631,56.312,45.443000000000005,61.623999999999995,129.361,132.313,65.0,57.1,30.0,95.4,66.1,84.6,93.098,83.8,93.4,89.8,92.764,19.508,5,5,5,32.699
15.89,4.0,40.621,56.9,45.383,61.294,129.332,132.287,65.2,57.1,29.9,95.3,66.0,84.6,93.09899999999999,83.8,93.4,89.8,92.78,19.523,5,5,5,32.701
15.91,4.0,40.552,56.633,45.503,61.553999999999995,129.273,132.07799999999997,65.2,57.1,29.9,95.3,66.0,84.6,93.1,83.8,93.4,89.8,92.789,19.518,5,5,5,32.699
15.93,4.0,40.578,57.093999999999994,45.372,61.867,129.185,132.131,65.2,57.1,29.9,95.3,66.0,84.6,93.1,83.8,93.4,89.8,92.794,19.487000000000002,5,5,5,32.696
15.95,4.0,40.593,56.833,45.345,61.81399999999999,129.038,132.07799999999997,65.2,57.1,29.9,95.3,66.0,84.6,93.1,83.8,93.4,89.8,92.796,19.490000000000002,5,5,5,32.685
15.97,4.0,40.484,57.083999999999996,45.106,61.93600000000001,128.97899999999998,132.01299999999998,65.2,57.1,29.9,95.3,66.0,84.6,93.1,83.8,93.4,89.8,92.798,19.455,5,5,5,32.691
15.99,4.0,39.941,57.045,45.228,61.54,128.816,131.94799999999998,65.2,57.1,29.9,95.3,66.0,84.6,93.1,83.8,93.4,89.8,92.79899999999999,19.506,5,5,5,32.686
16.01,4.0,40.33,57.033,45.245,61.621,128.83100000000002,131.89600000000002,65.2,57.1,29.9,95.3,66.0,84.6,93.1,83.8,93.4,89.8,92.79899999999999,19.430999999999997,5,5,5,32.686
16.03,4.0,39.891999999999996,56.486999999999995,45.12,61.62,128.74200000000002,131.778,65.2,57.1,29.9,95.3,66.0,84.6,93.1,83.8,93.4,89.8,92.8,19.461,5,5,5,32.684
16.05,4.0,40.149,57.218999999999994,45.236,61.827,128.55,131.752,65.2,57.1,29.9,95.3,66.0,84.6,93.1,83.8,93.4,89.8,92.8,19.464,5,5,5,32.684
16.07,4.0,40.279,57.263999999999996,45.2,61.581,128.579,131.765,65.2,57.1,29.9,95.3,66.0,84.6,93.1,83.8,93.4,89.8,92.8,19.427,5,5,5,32.69
16.09,4.0,39.934,57.38,45.207,61.738,128.55,131.595,65.2,57.1,29.9,95.3,66.0,84.6,93.1,83.869,93.4,89.8,92.8,19.421,5,5,5,32.685
16.11,4.0,40.084,57.022,45.113,61.865,128.371,131.504,65.2,57.1,29.9,95.3,66.0,84.6,93.1,83.926,93.4,89.8,92.8,19.459000000000003,5,5,5,32.686
16.13,4.0,40.085,57.183,45.126,61.443999999999996,128.267,131.399,65.2,57.1,29.9,95.3,66.0,84.6,93.1,83.958,93.4,89.8,92.8,19.469,5,5,5,32.696
16.15,4.0,40.129,56.413000000000004,45.010999999999996,61.342,128.118,131.35899999999998,65.2,57.1,29.9,95.3,66.0,84.6,93.1,83.977,93.4,89.8,92.8,19.523,5,5,5,32.69199999999999
16.17,4.0,39.986999999999995,56.775,45.083,61.368,128.148,131.372,65.2,57.1,29.9,95.3,66.0,84.6,93.1,83.987,93.4,89.8,92.8,19.527,5,5,5,32.689
16.19,4.0,40.015,56.736000000000004,45.019,61.475,128.01299999999998,131.29399999999998,65.2,57.1,29.9,95.3,66.0,84.6,93.1,83.993,93.4,89.8,92.8,19.54,5,5,5,32.69199999999999
16.21,4.0,40.289,56.79600000000001,45.001,61.736999999999995,127.939,131.11,65.2,57.1,29.9,95.3,66.0,84.6,93.1,83.99600000000001,93.4,89.8,92.8,19.453,5,5,5,32.689
16.23,4.0,39.815,56.69,45.133,61.61,127.84899999999999,131.096,65.2,57.1,29.9,95.3,66.0,84.6,93.1,83.998,93.4,89.8,92.8,19.514000000000003,5,5,5,32.673
16.25,4.0,39.385999999999996,56.486999999999995,45.086999999999996,61.873000000000005,127.759,130.846,65.2,57.1,29.9,95.3,66.0,84.6,93.1,83.999,93.4,89.8,92.8,19.476,5,5,5,32.673
16.27,4.0,39.681,56.708999999999996,44.925,61.242,127.729,130.912,65.2,57.1,29.9,95.3,66.0,84.6,93.1,83.999,93.4,89.8,92.8,19.481,5,5,5,32.671
16.29,4.0,39.669000000000004,56.623000000000005,44.791,61.201,127.699,130.85899999999998,65.2,57.1,29.9,95.3,66.0,84.6,93.1,84.0,93.4,89.8,92.8,19.500999999999998,5,5,5,32.674
16.31,4.0,39.58,56.318999999999996,44.749,60.994,127.639,130.793,65.2,57.1,29.9,95.3,66.0,84.6,93.1,84.0,93.4,89.8,92.8,19.619,5,5,5,32.67
16.33,4.0,39.521,56.706,44.754,61.214,127.51799999999999,130.70100000000002,65.2,57.1,29.9,95.3,66.0,84.6,93.1,84.0,93.4,89.8,92.8,19.509999999999998,5,5,5,32.661
16.35,4.0,39.516,56.513000000000005,44.595,61.346000000000004,127.428,130.542,65.2,57.1,29.9,95.3,66.0,84.6,93.1,84.0,93.4,89.8,92.8,19.542,5,5,5,32.666
16.37,4.0,39.562,56.386,44.586,61.32,127.292,130.51600000000002,65.2,57.1,29.9,95.3,66.0,84.6,93.1,84.0,93.4,89.8,92.8,19.557000000000002,5,5,5,32.650999999999996
16.39,4.0,39.84,56.423,44.472,61.722,127.262,130.51600000000002,65.2,57.1,29.9,95.3,66.0,84.6,93.1,84.0,93.4,89.8,92.8,19.546,5,5,5,32.652
16.41,4.0,39.188,56.222,44.675,61.442,127.21700000000001,130.41,65.2,57.1,29.9,95.3,66.0,84.6,93.1,84.0,93.4,89.8,92.8,19.494,5,5,5,32.658
16.43,4.0,39.533,56.781000000000006,44.61,61.67,127.111,130.343,65.2,57.1,29.9,95.3,66.0,84.6,93.1,84.0,93.4,89.8,92.8,19.540999999999997,5,5,5,32.653999999999996
16.45,4.0,39.614000000000004,56.203,44.841,61.456,127.065,130.197,65.2,57.1,29.9,95.3,66.0,84.6,93.1,84.0,93.4,89.8,92.8,19.457,5,5,5,32.653999999999996
16.47,4.0,38.955999999999996,56.364,44.769,61.785,126.898,130.20999999999998,65.2,57.1,29.9,95.3,66.0,84.6,93.1,84.0,93.4,89.8,92.8,19.453,5,5,5,32.657
16.49,4.0,39.308,56.827,44.641,61.938,126.853,130.184,65.2,57.1,29.9,95.3,66.0,84.6,93.1,84.0,93.4,89.8,92.8,19.449,5,5,5,32.658
16.51,4.0,39.33,56.206,44.475,61.674,126.777,129.94400000000002,65.2,57.1,29.9,95.3,66.0,84.6,93.1,84.0,93.4,89.8,92.8,19.430999999999997,5,5,5,32.658
16.53,4.0,39.468,56.931000000000004,44.48,61.733000000000004,126.67,129.93099999999998,65.2,57.1,29.9,95.3,66.0,84.6,93.1,84.0,93.4,89.8,92.8,19.492,5,5,5,32.650999999999996
16.55,4.0,39.166,56.638000000000005,44.63,61.534,126.70100000000001,129.86399999999998,65.2,57.1,29.9,95.3,66.0,84.6,93.1,84.0,93.4,89.8,92.8,20.152,5,5,5,32.658
16.57,4.0,39.314,56.367,44.586999999999996,61.523999999999994,126.579,129.77100000000002,65.2,57.1,29.9,95.3,66.0,84.6,93.1,84.0,93.4,89.8,92.8,20.110999999999997,5,5,5,32.653000000000006
16.59,4.0,39.165,56.376000000000005,44.602,61.431000000000004,126.47200000000001,129.704,65.2,57.1,29.9,95.3,66.0,84.6,93.1,84.0,93.4,89.8,92.8,20.105,5,5,5,32.653000000000006
16.61,4.0,39.305,56.361999999999995,44.54,61.661,126.426,129.704,65.2,57.1,29.9,95.3,66.0,84.6,93.1,84.0,93.4,89.8,92.8,20.04,5,5,5,32.653000000000006
16.63,4.0,38.655,56.592,44.478,61.805,126.334,129.624,65.2,57.1,29.9,95.3,66.0,84.6,93.1,84.0,93.4,89.8,92.8,20.015,5,5,5,32.653000000000006
16.65,4.0,38.6,56.312,44.446,61.813,126.257,129.624,65.2,57.1,29.9,95.3,66.0,84.6,93.1,84.0,93.4,89.8,92.8,20.006999999999998,5,5,5,32.657
16.67,4.0,38.846,56.125,44.569,61.99100000000001,126.211,129.476,65.2,57.1,29.9,95.3,66.0,84.6,93.1,84.0,93.487,89.8,92.8,19.959000000000003,5,5,5,32.662
16.69,4.0,39.314,56.28,44.385999999999996,61.67,126.135,129.39600000000002,65.2,57.1,29.9,95.3,66.0,84.6,93.1,84.0,93.53699999999999,89.8,92.8,19.97,5,5,5,32.661
16.71,4.0,38.898,56.261,44.141,61.501000000000005,125.99600000000001,129.289,65.2,57.1,29.9,95.3,66.0,84.6,93.1,84.0,93.564,89.8,92.8,19.919,5,5,5,32.663
16.73,4.0,39.041,56.576,44.135,61.354,125.98100000000001,129.342,65.2,57.1,29.9,95.3,66.0,84.6,93.1,84.0,93.58,89.8,92.8,19.927,5,5,5,32.66
16.75,4.0,38.888000000000005,56.108999999999995,44.168,61.703,125.87299999999999,129.06,65.2,57.1,29.9,95.3,66.0,84.6,93.1,84.0,93.589,89.8,92.8,19.913,5,5,5,32.662
16.77,4.0,38.551,56.06399999999999,44.391,61.843,125.904,129.04700000000003,65.2,57.1,29.9,95.3,66.0,84.6,93.1,84.0,93.594,89.8,92.8,19.921,5,5,5,32.665
16.79,4.0,38.72,56.071999999999996,44.119,61.762,125.67200000000001,128.939,65.2,57.1,29.9,95.3,66.0,84.6,93.1,84.0,93.596,89.8,92.8,19.865000000000002,5,5,5,32.659000000000006
16.81,4.0,38.648,55.68,43.998000000000005,61.895,125.67200000000001,128.898,65.2,57.1,29.9,95.3,66.0,84.6,93.1,84.0,93.598,89.8,92.8,19.856,5,5,5,32.662
16.83,4.0,38.157,56.176,44.201,61.63399999999999,125.579,128.817,65.2,57.1,29.9,95.3,66.0,84.6,93.1,84.0,93.59899999999999,89.8,92.8,19.779000000000003,5,5,5,32.656
16.85,4.0,38.477,55.839,44.071999999999996,61.76,125.53299999999999,128.817,65.2,57.1,29.9,95.3,66.0,84.6,93.1,84.0,93.59899999999999,89.8,92.8,19.859,5,5,5,32.655
16.87,4.0,38.586999999999996,56.126000000000005,44.278,61.552,125.39299999999999,128.736,65.2,57.1,29.9,95.3,66.0,84.6,93.1,84.0,93.6,89.8,92.8,19.848,5,5,5,32.658
16.89,4.0,38.413000000000004,56.032,44.075,61.725,125.36200000000001,128.736,65.2,57.1,29.9,95.3,66.0,84.6,93.1,84.0,93.6,89.8,92.8,19.783,5,5,5,32.653999999999996
16.91,4.0,38.653,56.041000000000004,44.018,61.677,125.34700000000001,128.628,65.2,57.1,29.9,95.3,66.0,84.6,93.1,84.0,93.6,89.8,92.8,19.720999999999997,5,5,5,32.650999999999996
16.93,4.0,38.534,56.207,44.118,61.81,125.26899999999999,128.47899999999998,65.2,57.1,29.9,95.3,66.0,84.6,93.1,84.0,93.6,89.8,92.8,19.677999999999997,5,5,5,32.641
16.95,4.0,38.073,55.751000000000005,44.079,61.56100000000001,125.12899999999999,128.506,65.2,57.1,29.9,95.3,66.0,84.6,93.1,84.0,93.6,89.8,92.8,19.625999999999998,5,5,5,32.635000000000005
16.97,4.0,38.001999999999995,55.998000000000005,44.189,61.328,125.066,128.38400000000001,65.2,57.1,29.9,95.3,66.0,84.6,93.1,84.0,93.6,89.8,92.8,19.641,5,5,5,32.637
16.99,4.0,37.993,55.756,44.154,61.373999999999995,125.01899999999999,128.35700000000003,65.2,57.1,29.9,95.3,66.0,84.6,93.1,84.0,93.6,89.8,92.8,19.657,5,5,5,32.634
17.01,4.0,38.384,55.912,44.006,60.965,124.87899999999999,128.289,65.2,57.1,29.9,95.3,66.0,84.6,93.1,84.0,93.6,89.8,92.8,19.683,5,5,5,32.635000000000005
17.03,4.0,37.982,56.104,44.025,61.235,124.89399999999999,128.289,65.2,57.1,29.9,95.3,66.0,84.6,93.1,84.0,93.6,89.8,92.8,19.551,5,5,5,32.635000000000005
17.05,4.0,38.010999999999996,55.651,43.929,61.394,124.8,128.11200000000002,65.2,57.1,29.9,95.3,66.0,84.6,93.1,84.0,93.6,89.8,92.8,19.532,5,5,5,32.638000000000005
17.07,4.0,37.745,55.983000000000004,44.058,61.352,124.75299999999999,128.099,65.2,57.1,29.9,95.3,66.0,84.6,93.1,84.0,93.6,89.8,92.8,19.494999999999997,5,5,5,32.619
17.09,4.0,38.023,55.635,44.135,61.345,124.675,127.935,65.2,57.1,29.9,95.3,66.0,84.6,93.1,84.0,93.6,89.8,92.8,19.493000000000002,5,5,5,32.614000000000004
17.11,4.0,37.201,56.038000000000004,44.268,61.302,124.61200000000001,127.949,65.2,57.1,29.9,95.3,66.0,84.6,93.1,84.0,93.6,89.8,92.8,19.475,5,5,5,32.614999999999995
17.13,4.0,38.046,55.695,43.866,61.506,124.50200000000001,127.881,65.2,57.1,29.9,95.3,66.0,84.6,93.1,84.0,93.6,89.8,92.8,19.445,5,5,5,32.616
17.15,4.0,37.519,56.042,43.992,61.175,124.454,127.771,65.2,57.1,29.9,95.3,66.0,84.6,93.1,84.0,93.6,89.8,92.8,19.395,5,5,5,32.611000000000004
17.17,4.0,37.319,56.05,43.817,61.409,124.36,127.73,65.2,57.1,29.9,95.3,66.0,84.6,93.169,84.0,93.6,89.8,92.8,19.413,5,5,5,32.613
17.19,4.0,37.335,56.188,43.907,61.527,124.265,127.634,65.2,57.1,29.9,95.3,66.0,84.6,93.226,84.0,93.6,89.8,92.8,19.356,5,5,5,32.61
17.21,4.0,37.576,56.472,43.701,61.461999999999996,124.23299999999999,127.71700000000001,65.2,57.1,29.9,95.3,66.0,84.6,93.258,84.0,93.6,89.8,92.8,19.402,5,5,5,32.604
17.23,4.0,37.628,55.715,43.889,61.619,124.10700000000001,127.566,65.2,57.1,29.9,95.3,66.0,84.6,93.277,84.0,93.6,89.8,92.8,19.39,5,5,5,32.6
17.25,4.0,37.62,55.985,43.711999999999996,61.556000000000004,124.09100000000001,127.51100000000001,65.2,57.1,29.9,95.3,66.0,84.6,93.28699999999999,84.0,93.6,89.8,92.8,19.314999999999998,5,5,5,32.602
17.27,4.0,37.615,56.345,43.616,61.622,123.98,127.47,65.2,57.1,29.9,95.3,66.0,84.6,93.293,84.0,93.6,89.8,92.8,19.275,5,5,5,32.603
17.29,4.0,37.062,55.551,43.806,61.49,123.9,127.305,65.2,57.1,29.9,95.3,66.0,84.6,93.296,84.0,93.6,89.887,92.8,19.269,5,5,5,32.601
17.31,4.0,36.986999999999995,56.028999999999996,43.8,61.693999999999996,123.821,127.319,65.2,57.1,29.9,95.3,66.0,84.6,93.298,84.0,93.6,89.937,92.8,19.235999999999997,5,5,5,32.6
17.33,4.0,36.66,55.482,43.621,61.648,123.837,127.305,65.2,57.1,29.9,95.3,66.0,84.6,93.29899999999999,84.0,93.6,89.964,92.8,19.21,5,5,5,32.6
17.35,4.0,36.939,56.198,43.76,61.785,123.757,127.195,65.2,57.1,29.9,95.3,66.0,84.6,93.29899999999999,84.0,93.6,89.98,92.8,19.261,5,5,5,32.603
17.37,4.0,37.046,55.684,43.604,61.838,123.709,127.14,65.2,57.1,29.9,95.3,66.0,84.6,93.3,84.0,93.6,89.98899999999999,92.8,19.274,5,5,5,32.596999999999994
17.39,4.0,37.186,56.166000000000004,43.482,61.498999999999995,123.741,127.071,65.2,57.1,29.9,95.3,66.0,84.6,93.3,84.0,93.6,89.994,92.8,19.214,5,5,5,32.594
17.41,4.0,36.956,55.983000000000004,43.424,61.589,123.566,126.97399999999999,65.2,57.1,29.9,95.3,66.0,84.6,93.3,84.0,93.6,89.99600000000001,92.8,19.2,5,5,5,32.592
17.43,4.0,36.729,55.563,43.522,61.57,123.43799999999999,127.00200000000001,65.2,57.1,29.9,95.3,66.0,84.6,93.3,84.0,93.6,89.998,92.8,19.235999999999997,5,5,5,32.594
17.45,4.0,36.525,55.793,43.508,61.68,123.454,126.891,65.2,57.1,29.9,95.3,66.0,84.6,93.3,84.0,93.6,89.999,92.8,19.281,5,5,5,32.596999999999994
17.47,4.0,36.794,55.589,43.562,61.871,123.454,126.87799999999999,65.2,57.1,29.9,95.3,66.0,84.65,93.3,84.0,93.6,89.999,92.8,19.209000000000003,5,5,5,32.596999999999994
17.49,4.0,37.037,55.964,43.439,61.799,123.34100000000001,126.809,65.2,57.1,29.9,95.3,66.0,84.71600000000001,93.3,84.0,93.6,90.0,92.8,19.252000000000002,5,5,5,32.585
17.51,4.0,36.675,55.534,43.595,62.107,123.325,126.73899999999999,65.2,57.1,29.9,95.3,66.0,84.753,93.3,84.0,93.6,90.0,92.8,19.223,5,5,5,32.581999999999994
17.53,4.0,36.525,55.773999999999994,43.439,61.533,123.165,126.615,65.2,57.1,29.9,95.3,66.0,84.773,93.3,84.0,93.6,90.0,92.8,19.232,5,5,5,32.581
17.55,4.0,36.372,56.011,43.366,61.405,123.213,126.615,65.2,57.1,29.9,95.3,66.0,84.785,93.3,84.0,93.6,90.0,92.8,19.735,5,5,5,32.572
17.57,4.0,36.884,55.537,43.491,61.294,123.036,126.587,65.2,57.1,29.9,95.3,66.0,84.792,93.3,84.0,93.6,90.0,92.8,18.872999999999998,5,5,5,32.577
17.59,4.0,36.458,55.167,43.586999999999996,61.489,122.955,126.545,65.2,57.1,29.9,95.3,66.0,84.795,93.3,84.0,93.6,90.0,92.8,18.267000000000003,5,5,5,32.573
17.61,4.0,36.544,55.67100000000001,43.325,61.575,122.939,126.434,65.2,57.1,29.9,95.3,66.0,84.797,93.3,84.0,93.6,90.0,92.8,18.599,5,5,5,32.581
17.63,4.0,36.489999999999995,55.688,43.317,61.696999999999996,122.82600000000001,126.323,65.2,57.1,29.9,95.3,66.0,84.79899999999999,93.3,84.0,93.6,90.0,92.8,18.511,5,5,5,32.566
17.65,4.0,35.79,55.581,43.348,61.797,122.712,126.365,65.2,57.1,29.9,95.3,66.0,84.79899999999999,93.3,84.0,93.6,90.0,92.8,17.595999999999997,5,5,5,32.562
17.67,4.0,36.318,55.724,43.282,61.398999999999994,122.712,126.18299999999999,65.2,57.1,29.9,95.3,66.0,84.8,93.3,84.0,93.6,90.0,92.8,17.559,5,5,5,32.566
17.69,4.0,35.867,55.318000000000005,43.33,61.224,122.55,126.14200000000001,65.2,57.1,29.9,95.3,66.0,84.8,93.3,84.0,93.6,90.0,92.8,17.899,5,5,5,32.561
17.71,4.0,35.953,55.305,43.346,61.216,122.583,126.17,65.2,57.1,29.9,95.3,66.0,84.8,93.3,84.0,93.6,90.0,92.8,17.215,5,5,5,32.559
17.73,4.0,36.218,55.077,43.338,61.556000000000004,122.485,126.00200000000001,65.2,57.1,29.9,95.3,66.0,84.8,93.3,84.0,93.6,90.0,92.8,16.793,5,5,5,32.56
17.75,4.0,36.387,55.784,43.281,61.505,122.37100000000001,126.03,65.2,57.1,29.9,95.3,66.0,84.8,93.3,84.0,93.6,90.0,92.8,17.232,5,5,5,32.562
17.77,4.0,36.306,55.455,43.268,61.603,122.306,125.946,65.2,57.1,29.9,95.3,66.0,84.8,93.3,84.0,93.6,90.0,92.869,17.387999999999998,5,5,5,32.553
17.79,4.0,35.757,55.742,43.139,61.451,122.29,125.876,65.2,57.1,29.9,95.3,66.0,84.8,93.3,84.0,93.6,90.0,92.926,16.583,5,5,5,32.548
17.81,4.0,35.872,55.563,43.242,61.308,122.22399999999999,125.97399999999999,65.2,57.1,29.9,95.3,66.0,84.8,93.3,84.05,93.6,90.0,92.958,16.549,5,5,5,32.548
17.83,4.0,36.16,55.463,43.143,61.396,122.09299999999999,125.72200000000001,65.2,57.1,29.9,95.3,66.0,84.8,93.3,84.116,93.6,90.0,92.977,16.929000000000002,5,5,5,32.55
17.85,4.0,35.657,55.43600000000001,43.438,61.516000000000005,122.09299999999999,125.708,65.2,57.1,29.9,95.3,66.0,84.8,93.3,84.153,93.6,90.0,92.987,16.305,5,5,5,32.549
17.87,4.0,35.657,55.54,43.326,61.836000000000006,122.061,125.736,65.2,57.1,29.9,95.3,66.0,84.8,93.3,84.173,93.6,90.0,92.993,15.929,5,5,5,32.548
17.89,4.0,35.598,55.076,43.336999999999996,61.913000000000004,121.995,125.595,65.3,57.1,29.8,95.1,65.9,84.8,93.3,84.185,93.6,90.0,92.99600000000001,16.411,5,5,5,32.548
17.91,4.0,35.427,55.607,43.378,61.801,121.84700000000001,125.49700000000001,65.3,57.1,29.8,95.1,65.9,84.8,93.3,84.192,93.6,90.0,92.998,16.651,5,5,5,32.544
17.93,4.0,35.624,55.321000000000005,43.11,61.813,121.814,125.35600000000001,65.3,57.1,29.8,95.1,65.9,84.8,93.3,84.195,93.6,90.0,92.999,16.027,5,5,5,32.538
17.95,4.0,35.682,54.816,43.129,61.603,121.765,125.398,65.3,57.1,29.8,95.1,65.9,84.8,93.3,84.197,93.6,90.0,92.999,15.899000000000001,5,5,5,32.542
17.97,4.0,35.56699999999999,55.306999999999995,43.336,61.855,121.74799999999999,125.37,65.3,57.1,29.8,95.1,65.9,84.8,93.3,84.199,93.6,90.0,93.0,16.439999999999998,5,5,5,32.543000000000006
17.99,4.0,35.397,55.357,43.183,61.729,121.715,125.32799999999999,65.3,57.1,29.8,95.1,65.9,84.8,93.3,84.199,93.6,90.0,93.0,15.905,5,5,5,32.541
18.01,4.0,35.087,55.095,43.144,61.861000000000004,121.616,125.229,65.3,57.1,29.8,95.1,65.9,84.8,93.3,84.2,93.6,90.0,93.0,15.567,5,5,5,32.543000000000006
18.03,4.0,35.359,55.001000000000005,43.051,62.352,121.484,125.215,65.3,57.1,29.8,95.1,65.9,84.8,93.3,84.2,93.6,90.0,93.0,16.075,5,5,5,32.541
18.05,4.0,35.462,55.102,43.019,62.352,121.40100000000001,125.088,65.3,57.1,29.8,95.1,65.9,84.8,93.3,84.2,93.6,90.0,93.0,16.271,5,5,5,32.535
18.07,4.0,35.134,55.367,42.99,62.309,121.318,124.98899999999999,65.3,57.1,29.8,95.1,65.9,84.8,93.3,84.2,93.6,90.0,93.0,15.707,5,5,5,32.535
18.09,4.0,35.061,54.702,42.996,62.248999999999995,121.302,124.91799999999999,65.3,57.1,29.8,95.1,65.9,84.8,93.3,84.2,93.6,90.0,93.0,15.491,5,5,5,32.531
18.11,4.0,35.089,55.098,43.098,62.086000000000006,121.26899999999999,125.088,65.3,57.1,29.8,95.1,65.9,84.8,93.3,84.2,93.6,90.0,93.0,16.060000000000002,5,5,5,32.524
18.13,4.0,35.368,54.841,42.889,61.083999999999996,121.219,124.946,65.3,57.1,29.8,95.1,65.9,84.8,93.3,84.2,93.6,90.0,93.0,15.927,5,5,5,32.53
18.15,4.0,34.596000000000004,55.133,42.973,61.004,121.152,124.833,65.3,57.1,29.8,95.1,65.9,84.8,93.3,84.2,93.6,90.0,93.0,15.606,5,5,5,32.524
18.17,4.0,34.833,54.864,42.878,61.101000000000006,121.052,124.79,65.3,57.1,29.8,95.1,65.9,84.8,93.3,84.2,93.6,90.0,93.0,16.054000000000002,5,5,5,32.531
18.19,4.0,34.754999999999995,54.963,43.044000000000004,61.349,121.00200000000001,124.662,65.3,57.1,29.8,95.1,65.9,84.8,93.3,84.2,93.6,90.0,93.0,16.294,5,5,5,32.525999999999996
18.21,4.0,34.608000000000004,54.883,42.995,61.713,120.969,124.53399999999999,65.3,57.1,29.8,95.1,65.9,84.8,93.3,84.2,93.6,90.0,93.0,15.797,5,5,5,32.519999999999996
18.23,4.0,34.914,54.676,42.976,61.528,120.852,124.57700000000001,65.3,57.1,29.8,95.1,65.9,84.8,93.3,84.2,93.6,90.0,93.0,15.523,5,5,5,32.522
18.25,4.0,34.777,54.599,42.705999999999996,61.26,120.885,124.56299999999999,65.3,57.1,29.8,95.1,65.9,84.8,93.3,84.2,93.6,90.0,93.0,16.064999999999998,5,5,5,32.518
18.27,4.0,34.918000000000006,55.331,42.729,61.165,120.869,124.491,65.3,57.1,29.8,95.1,65.9,84.8,93.3,84.2,93.6,90.0,93.0,15.843,5,5,5,32.518
18.29,4.0,34.739000000000004,54.961999999999996,42.787,61.419,120.71799999999999,124.391,65.3,57.1,29.8,95.1,65.9,84.8,93.3,84.2,93.6,90.0,93.0,15.446,5,5,5,32.515
18.31,4.0,34.778000000000006,54.956,42.747,61.213,120.751,124.391,65.3,57.1,29.8,95.1,65.9,84.8,93.3,84.2,93.6,90.0,93.0,15.877,5,5,5,32.521
18.33,4.0,34.399,54.653,43.028,61.416000000000004,120.56700000000001,124.391,65.3,57.1,29.8,95.1,65.9,84.8,93.3,84.2,93.6,90.0,93.0,16.154000000000003,5,5,5,32.5
18.35,4.0,35.0,54.71,42.731,61.163000000000004,120.499,124.277,65.3,57.1,29.8,95.1,65.9,84.8,93.3,84.2,93.6,90.0,93.0,15.669,5,5,5,32.495000000000005
18.37,4.0,34.471000000000004,54.923,42.696999999999996,61.108999999999995,120.48299999999999,124.205,65.3,57.1,29.8,95.1,65.9,84.8,93.3,84.2,93.6,90.0,93.0,15.442,5,5,5,32.495999999999995
18.39,4.0,33.958,54.957,42.8,61.428000000000004,120.46600000000001,124.234,65.3,57.1,29.8,95.1,65.9,84.8,93.3,84.2,93.6,90.0,93.0,15.921,5,5,5,32.494
18.41,4.0,34.176,54.849,42.696999999999996,61.381,120.365,124.07600000000001,65.3,57.1,29.8,95.1,65.9,84.8,93.3,84.2,93.6,90.0,93.0,15.897,5,5,5,32.486999999999995
18.43,4.0,34.468,54.865,42.821,61.512,120.29700000000001,124.005,65.3,57.1,29.8,95.1,65.9,84.8,93.3,84.2,93.6,90.0,93.0,15.365,5,5,5,32.489999999999995
18.45,4.0,34.177,54.744,42.934,61.655,120.179,123.962,65.3,57.1,29.8,95.1,65.9,84.8,93.3,84.2,93.6,90.0,93.0,15.727,5,5,5,32.493
18.47,4.0,34.148,54.873000000000005,42.872,62.004,120.229,123.947,65.3,57.1,29.8,95.1,65.9,84.8,93.3,84.2,93.6,90.0,93.0,16.014000000000003,5,5,5,32.486999999999995
18.49,4.0,34.177,55.005,42.782,61.776,120.04299999999999,123.818,65.3,57.1,29.8,95.1,65.9,84.8,93.3,84.2,93.6,90.0,93.0,15.446,5,5,5,32.488
18.51,4.0,33.909000000000006,54.428000000000004,42.686,61.549,120.094,123.818,65.3,57.1,29.8,95.1,65.9,84.8,93.3,84.2,93.6,90.0,93.0,15.19,5,5,5,32.489000000000004
18.53,4.0,34.131,54.357,42.68,61.578,120.02600000000001,123.74600000000001,65.3,57.1,29.8,95.1,65.9,84.8,93.3,84.2,93.6,90.0,93.0,15.398,5,5,5,32.495000000000005
18.55,4.0,34.325,54.361000000000004,42.853,61.207,120.02600000000001,123.67399999999999,65.3,57.1,29.8,95.1,65.9,84.8,93.3,84.2,93.6,90.0,93.0,15.645,5,5,5,32.494
18.57,4.0,33.763999999999996,54.542,42.759,61.703,119.90700000000001,123.71700000000001,65.3,57.1,29.8,95.1,65.9,84.8,93.3,84.2,93.6,90.0,93.0,15.074,5,5,5,32.495000000000005
18.59,4.0,33.528000000000006,55.0,42.650999999999996,61.57899999999999,119.941,123.71700000000001,65.3,57.1,29.8,95.1,65.9,84.8,93.3,84.2,93.6,90.0,93.0,15.134,5,5,5,32.491
18.61,4.0,33.498000000000005,55.021,42.705999999999996,61.784,119.75399999999999,123.55799999999999,65.3,57.1,29.8,95.1,65.9,84.8,93.3,84.2,93.688,90.0,93.0,15.23,5,5,5,32.480000000000004
18.63,4.0,33.778000000000006,54.433,42.693000000000005,61.903999999999996,119.72,123.471,65.3,57.1,29.8,95.1,65.9,84.8,93.3,84.2,93.737,90.0,93.0,14.35,5,5,5,32.474000000000004
18.65,4.0,33.844,54.236000000000004,42.571999999999996,61.611000000000004,119.634,123.573,65.3,57.1,29.8,95.1,65.9,84.8,93.3,84.2,93.764,90.0,93.0,14.986,5,5,5,32.474000000000004
18.67,4.0,33.845,54.493,42.62,61.666000000000004,119.617,123.486,65.3,57.1,29.8,95.1,65.9,84.8,93.3,84.2,93.78,90.0,93.0,14.42,5,5,5,32.478
18.69,4.0,33.59,54.823,42.542,61.43,119.6,123.32700000000001,65.3,57.1,29.8,95.1,65.9,84.8,93.3,84.2,93.789,90.0,93.0,14.628,5,5,5,32.471999999999994
18.71,4.0,34.05,54.714,42.681999999999995,61.606,119.566,123.32700000000001,65.3,57.1,29.8,95.1,65.9,84.8,93.3,84.2,93.794,90.0,93.0,14.551,5,5,5,32.479
18.73,4.0,33.546,54.601000000000006,42.510999999999996,61.821000000000005,119.463,123.24,65.3,57.1,29.8,95.1,65.9,84.8,93.3,84.2,93.796,90.0,93.0,13.908,5,5,5,32.473
18.75,4.0,33.798,54.562,42.728,61.69,119.32600000000001,123.12299999999999,65.3,57.1,29.8,95.1,65.9,84.8,93.3,84.2,93.798,90.0,93.0,14.664,5,5,5,32.459
18.77,4.0,33.226,54.619,42.505,61.78,119.24,123.109,65.3,57.1,29.8,95.1,65.9,84.8,93.3,84.2,93.79899999999999,90.0,93.0,14.031,5,5,5,32.454
18.79,4.0,33.391,54.723,42.384,61.588,119.274,123.13799999999999,65.3,57.1,29.8,95.1,65.9,84.8,93.3,84.2,93.79899999999999,90.0,93.0,14.291,5,5,5,32.454
18.81,4.0,33.29,54.187,42.668,61.691,119.13600000000001,123.08,65.3,57.1,29.8,95.1,65.9,84.8,93.3,84.2,93.8,90.0,93.0,14.06,5,5,5,32.455
18.83,4.0,33.282,54.049,42.56,61.262,119.084,123.065,65.3,57.1,29.8,95.1,65.9,84.8,93.3,84.2,93.8,90.0,93.0,13.718,5,5,5,32.451
18.85,4.0,33.074,53.733000000000004,42.36,61.446999999999996,118.99799999999999,123.13799999999999,65.3,57.1,29.8,95.1,65.9,84.8,93.3,84.2,93.8,90.0,93.0,14.48,5,5,5,32.452
18.87,4.0,33.05,54.291000000000004,42.289,61.563,119.015,122.978,65.3,57.1,29.8,95.1,65.9,84.8,93.3,84.2,93.8,90.0,93.0,13.764,5,5,5,32.454
18.89,4.0,33.027,54.11,42.477,61.705,118.929,123.021,65.3,57.1,29.8,95.1,65.9,84.8,93.3,84.2,93.8,90.0,93.0,14.179,5,5,5,32.447
18.91,4.0,33.25,54.201,42.318000000000005,61.693999999999996,118.946,122.83200000000001,65.3,57.1,29.8,95.1,65.9,84.8,93.3,84.2,93.8,90.0,93.0,13.888,5,5,5,32.446
18.93,4.0,32.821,53.917,42.580999999999996,61.663000000000004,118.84200000000001,122.759,65.3,57.1,29.8,95.1,65.9,84.8,93.3,84.2,93.8,90.0,93.0,13.75,5,5,5,32.44199999999999
18.95,4.0,32.762,54.214,42.518,61.61600000000001,118.755,122.613,65.3,57.1,29.8,95.1,65.9,84.8,93.3,84.2,93.8,90.0,93.0,14.342,5,5,5,32.444
18.97,4.0,32.711,54.086999999999996,42.498000000000005,61.369,118.755,122.64200000000001,65.3,57.1,29.8,95.1,65.9,84.8,93.3,84.2,93.8,90.0,93.0,13.532,5,5,5,32.447
18.99,4.0,32.786,54.056999999999995,42.431999999999995,61.372,118.634,122.45100000000001,65.3,57.1,29.8,95.1,65.9,84.8,93.3,84.2,93.8,90.0,93.0,14.087,5,5,5,32.443
19.01,4.0,32.902,54.342,42.387,61.573,118.59899999999999,122.583,65.3,57.1,29.8,95.1,65.9,84.8,93.35,84.2,93.8,90.0,93.0,13.761000000000001,5,5,5,32.445
19.03,4.0,32.664,54.058,42.353,61.792,118.51100000000001,122.525,65.3,57.1,29.8,95.1,65.9,84.8,93.416,84.2,93.8,90.0,93.0,13.699,5,5,5,32.44199999999999
19.05,4.0,32.318,54.22,42.325,61.638000000000005,118.51100000000001,122.42200000000001,65.3,57.1,29.8,95.1,65.9,84.8,93.453,84.2,93.8,90.0,93.0,14.274,5,5,5,32.439
19.07,4.0,32.351,54.31100000000001,42.527,61.718,118.494,122.275,65.3,57.1,29.8,95.1,65.9,84.8,93.473,84.2,93.8,90.0,93.0,13.499,5,5,5,32.44
19.09,4.0,31.954,54.419,42.244,61.621,118.40700000000001,122.319,65.3,57.1,29.8,95.1,65.9,84.8,93.485,84.2,93.8,90.0,93.0,14.016,5,5,5,32.441
19.11,4.0,32.150999999999996,54.068000000000005,42.27,61.104,118.23100000000001,122.15700000000001,65.3,57.1,29.8,95.1,65.9,84.8,93.492,84.2,93.8,90.0,93.0,13.673,5,5,5,32.444
19.13,4.0,32.382,53.7,42.486999999999995,61.188,118.196,122.14200000000001,65.3,57.1,29.8,95.1,65.9,84.8,93.495,84.2,93.8,90.0,93.0,13.814,5,5,5,32.438
19.15,4.0,32.105000000000004,53.926,42.383,61.525,118.196,122.15700000000001,65.3,57.1,29.8,95.1,65.9,84.8,93.497,84.2,93.8,90.0,93.0,14.191,5,5,5,32.444
19.17,4.0,32.009,53.735,42.443000000000005,61.739,118.161,122.098,65.3,57.1,29.8,95.1,65.9,84.8,93.499,84.2,93.8,90.0,93.0,13.402999999999999,5,5,5,32.439
19.19,4.0,32.178,53.725,42.235,61.678999999999995,118.109,121.995,65.3,57.1,29.8,95.1,65.9,84.8,93.499,84.2,93.8,90.0,93.0,13.988999999999999,5,5,5,32.431
19.21,4.0,31.980999999999998,53.223,42.305,61.865,117.985,121.98,65.3,57.1,29.8,95.1,65.9,84.8,93.5,84.2,93.8,90.0,93.0,13.577,5,5,5,32.432
19.23,4.0,32.056,53.542,42.25,61.636,117.915,121.95,65.3,57.1,29.8,95.1,65.9,84.8,93.5,84.2,93.8,90.0,93.0,13.875,5,5,5,32.431
19.25,4.0,31.899,53.681000000000004,42.124,61.386,117.809,121.758,65.3,57.1,29.8,95.1,65.9,84.8,93.5,84.2,93.8,90.0,93.0,14.02,5,5,5,32.43
19.27,4.0,31.541,53.763999999999996,42.181999999999995,61.463,117.72,121.713,65.3,57.1,29.8,95.1,65.9,84.8,93.5,84.2,93.8,90.0,93.0,13.316,5,5,5,32.425
19.29,4.0,31.539,53.603,42.161,61.66,117.844,121.713,65.3,57.1,29.8,95.1,65.9,84.8,93.5,84.2,93.8,90.0,93.0,14.075,5,5,5,32.426
19.31,6.0,31.205,53.323,42.189,61.705,117.70200000000001,121.684,65.3,57.1,29.8,95.1,65.9,84.8,93.5,84.2,93.8,90.0,93.0,13.552999999999999,5,5,5,32.426
19.33,6.0,31.706,53.246,42.067,56.461000000000006,117.632,121.58,65.3,57.1,29.8,95.1,65.9,84.8,93.5,84.2,93.8,90.0,93.0,13.857999999999999,5,5,5,32.414
19.35,6.0,31.563000000000002,53.31,42.001999999999995,56.695,117.61399999999999,121.565,65.3,57.1,29.8,95.1,65.9,84.8,93.5,84.2,93.8,90.0,93.0,13.752,5,5,5,32.579
19.37,6.0,31.521,53.674,42.099000000000004,44.735,117.48899999999999,121.32600000000001,65.3,57.1,29.8,95.1,65.9,84.8,93.5,84.2,93.8,90.0,93.0,13.334,5,5,5,33.329
19.39,6.0,31.658,53.827,42.041,35.068,117.454,121.475,65.3,57.1,29.8,95.1,65.9,84.8,93.5,84.2,93.8,90.0,93.0,14.149,5,5,5,34.794
19.41,6.0,31.519000000000002,53.46,41.976,28.84,117.47200000000001,121.38600000000001,65.3,57.1,29.8,95.1,65.9,84.8,93.5,84.2,93.8,90.0,93.0,13.533,5,5,5,36.242
19.43,6.0,31.27,53.376999999999995,42.153,22.663,117.34700000000001,121.431,65.3,57.1,29.8,95.1,65.9,84.8,93.5,84.2,93.8,90.0,93.0,13.911,5,5,5,37.413
19.45,6.0,31.19,53.402,42.23,52.553000000000004,117.41799999999999,121.40100000000001,65.3,57.1,29.8,95.1,65.9,84.8,93.5,84.2,93.8,90.0,93.0,13.674,5,5,5,38.30800000000001
19.47,6.0,31.425,52.674,41.983000000000004,45.334,117.311,121.25200000000001,65.3,57.1,29.8,95.1,65.9,84.8,93.5,84.2,93.8,90.0,93.0,13.519,5,5,5,38.924
19.49,6.0,31.303,52.096000000000004,41.899,54.128,117.329,121.20700000000001,65.3,57.1,29.8,95.1,65.9,84.8,93.5,84.2,93.8,90.0,93.0,14.248,5,5,5,39.307
19.51,6.0,31.624000000000002,51.838,42.123000000000005,51.988,117.204,120.95200000000001,65.3,57.1,29.8,95.1,65.9,84.8,93.5,84.2,93.8,90.0,93.0,13.517000000000001,5,5,5,39.611000000000004
19.53,6.0,31.328000000000003,51.731,42.271,63.231,117.204,120.84700000000001,65.3,57.1,29.8,95.1,65.9,84.8,93.5,84.2,93.8,90.0,93.0,13.815,5,5,5,39.825
19.55,6.0,31.453000000000003,51.321999999999996,41.942,57.495,117.007,120.681,65.3,57.1,29.8,95.1,65.9,84.8,93.5,84.2,93.8,90.0,93.0,13.861,5,5,5,39.971000000000004
19.57,6.0,31.395,50.54,42.187,51.022,117.061,120.65100000000001,65.3,57.1,29.8,95.1,65.9,84.8,93.5,84.2,93.8,90.0,93.0,14.225,5,5,5,40.168000000000006
19.59,6.0,30.851,50.758,42.209,58.253,116.95299999999999,120.56,65.3,57.1,29.8,95.1,65.9,84.8,93.5,84.2,93.8,90.0,93.0,13.459,5,5,5,40.315
19.61,6.0,31.267,50.543,42.132,57.941,116.899,120.39399999999999,65.3,57.1,29.8,95.1,65.9,84.8,93.5,84.2,93.8,90.0,93.0,14.083,5,5,5,40.424
19.63,6.0,31.142,49.718999999999994,42.122,57.912,117.025,120.439,65.3,57.1,29.8,95.1,65.9,84.8,93.5,84.2,93.8,90.0,93.0,13.746,5,5,5,40.528999999999996
19.65,6.0,31.201999999999998,49.38,42.263000000000005,54.489,116.917,120.212,65.3,57.1,29.8,95.1,65.9,84.8,93.5,84.2,93.8,90.0,93.0,13.868,5,5,5,40.623000000000005
19.67,6.0,30.776,48.753,42.336999999999996,58.25899999999999,116.791,120.258,65.3,57.1,29.8,95.1,65.9,84.8,93.5,84.2,93.8,90.0,93.0,14.165,5,5,5,40.721999999999994
19.69,6.0,30.686,49.086000000000006,42.388000000000005,56.386,116.682,120.273,65.3,57.1,29.8,95.1,65.9,84.8,93.5,84.2,93.8,90.0,93.0,13.433,5,5,5,40.85
19.71,6.0,31.176,48.313,42.211,58.864,116.773,120.15100000000001,65.3,57.1,29.8,95.1,65.9,84.8,93.5,84.2,93.8,90.0,93.0,14.01,5,5,5,40.983000000000004
19.73,6.0,30.72,48.549,42.248000000000005,57.641000000000005,116.664,120.197,65.3,57.1,29.8,95.1,65.9,84.8,93.5,84.2,93.8,90.0,93.0,13.68,5,5,5,41.16
19.75,6.0,30.772,47.972,42.189,57.651,116.501,120.10600000000001,65.3,57.1,29.8,95.1,65.9,84.8,93.5,84.2,93.8,90.0,93.0,13.838,5,5,5,41.344
19.77,6.0,30.682,47.676,42.189,58.17,116.51899999999999,120.014,65.3,57.1,29.8,95.1,65.9,84.8,93.5,84.2,93.8,90.0,93.0,14.183,5,5,5,41.504999999999995
19.79,6.0,30.627,47.812,42.256,57.885,116.501,119.92299999999999,65.3,57.1,29.8,95.1,65.9,84.8,93.5,84.2,93.8,90.0,93.0,13.434,5,5,5,41.712
19.81,6.0,31.107,47.99,41.954,61.085,116.429,119.785,65.3,57.1,29.8,95.1,65.9,84.8,93.5,84.2,93.8,90.0,93.0,14.074,5,5,5,41.911
19.83,6.0,30.76,47.465,41.986999999999995,58.676,116.338,119.87700000000001,65.3,57.1,29.8,95.1,65.9,84.8,93.5,84.2,93.8,90.0,93.0,13.752,5,5,5,42.074
19.85,6.0,30.872,47.591,42.065,59.235,116.228,119.709,65.3,57.1,29.8,95.1,65.9,84.8,93.5,84.2,93.8,90.0,93.0,13.908999999999999,5,5,5,42.301
19.87,6.0,30.863000000000003,47.306999999999995,41.861,59.391000000000005,116.21,119.73899999999999,65.3,57.1,29.8,95.1,65.9,84.8,93.5,84.2,93.8,90.0,93.0,14.204,5,5,5,42.503
19.89,6.0,30.373,48.022,42.168,58.663999999999994,116.101,119.663,65.4,57.1,29.8,94.9,65.8,84.8,93.5,84.2,93.8,90.0,93.0,13.452,5,5,5,42.703
19.91,6.0,30.89,47.57899999999999,41.971,60.527,116.155,119.678,65.4,57.1,29.8,94.9,65.8,84.8,93.5,84.2,93.8,90.0,93.0,14.056000000000001,5,5,5,42.907
19.93,6.0,30.17,47.623999999999995,42.219,61.688,116.19200000000001,119.678,65.4,57.1,29.8,94.9,65.8,84.8,93.5,84.2,93.8,90.0,93.0,13.753,5,5,5,43.086999999999996
19.95,6.0,30.093000000000004,47.428000000000004,41.951,57.303999999999995,115.97200000000001,119.571,65.4,57.1,29.8,94.9,65.8,84.8,93.5,84.2,93.8,90.0,93.0,13.875,5,5,5,43.281
19.97,6.0,30.204,47.328,42.109,58.976000000000006,115.991,119.602,65.4,57.1,29.8,94.9,65.8,84.8,93.5,84.2,93.8,90.0,93.0,14.211,5,5,5,43.497
19.99,6.0,30.133000000000003,46.873000000000005,41.826,57.855,115.954,119.51,65.4,57.1,29.8,94.9,65.8,84.8,93.5,84.2,93.8,90.0,93.0,13.445,5,5,5,43.717
20.01,6.0,30.223000000000003,47.488,41.937,60.483000000000004,115.844,119.37100000000001,65.4,57.1,29.8,94.9,65.8,84.8,93.5,84.2,93.8,90.0,93.0,14.115,5,5,5,43.946
20.03,6.0,30.345,46.88,41.959,59.918,115.881,119.387,65.4,57.1,29.8,94.9,65.8,84.8,93.5,84.2,93.8,90.0,93.0,13.698,5,5,5,44.118
20.05,6.0,29.862,46.83,41.86,63.696999999999996,115.844,119.37100000000001,65.4,57.1,29.8,94.9,65.8,84.8,93.5,84.2,93.8,90.0,93.0,13.911,5,5,5,44.298
20.07,6.0,30.334,47.044,41.906,62.177,115.734,119.402,65.4,57.1,29.8,94.9,65.8,84.8,93.5,84.2,93.8,90.0,93.0,14.237,5,5,5,44.514
20.09,6.0,30.009,47.071999999999996,41.779,59.467,115.66,119.417,65.4,57.1,29.8,94.9,65.8,84.8,93.5,84.2,93.8,90.0,93.0,13.424,5,5,5,44.662
20.11,6.0,30.037,46.95,41.676,61.168,115.734,119.294,65.4,57.1,29.8,94.9,65.8,84.8,93.5,84.2,93.8,90.0,93.0,14.084,5,5,5,44.861
20.13,6.0,29.788,46.621,41.709,62.975,115.586,119.109,65.4,57.1,29.8,94.9,65.8,84.8,93.5,84.2,93.8,90.0,93.0,13.681000000000001,5,5,5,45.039
20.15,6.0,29.58,46.224,41.828,59.363,115.54899999999999,119.06200000000001,65.4,57.1,29.8,94.9,65.8,84.8,93.5,84.2,93.8,90.0,93.0,13.883,5,5,5,45.211999999999996
20.17,6.0,29.791,46.805,41.724000000000004,62.951,115.40100000000001,119.14,65.4,57.1,29.8,94.9,65.8,84.8,93.5,84.2,93.8,90.0,93.0,14.22,5,5,5,45.421
20.19,6.0,29.73,47.037,41.748000000000005,60.18899999999999,115.494,119.04700000000001,65.4,57.1,29.8,94.9,65.8,84.8,93.5,84.2,93.8,90.0,93.0,13.463,5,5,5,45.586
20.21,6.0,30.033,46.623999999999995,41.618,60.31100000000001,115.45700000000001,118.87700000000001,65.4,57.1,29.8,94.9,65.8,84.8,93.5,84.2,93.8,90.0,93.0,14.03,5,5,5,45.814
20.23,6.0,29.8,46.354,41.593,63.63,115.25200000000001,118.83,65.4,57.1,29.8,94.9,65.8,84.8,93.5,84.2,93.8,90.0,93.0,13.664,5,5,5,46.039
20.25,6.0,29.566999999999997,46.178000000000004,41.667,59.945,115.178,118.89200000000001,65.4,57.1,29.8,94.9,65.8,84.8,93.5,84.2,93.8,90.0,93.0,13.87,5,5,5,46.23
20.27,6.0,29.432,45.883,41.516,61.478,115.197,118.92299999999999,65.4,57.1,29.8,94.9,65.8,84.8,93.5,84.2,93.8,90.0,93.0,14.189,5,5,5,46.443000000000005
20.29,6.0,29.057,45.593,41.397,62.218999999999994,115.01,118.76799999999999,65.4,57.1,29.8,94.9,65.8,84.844,93.5,84.2,93.8,90.0,93.0,13.429,5,5,5,46.663000000000004
20.31,6.0,29.15,46.028999999999996,41.508,60.621,115.04700000000001,118.76799999999999,65.4,57.1,29.8,94.9,65.8,84.868,93.5,84.2,93.8,90.0,93.0,14.062000000000001,5,5,5,46.879
20.33,6.0,29.225,46.246,41.366,63.61600000000001,114.87899999999999,118.69,65.4,57.1,29.8,94.9,65.8,84.882,93.5,84.2,93.8,90.0,93.0,13.685,5,5,5,47.073
20.35,6.0,29.178,45.823,41.47,63.129,114.935,118.69,65.4,57.1,29.8,94.9,65.8,84.89,93.5,84.2,93.8,90.0,93.0,13.894,5,5,5,47.305
20.37,6.0,29.511999999999997,45.108000000000004,41.262,61.177,114.785,118.565,65.4,57.1,29.8,94.9,65.8,84.89399999999999,93.5,84.26899999999999,93.8,90.0,93.0,14.184,5,5,5,47.536
20.39,6.0,29.039,46.294,41.489000000000004,62.761,114.823,118.565,65.4,57.1,29.8,94.9,65.8,84.89699999999999,93.5,84.32600000000001,93.8,90.0,93.05,13.432,5,5,5,47.734
20.41,6.0,28.893,45.745,41.153,61.747,114.84100000000001,118.53399999999999,65.4,57.1,29.8,94.9,65.8,84.898,93.5,84.358,93.8,90.087,93.116,14.124,5,5,5,47.911
20.43,6.0,28.789,45.781,41.211999999999996,63.715,114.823,118.51899999999999,65.4,57.1,29.8,94.9,65.8,84.899,93.5,84.377,93.8,90.137,93.153,13.68,5,5,5,48.1
20.45,6.0,28.495,45.566,41.181,66.221,114.804,118.51899999999999,65.4,57.1,29.8,94.9,65.8,84.899,93.5,84.387,93.8,90.164,93.173,13.914,5,5,5,48.269
20.47,6.0,28.733,45.827,41.255,61.528,114.635,118.425,65.4,57.1,29.8,94.9,65.8,84.9,93.5,84.393,93.8,90.18,93.185,14.214,5,5,5,48.48
20.49,6.0,28.888,45.687,41.062,62.325,114.67200000000001,118.40899999999999,65.4,57.1,29.8,94.9,65.8,84.9,93.5,84.396,93.8,90.189,93.192,13.37,5,5,5,48.701
20.51,6.0,28.404,45.816,41.128,62.03,114.559,118.34700000000001,65.4,57.1,29.8,94.9,65.8,84.9,93.5,84.398,93.8,90.194,93.195,14.025,5,5,5,48.846
20.53,6.0,28.305,45.704,41.336999999999996,63.611000000000004,114.59700000000001,118.3,65.4,57.1,29.8,94.9,65.8,84.9,93.5,84.399,93.8,90.196,93.197,13.506,5,5,5,49.053000000000004
20.55,6.0,28.313000000000002,45.891,41.162,63.71,114.33200000000001,118.331,65.4,57.1,29.8,94.9,65.8,84.9,93.5,84.399,93.8,90.19800000000001,93.199,13.386000000000001,5,5,5,49.229
20.57,6.0,28.204,45.584,41.169000000000004,64.825,114.40799999999999,118.23700000000001,65.4,57.1,29.8,94.9,65.8,84.9,93.5,84.4,93.8,90.199,93.199,12.488,5,5,5,49.394
20.59,6.0,27.881999999999998,45.501999999999995,41.329,63.143,114.389,118.14299999999999,65.4,57.1,29.8,94.9,65.8,84.9,93.5,84.4,93.8,90.199,93.2,12.696000000000002,5,5,5,49.591
20.61,6.0,28.302,45.522,41.199,62.681999999999995,114.294,118.096,65.4,57.1,29.8,94.9,65.8,84.9,93.5,84.4,93.8,90.2,93.2,12.485,5,5,5,49.768
20.63,6.0,28.248,45.335,41.091,62.483000000000004,114.181,118.096,65.4,57.1,29.8,94.9,65.8,84.9,93.5,84.4,93.8,90.2,93.2,12.039,5,5,5,49.955
20.65,6.0,27.678,45.356,40.978,65.05199999999999,114.31299999999999,118.08,65.4,57.1,29.8,94.9,65.8,84.9,93.5,84.4,93.8,90.2,93.2,12.506,5,5,5,50.150999999999996
20.67,6.0,28.173000000000002,45.368,41.189,63.34,114.161,117.93799999999999,65.4,57.1,29.8,94.9,65.8,84.9,93.5,84.4,93.8,90.2,93.2,11.902999999999999,5,5,5,50.324
20.69,6.0,28.468000000000004,45.439,40.948,63.157,114.2,117.90700000000001,65.4,57.1,29.8,94.9,65.8,84.9,93.5,84.4,93.8,90.2,93.2,11.75,5,5,5,50.513000000000005
20.71,6.0,28.590999999999998,45.161,41.075,62.156000000000006,114.12299999999999,117.875,65.4,57.1,29.8,94.9,65.8,84.9,93.5,84.4,93.8,90.2,93.2,11.843,5,5,5,50.707
20.73,6.0,27.668000000000003,45.408,41.004,60.861999999999995,114.02799999999999,117.92200000000001,65.4,57.1,29.8,94.9,65.8,84.9,93.5,84.4,93.8,90.2,93.2,11.086,5,5,5,50.891
20.75,6.0,27.924,45.191,41.179,64.606,114.02799999999999,117.82799999999999,65.4,57.1,29.8,94.9,65.8,84.9,93.5,84.4,93.8,90.2,93.2,11.432,5,5,5,51.113
20.77,6.0,28.239,44.944,40.944,61.168,113.93299999999999,117.90700000000001,65.4,57.1,29.8,94.9,65.8,84.9,93.5,84.4,93.8,90.2,93.2,11.437000000000001,5,5,5,51.326
20.79,6.0,27.756999999999998,44.931999999999995,40.937,61.449,113.79899999999999,117.749,65.4,57.1,29.8,94.9,65.8,84.9,93.5,84.4,93.8,90.2,93.2,11.053,5,5,5,51.526
20.81,6.0,27.741999999999997,45.041,40.915,62.961000000000006,113.89399999999999,117.654,65.4,57.1,29.8,94.9,65.8,84.9,93.5,84.4,93.8,90.2,93.2,11.687999999999999,5,5,5,51.773
20.83,6.0,27.959,45.141999999999996,40.968,61.0,113.85600000000001,117.654,65.4,57.1,29.8,94.9,65.8,84.9,93.5,84.4,93.8,90.2,93.2,11.123,5,5,5,51.968
20.85,6.0,27.49,44.915,41.008,63.809,113.70299999999999,117.67,65.4,57.1,29.8,94.9,65.8,84.9,93.5,84.4,93.8,90.2,93.2,11.091000000000001,5,5,5,52.199
20.87,6.0,27.498,44.821999999999996,41.094,64.578,113.76,117.495,65.4,57.1,29.8,94.9,65.8,84.9,93.5,84.4,93.8,90.2,93.2,11.311,5,5,5,52.402
20.89,6.0,27.64,44.464,40.639,61.913000000000004,113.79899999999999,117.463,65.4,57.1,29.8,94.9,65.8,84.9,93.5,84.4,93.8,90.2,93.2,10.538,5,5,5,52.571000000000005
20.91,6.0,27.638,44.294000000000004,41.059,63.04,113.645,117.368,65.4,57.1,29.8,94.9,65.8,84.9,93.5,84.4,93.8,90.2,93.2,10.962,5,5,5,52.775
20.93,6.0,27.531,44.86,40.997,62.748999999999995,113.645,117.463,65.4,57.1,29.8,94.9,65.8,84.9,93.5,84.4,93.8,90.2,93.2,10.951,5,5,5,52.926
20.95,6.0,27.605999999999998,44.928000000000004,41.054,64.619,113.53,117.384,65.4,57.1,29.8,94.9,65.8,84.9,93.5,84.4,93.8,90.2,93.2,10.616,5,5,5,53.098
20.97,6.0,27.484,44.556,40.971,67.03899999999999,113.491,117.368,65.4,57.1,29.8,94.9,65.8,84.9,93.5,84.4,93.8,90.2,93.2,11.242999999999999,5,5,5,53.301
20.99,6.0,27.147,44.418,41.168,64.14699999999999,113.43299999999999,117.257,65.4,57.1,29.8,94.9,65.8,84.9,93.5,84.4,93.8,90.2,93.2,10.84,5,5,5,53.497
21.01,6.0,27.076999999999998,43.830999999999996,40.915,63.858000000000004,113.414,117.336,65.4,57.1,29.8,94.9,65.8,84.9,93.5,84.4,93.8,90.2,93.2,10.707,5,5,5,53.668
21.03,6.0,27.425,44.304,40.988,62.826,113.47200000000001,117.241,65.4,57.1,29.8,94.9,65.8,84.9,93.5,84.4,93.8,90.2,93.2,11.074,5,5,5,53.855
21.05,6.0,26.936,44.631,41.028,64.10300000000001,113.491,117.288,65.4,57.1,29.8,94.9,65.8,84.9,93.5,84.4,93.8,90.2,93.2,10.437000000000001,5,5,5,54.06100000000001
21.07,6.0,27.078000000000003,44.3,41.014,65.87,113.43299999999999,117.12899999999999,65.4,57.1,29.8,94.9,65.8,84.9,93.5,84.4,93.8,90.2,93.2,10.735,5,5,5,54.262
21.09,6.0,26.974,43.977,40.91,65.793,113.24,117.241,65.4,57.1,29.8,94.9,65.8,84.9,93.5,84.4,93.8,90.2,93.2,10.779,5,5,5,54.403
21.11,6.0,27.046,44.438,40.825,63.848,113.35600000000001,117.161,65.4,57.1,29.8,94.9,65.8,84.9,93.5,84.4,93.8,90.2,93.2,10.347000000000001,5,5,5,54.598
21.13,6.0,26.758000000000003,43.954,40.799,64.123,113.20100000000001,117.081,65.4,57.1,29.8,94.9,65.8,84.9,93.5,84.4,93.8,90.2,93.2,10.853,5,5,5,54.81399999999999
21.15,6.0,26.993000000000002,44.185,40.966,63.385,113.14200000000001,117.01700000000001,65.4,57.1,29.8,94.9,65.8,84.9,93.5,84.4,93.8,90.2,93.2,10.629999999999999,5,5,5,54.983999999999995
21.17,6.0,26.715,43.62,40.861,67.223,113.12299999999999,117.065,65.4,57.1,29.8,94.9,65.8,84.9,93.5,84.4,93.8,90.2,93.2,10.504999999999999,5,5,5,55.201
21.19,6.0,26.809,44.022,40.900999999999996,65.33600000000001,113.02600000000001,116.87299999999999,65.4,57.1,29.8,94.9,65.8,84.9,93.5,84.4,93.8,90.2,93.2,10.984,5,5,5,55.379
21.21,6.0,26.726999999999997,43.552,40.601,64.639,112.96700000000001,116.95299999999999,65.4,57.1,29.8,94.9,65.8,84.9,93.5,84.4,93.8,90.2,93.2,10.537,5,5,5,55.578
21.23,6.0,26.831999999999997,44.268,40.919000000000004,64.947,113.065,116.889,65.4,57.1,29.8,94.9,65.8,84.9,93.5,84.4,93.8,90.2,93.2,10.558,5,5,5,55.787
21.25,6.0,26.724,44.115,40.829,62.99100000000001,112.811,116.647,65.4,57.1,29.8,94.9,65.8,84.9,93.5,84.4,93.8,90.2,93.2,10.675,5,5,5,55.995
21.27,6.0,26.846,44.215,40.946999999999996,66.124,112.869,116.744,65.4,57.1,29.8,94.9,65.8,84.9,93.5,84.4,93.8,90.2,93.2,10.193999999999999,5,5,5,56.201
21.29,6.0,26.522,44.006,40.676,65.309,112.791,116.631,65.4,57.1,29.8,94.9,65.8,84.9,93.5,84.4,93.8,90.2,93.2,10.592,5,5,5,56.445
21.31,6.0,26.339000000000002,43.679,40.749,64.566,112.791,116.631,65.4,57.1,29.8,94.9,65.8,84.9,93.5,84.4,93.8,90.2,93.2,10.612,5,5,5,56.645
21.33,6.0,26.096,43.985,40.946,65.204,112.772,116.59899999999999,65.4,57.1,29.8,94.9,65.8,84.9,93.5,84.4,93.8,90.2,93.2,10.45,5,5,5,56.85
21.35,6.0,26.194000000000003,43.964,40.859,64.685,112.49600000000001,116.53399999999999,65.4,57.1,29.8,94.9,65.8,84.9,93.5,84.4,93.8,90.2,93.2,11.026,5,5,5,57.035
21.37,6.0,26.136999999999997,43.661,40.754,66.618,112.536,116.50200000000001,65.4,57.1,29.8,94.9,65.8,84.9,93.5,84.4,93.8,90.2,93.2,10.611,5,5,5,57.225
21.39,6.0,26.31,43.686,40.909,68.89699999999999,112.516,116.421,65.4,57.1,29.8,94.9,65.8,84.9,93.5,84.4,93.8,90.2,93.2,10.504,5,5,5,57.401
21.41,6.0,26.101999999999997,43.616,40.709,66.46100000000001,112.49600000000001,116.405,65.4,57.1,29.8,94.9,65.8,84.9,93.5,84.4,93.8,90.2,93.2,10.809999999999999,5,5,5,57.652
21.43,6.0,25.796,43.898,40.792,66.106,112.319,116.324,65.4,57.1,29.8,94.9,65.8,84.9,93.5,84.4,93.8,90.2,93.2,10.182,5,5,5,57.827
21.45,6.0,26.221999999999998,44.134,40.725,65.554,112.37799999999999,116.292,65.4,57.1,29.8,94.9,65.8,84.9,93.5,84.4,93.8,90.2,93.2,10.599,5,5,5,58.01
21.47,6.0,25.88,43.675,40.791,66.652,112.339,116.21,65.4,57.1,29.8,94.9,65.8,84.9,93.5,84.4,93.8,90.2,93.2,10.719999999999999,5,5,5,58.235
21.49,6.0,26.199,43.352,40.538000000000004,68.644,112.45700000000001,116.243,65.4,57.1,29.8,94.9,65.8,84.9,93.5,84.4,93.8,90.2,93.2,10.472999999999999,5,5,5,58.465
21.51,6.0,25.46,43.539,40.749,66.16300000000001,112.339,116.178,65.4,57.1,29.8,94.9,65.8,84.9,93.5,84.4,93.8,90.2,93.2,10.658,5,5,5,58.656000000000006
21.53,6.0,25.444000000000003,42.999,40.472,66.342,112.22,116.145,65.4,57.1,29.8,94.9,65.8,84.9,93.5,84.4,93.8,90.2,93.2,10.61,5,5,5,58.863
21.55,6.0,25.607,43.634,40.766999999999996,65.75999999999999,112.37799999999999,116.09700000000001,65.4,57.1,29.8,94.9,65.8,84.9,93.5,84.4,93.8,90.2,93.2,10.625,5,5,5,59.06
21.57,6.0,25.695,42.973,40.67,66.185,112.29899999999999,116.09700000000001,65.4,57.1,29.8,94.9,65.8,84.9,93.5,84.4,93.8,90.2,93.2,10.029,5,5,5,59.231
21.59,6.0,25.8,43.574,40.717,69.64699999999999,112.061,115.999,65.4,57.1,29.8,94.9,65.8,84.9,93.5,84.4,93.8,90.2,93.2,10.311,5,5,5,59.458999999999996
21.61,6.0,25.825,42.975,40.715,67.998,112.061,116.145,65.4,57.1,29.8,94.9,65.8,84.9,93.5,84.4,93.8,90.2,93.2,10.519,5,5,5,59.687
21.63,6.0,25.51,43.415,40.723,65.863,112.021,115.95,65.4,57.1,29.8,94.9,65.8,84.9,93.5,84.4,93.8,90.2,93.2,10.205,5,5,5,59.87
21.65,6.0,25.266,42.683,40.647,66.715,112.101,115.819,65.4,57.1,29.8,94.9,65.8,84.9,93.5,84.4,93.8,90.2,93.2,10.072,5,5,5,60.11
21.67,6.0,25.474,43.172,40.728,64.994,111.98100000000001,115.96600000000001,65.4,57.1,29.8,94.9,65.8,84.9,93.5,84.4,93.8,90.2,93.2,10.451,5,5,5,60.313
21.69,6.0,25.435,43.107,40.524,68.47200000000001,111.90100000000001,115.721,65.4,57.1,29.8,94.9,65.8,84.9,93.5,84.4,93.8,90.2,93.2,10.115,5,5,5,60.597
21.71,6.0,25.47,42.938,40.648,66.13499999999999,111.921,115.77,65.4,57.1,29.8,94.9,65.8,84.9,93.5,84.4,93.8,90.2,93.2,9.994,5,5,5,60.806000000000004
21.73,6.0,25.239,42.76,40.564,65.738,111.881,115.75399999999999,65.4,57.1,29.8,94.9,65.8,84.9,93.5,84.4,93.8,90.2,93.2,10.392,5,5,5,61.031000000000006
21.75,6.0,25.09,42.724000000000004,40.733000000000004,67.05600000000001,111.90100000000001,115.836,65.4,57.1,29.8,94.9,65.8,84.9,93.5,84.4,93.8,90.2,93.2,9.953,5,5,5,61.25899999999999
21.77,6.0,25.279,43.466,40.465,64.691,111.76100000000001,115.67200000000001,65.4,57.1,29.8,94.9,65.8,84.9,93.5,84.4,93.8,90.2,93.2,9.786999999999999,5,5,5,61.467
21.79,6.0,25.242,43.397,40.613,67.602,111.54,115.75399999999999,65.4,57.1,29.8,94.9,65.8,84.9,93.5,84.4,93.8,90.2,93.2,10.09,5,5,5,61.675
21.81,6.0,25.171,42.858000000000004,40.597,68.59700000000001,111.641,115.705,65.4,57.1,29.8,94.9,65.8,84.9,93.5,84.4,93.8,90.2,93.2,9.82,5,5,5,61.872
21.83,6.0,25.006,42.835,40.662,66.412,111.62100000000001,115.541,65.4,57.1,29.8,94.9,65.8,84.9,93.5,84.4,93.8,90.2,93.2,9.618,5,5,5,62.056999999999995
21.85,6.0,25.53,42.3,40.357,66.689,111.641,115.524,65.4,57.1,29.8,94.9,65.8,84.9,93.5,84.4,93.8,90.2,93.2,9.808,5,5,5,62.272
21.87,6.0,25.000999999999998,42.675,40.676,66.376,111.741,115.639,65.4,57.1,29.8,94.9,65.8,84.9,93.5,84.4,93.8,90.2,93.2,9.864,5,5,5,62.481
21.89,6.0,24.799,42.746,40.531,67.666,111.661,115.60600000000001,65.4,57.1,29.7,94.7,65.8,84.9,93.5,84.4,93.8,90.2,93.2,9.395,5,5,5,62.68
21.91,6.0,24.666,42.559,40.591,70.202,111.46,115.541,65.4,57.1,29.7,94.7,65.8,84.9,93.5,84.4,93.8,90.2,93.2,9.802,5,5,5,62.91
21.93,6.0,24.862000000000002,42.223,40.755,68.001,111.399,115.59,65.4,57.1,29.7,94.7,65.8,84.9,93.5,84.4,93.8,90.2,93.2,9.844999999999999,5,5,5,63.111000000000004
21.95,6.0,24.623,43.019,40.59,67.69,111.44,115.508,65.4,57.1,29.7,94.7,65.8,84.9,93.5,84.4,93.8,90.2,93.2,9.294,5,5,5,63.318999999999996
21.97,6.0,24.904,42.247,40.369,66.475,111.339,115.31,65.4,57.1,29.7,94.7,65.8,84.9,93.5,84.4,93.8,90.2,93.2,9.77,5,5,5,63.523999999999994
21.99,6.0,25.064,42.191,40.385999999999996,67.30600000000001,111.419,115.359,65.4,57.1,29.7,94.7,65.8,84.9,93.5,84.4,93.8,90.2,93.2,9.948,5,5,5,63.76
22.01,6.0,24.955,41.919000000000004,40.254,69.719,111.27799999999999,115.277,65.4,57.1,29.7,94.7,65.8,84.9,93.5,84.4,93.8,90.2,93.2,9.724,5,5,5,63.95399999999999
22.03,6.0,25.002,42.793,40.564,68.34100000000001,111.197,115.39200000000001,65.4,57.1,29.7,94.7,65.8,84.9,93.5,84.4,93.8,90.2,93.2,9.748999999999999,5,5,5,64.214
22.05,6.0,24.869,42.41,40.313,67.002,111.197,115.26,65.4,57.1,29.7,94.7,65.8,84.9,93.5,84.4,93.8,90.2,93.2,10.029,5,5,5,64.439
22.07,6.0,24.717,42.32,40.562,66.848,111.197,115.227,65.4,57.1,29.7,94.7,65.8,84.9,93.5,84.4,93.8,90.2,93.2,9.748999999999999,5,5,5,64.66399999999999
22.09,6.0,24.705,42.394,40.484,66.638,111.156,115.145,65.4,57.1,29.7,94.7,65.8,84.9,93.5,84.4,93.8,90.2,93.2,9.657,5,5,5,64.908
22.11,6.0,24.303,42.667,40.417,70.406,111.176,115.095,65.4,57.1,29.7,94.7,65.8,84.9,93.5,84.4,93.8,90.2,93.2,10.181000000000001,5,5,5,65.14500000000001
22.13,6.0,24.625999999999998,41.965,40.400999999999996,68.75800000000001,111.13600000000001,115.029,65.4,57.1,29.7,94.7,65.8,84.9,93.5,84.4,93.8,90.2,93.2,9.704,5,5,5,65.339
22.15,6.0,24.394000000000002,42.181999999999995,40.571,67.421,111.075,115.211,65.4,57.1,29.7,94.7,65.8,84.9,93.5,84.4,93.8,90.2,93.2,9.568999999999999,5,5,5,65.55
22.17,6.0,24.232,42.14,40.31,68.571,111.156,115.012,65.4,57.1,29.7,94.7,65.8,84.9,93.5,84.4,93.887,90.2,93.2,10.118,5,5,5,65.727
22.19,6.0,24.581,42.249,40.445,65.88399999999999,110.993,115.012,65.4,57.1,29.7,94.7,65.8,84.9,93.5,84.4,93.937,90.2,93.2,9.722999999999999,5,5,5,65.964
22.21,6.0,24.339000000000002,42.111,40.444,69.097,110.973,114.829,65.4,57.1,29.7,94.7,65.8,84.9,93.5,84.4,93.964,90.2,93.2,9.521,5,5,5,66.173
22.23,6.0,24.428,42.178000000000004,40.407,68.199,111.095,114.81200000000001,65.4,57.1,29.7,94.7,65.8,84.9,93.5,84.4,93.98,90.2,93.2,9.683,5,5,5,66.378
22.25,6.0,24.451,42.217,40.359,67.106,110.932,114.912,65.4,57.1,29.7,94.7,65.8,84.9,93.5,84.4,93.98899999999999,90.2,93.2,9.729,5,5,5,66.576
22.27,6.0,23.834,42.238,40.533,67.642,110.891,114.946,65.4,57.1,29.7,94.7,65.8,84.9,93.5,84.4,93.994,90.2,93.2,9.365,5,5,5,66.78999999999999
22.29,6.0,24.016,41.964,40.429,65.697,110.932,114.646,65.4,57.1,29.7,94.7,65.8,84.9,93.5,84.4,93.99600000000001,90.2,93.2,9.666,5,5,5,67.032
22.31,6.0,23.848,41.826,40.402,67.792,110.87100000000001,114.87899999999999,65.4,57.1,29.7,94.7,65.8,84.9,93.5,84.4,93.998,90.2,93.2,9.727,5,5,5,67.257
22.33,6.0,23.91,41.446,40.273,70.4,110.851,114.712,65.4,57.1,29.7,94.7,65.8,84.9,93.5,84.4,93.999,90.2,93.2,9.253,5,5,5,67.47200000000001
22.35,6.0,23.803,41.936,40.341,67.186,110.789,114.86200000000001,65.4,57.1,29.7,94.7,65.8,84.9,93.5,84.4,93.999,90.2,93.2,9.696000000000002,5,5,5,67.701
22.37,6.0,23.941,41.622,40.336,67.035,110.522,114.779,65.4,57.1,29.7,94.7,65.8,84.9,93.5,84.4,94.0,90.2,93.2,9.809999999999999,5,5,5,67.902
22.39,6.0,23.705,41.798,40.278,66.40899999999999,110.70700000000001,114.478,65.4,57.1,29.7,94.7,65.8,84.9,93.5,84.4,94.0,90.2,93.2,9.294,5,5,5,68.15
22.41,6.0,23.676,41.451,40.348,67.676,110.70700000000001,114.679,65.4,57.1,29.7,94.7,65.8,84.9,93.5,84.4,94.0,90.2,93.2,9.727,5,5,5,68.402
22.43,6.0,23.505,42.09,40.245,68.071,110.604,114.461,65.4,57.1,29.7,94.7,65.8,84.9,93.5,84.4,94.0,90.2,93.2,9.872,5,5,5,68.626
22.45,6.0,23.685,41.622,40.325,67.417,110.316,114.595,65.4,57.1,29.7,94.7,65.8,84.9,93.5,84.4,94.0,90.2,93.2,9.675,5,5,5,68.856
22.47,6.0,24.058,41.748000000000005,40.175,67.899,110.44,114.495,65.4,57.1,29.7,94.7,65.8,84.9,93.5,84.4,94.0,90.2,93.2,9.668,5,5,5,69.094
22.49,6.0,23.555999999999997,41.912,40.192,65.946,110.35700000000001,114.445,65.4,57.1,29.7,94.7,65.8,84.9,93.5,84.4,94.0,90.2,93.2,10.0,5,5,5,69.31
22.51,6.0,23.442,41.663000000000004,40.086999999999996,66.952,110.398,114.32700000000001,65.4,57.1,29.7,94.7,65.8,84.9,93.5,84.4,94.0,90.2,93.2,9.51,5,5,5,69.527
22.53,6.0,23.4,41.334,40.113,70.477,110.35700000000001,114.344,65.4,57.1,29.7,94.7,65.8,84.9,93.5,84.4,94.0,90.2,93.2,10.253,5,5,5,69.729
22.55,6.0,23.305,41.441,40.277,68.756,110.25399999999999,114.37799999999999,65.4,57.1,29.7,94.7,65.8,84.9,93.5,84.4,94.0,90.2,93.2,9.811,5,5,5,69.94
22.57,6.0,23.521,41.568000000000005,40.279,66.81,110.336,114.39399999999999,65.4,57.1,29.7,94.7,65.8,84.9,93.55,84.4,94.0,90.2,93.2,9.855,5,5,5,70.137
22.59,6.0,23.247,41.597,40.188,67.11699999999999,110.15,114.361,65.4,57.1,29.7,94.7,65.8,84.9,93.616,84.4,94.0,90.2,93.2,10.234,5,5,5,70.34899999999999
22.61,6.0,23.331,40.907,40.489000000000004,66.486,110.087,114.31,65.4,57.1,29.7,94.7,65.8,84.9,93.653,84.4,94.0,90.2,93.2,9.722999999999999,5,5,5,70.58699999999999
22.63,6.0,22.717,41.763000000000005,40.407,69.958,110.06700000000001,114.26,65.4,57.1,29.7,94.7,65.8,84.9,93.673,84.4,94.0,90.2,93.2,9.956,5,5,5,70.82300000000001
22.65,6.0,23.077,41.424,40.147,68.061,110.12899999999999,114.14200000000001,65.4,57.1,29.7,94.7,65.8,84.9,93.685,84.4,94.0,90.2,93.2,10.193999999999999,5,5,5,71.049
22.67,6.0,23.065,41.365,40.296,67.247,110.171,114.193,65.4,57.1,29.7,94.7,65.8,84.9,93.692,84.4,94.0,90.2,93.2,9.741,5,5,5,71.298
22.69,6.0,22.67,41.209,40.468,68.02600000000001,110.025,114.074,65.4,57.1,29.7,94.7,65.8,84.9,93.695,84.4,94.0,90.2,93.2,10.151,5,5,5,71.53899999999999
22.71,6.0,23.545,41.243,40.349000000000004,65.017,109.921,114.05799999999999,65.4,57.1,29.7,94.7,65.8,84.9,93.697,84.4,94.0,90.2,93.2,10.132000000000001,5,5,5,71.803
22.73,6.0,22.707,41.25,40.298,68.168,109.921,114.05799999999999,65.4,57.1,29.7,94.7,65.8,84.9,93.699,84.4,94.0,90.2,93.2,10.065999999999999,5,5,5,72.064
22.75,6.0,22.658,41.278,40.32,69.256,109.941,114.074,65.4,57.1,29.7,94.7,65.8,84.9,93.699,84.4,94.0,90.2,93.2,10.631,5,5,5,72.30600000000001
22.77,6.0,23.167,40.849000000000004,40.135,66.112,109.941,114.024,65.4,57.1,29.7,94.7,65.8,84.9,93.7,84.4,94.0,90.2,93.2,10.224,5,5,5,72.572
22.79,6.0,22.683,41.302,40.075,66.195,109.941,114.074,65.4,57.1,29.7,94.7,65.8,84.9,93.7,84.4,94.0,90.2,93.2,10.145,5,5,5,72.811
22.81,6.0,22.687,41.214,40.139,65.494,109.85799999999999,113.87100000000001,65.4,57.1,29.7,94.7,65.8,84.9,93.7,84.4,94.0,90.2,93.2,10.467,5,5,5,73.05799999999999
22.83,6.0,23.021,41.036,40.238,67.088,109.837,113.973,65.4,57.1,29.7,94.7,65.8,84.9,93.7,84.4,94.0,90.2,93.2,9.799,5,5,5,73.316
22.85,6.0,22.480999999999998,41.211,40.11,69.77,109.75299999999999,113.803,65.4,57.1,29.7,94.7,65.8,84.9,93.7,84.4,94.0,90.2,93.2,10.324,5,5,5,73.55799999999999
22.87,6.0,22.442999999999998,41.152,40.177,66.61,109.795,113.837,65.4,57.1,29.7,94.7,65.8,84.9,93.7,84.4,94.0,90.2,93.2,10.309999999999999,5,5,5,73.805
22.89,6.0,22.73,40.681,40.260999999999996,66.644,109.795,113.803,65.4,57.1,29.7,94.7,65.8,84.9,93.7,84.4,94.0,90.2,93.2,9.942,5,5,5,74.03399999999999
22.91,6.0,22.512,41.092,40.232,66.162,109.648,113.905,65.4,57.1,29.7,94.7,65.8,84.9,93.7,84.4,94.0,90.2,93.2,10.369,5,5,5,74.286
22.93,6.0,22.717,41.016,40.251999999999995,67.25,109.564,113.71799999999999,65.4,57.1,29.7,94.7,65.8,84.9,93.7,84.4,94.0,90.2,93.2,10.331,5,5,5,74.558
22.95,6.0,22.285999999999998,40.722,40.001,68.343,109.75299999999999,113.736,65.4,57.1,29.7,94.7,65.8,84.9,93.7,84.4,94.0,90.2,93.2,10.178,5,5,5,74.828
22.97,6.0,22.322,40.968,40.094,68.226,109.564,113.76899999999999,65.4,57.1,29.7,94.7,65.8,84.9,93.7,84.4,94.0,90.2,93.2,10.725999999999999,5,5,5,75.075
22.99,6.0,22.378,41.193000000000005,40.388000000000005,67.483,109.648,113.65,65.4,57.1,29.7,94.7,65.8,84.9,93.7,84.4,94.0,90.2,93.2,10.306000000000001,5,5,5,75.319
23.01,6.0,21.977,40.288000000000004,40.159,66.89699999999999,109.416,113.58200000000001,65.4,57.1,29.7,94.7,65.8,84.9,93.7,84.4,94.0,90.2,93.2,10.352,5,5,5,75.61399999999999
23.03,6.0,21.706,40.808,40.129,66.983,109.395,113.59899999999999,65.4,57.1,29.7,94.7,65.8,84.9,93.7,84.4,94.0,90.2,93.2,10.504999999999999,5,5,5,75.891
23.05,6.0,22.291,40.531,40.219,70.51,109.374,113.633,65.4,57.1,29.7,94.7,65.8,84.9,93.7,84.4,94.0,90.2,93.2,9.895,5,5,5,76.142
23.07,6.0,22.121,40.598,40.03,68.661,109.416,113.565,65.4,57.1,29.7,94.7,65.8,84.9,93.7,84.4,94.0,90.2,93.2,10.356,5,5,5,76.428
23.09,6.0,22.019000000000002,40.423,39.845,66.709,109.395,113.48,65.4,57.1,29.7,94.7,65.8,84.9,93.7,84.4,94.0,90.2,93.2,10.367,5,5,5,76.671
23.11,6.0,22.072,40.205999999999996,40.128,68.477,109.395,113.37700000000001,65.4,57.1,29.7,94.7,65.8,84.9,93.7,84.4,94.0,90.2,93.2,10.104,5,5,5,76.92399999999999
23.13,6.0,21.762,40.713,40.178000000000004,65.917,109.501,113.54799999999999,65.4,57.1,29.7,94.7,65.8,84.9,93.7,84.4,94.0,90.2,93.2,10.698,5,5,5,77.184
23.15,6.0,21.988,40.45,40.3,69.835,109.24700000000001,113.36,65.4,57.1,29.7,94.7,65.8,84.9,93.7,84.4,94.0,90.2,93.2,10.347000000000001,5,5,5,77.44
23.17,6.0,21.562,40.854,40.037,68.785,109.119,113.463,65.4,57.1,29.7,94.7,65.8,84.9,93.7,84.4,94.0,90.2,93.2,10.308,5,5,5,77.696
23.19,6.0,21.574,40.256,40.06,66.989,109.141,113.36,65.4,57.1,29.7,94.7,65.8,84.9,93.7,84.4,94.0,90.2,93.2,10.725999999999999,5,5,5,77.939
23.21,6.0,21.592,39.764,40.191,68.205,109.18299999999999,113.463,65.4,57.1,29.7,94.7,65.8,84.9,93.7,84.4,94.0,90.2,93.2,10.415,5,5,5,78.203
23.23,6.0,21.502,40.384,40.223,65.748,109.311,113.274,65.4,57.1,29.7,94.7,65.8,84.9,93.7,84.4,94.0,90.2,93.2,10.276,5,5,5,78.452
23.25,6.0,21.899,40.249,40.2,68.41,109.03399999999999,113.34299999999999,65.4,57.1,29.7,94.7,65.8,84.9,93.7,84.4,94.0,90.2,93.2,10.492999999999999,5,5,5,78.7
23.27,6.0,21.774,40.106,40.063,69.423,109.119,113.24,65.4,57.1,29.7,94.7,65.8,84.9,93.7,84.4,94.0,90.2,93.2,9.928,5,5,5,78.979
23.29,6.0,21.579,40.287,40.051,66.158,109.162,113.189,65.4,57.1,29.7,94.7,65.8,84.9,93.7,84.4,94.0,90.2,93.2,10.326,5,5,5,79.196
23.31,6.0,21.391,39.967,40.045,66.753,109.07700000000001,113.085,65.4,57.1,29.7,94.7,65.8,84.9,93.7,84.4,94.0,90.2,93.2,10.341000000000001,5,5,5,79.441
23.33,6.0,21.438,39.995,39.972,65.81700000000001,108.906,113.154,65.4,57.1,29.7,94.7,65.8,84.9,93.7,84.4,94.0,90.2,93.2,10.195,5,5,5,79.682
23.35,6.0,21.062,40.242,39.885999999999996,66.873,109.03399999999999,113.12,65.4,57.1,29.7,94.7,65.8,84.9,93.7,84.4,94.0,90.2,93.2,10.774000000000001,5,5,5,79.92699999999999
23.37,6.0,21.679000000000002,39.851,39.885,69.676,108.927,113.206,65.4,57.1,29.7,94.7,65.8,84.9,93.7,84.4,94.0,90.2,93.2,10.398,5,5,5,80.187
23.39,6.0,20.739,39.795,40.010999999999996,66.564,108.84200000000001,113.085,65.4,57.1,29.7,94.7,65.8,84.9,93.7,84.4,94.0,90.2,93.2,10.264,5,5,5,80.403
23.41,6.0,21.095,40.385999999999996,39.975,67.27000000000001,109.03399999999999,112.999,65.4,57.1,29.7,94.7,65.8,84.9,93.7,84.4,94.0,90.2,93.2,10.736,5,5,5,80.661
23.43,6.0,20.756999999999998,39.699,40.137,66.19800000000001,109.03399999999999,113.12,65.4,57.1,29.7,94.7,65.8,84.9,93.7,84.4,94.0,90.2,93.2,10.233,5,5,5,80.916
23.45,6.0,20.793,39.855,40.069,67.029,108.79899999999999,113.03399999999999,65.4,57.1,29.7,94.7,65.8,84.9,93.7,84.4,94.0,90.2,93.2,10.365,5,5,5,81.145
23.47,6.0,21.192999999999998,39.611,39.994,68.658,108.885,112.87799999999999,65.4,57.1,29.7,94.7,65.8,84.9,93.7,84.4,94.0,90.2,93.2,10.502,5,5,5,81.41
23.49,6.0,21.043,40.049,40.06,67.52000000000001,108.713,112.93,65.4,57.1,29.7,94.7,65.8,84.9,93.7,84.4,94.0,90.2,93.2,9.951,5,5,5,81.643
23.51,6.0,20.802999999999997,40.004,40.042,67.261,108.60600000000001,112.913,65.4,57.1,29.7,94.7,65.8,84.9,93.7,84.4,94.0,90.2,93.2,10.384,5,5,5,81.878
23.53,6.0,20.689,39.8,40.049,66.646,108.62700000000001,112.861,65.4,57.1,29.7,94.7,65.8,84.9,93.7,84.4,94.0,90.2,93.2,10.613,5,5,5,82.082
23.55,6.0,20.694000000000003,39.655,39.911,66.291,108.60600000000001,112.844,65.4,57.1,29.7,94.7,65.8,84.9,93.7,84.4,94.0,90.2,93.2,10.064,5,5,5,82.318
23.57,6.0,20.756999999999998,39.7,39.938,70.486,108.60600000000001,112.74,65.4,57.1,29.7,94.7,65.8,84.9,93.7,84.4,94.0,90.2,93.2,10.522,5,5,5,82.563
23.59,6.0,20.798000000000002,39.495,39.911,69.314,108.541,112.775,65.4,57.1,29.7,94.7,65.8,84.9,93.7,84.4,94.0,90.2,93.2,10.568999999999999,5,5,5,82.816
23.61,6.0,20.652,39.400999999999996,39.977,66.93199999999999,108.43299999999999,112.809,65.4,57.1,29.7,94.7,65.8,84.9,93.7,84.4,94.0,90.2,93.2,10.413,5,5,5,83.021
23.63,6.0,20.502000000000002,39.611999999999995,39.89,67.911,108.368,112.809,65.4,57.1,29.7,94.7,65.8,84.9,93.7,84.4,94.0,90.2,93.2,10.893,5,5,5,83.25399999999999
23.65,6.0,20.686,39.262,39.948,65.334,108.476,112.63600000000001,65.4,57.1,29.7,94.7,65.8,84.9,93.7,84.4,94.0,90.2,93.2,10.189,5,5,5,83.51899999999999
23.67,6.0,20.792,39.528,39.792,68.769,108.238,112.63600000000001,65.4,57.1,29.7,94.7,65.8,84.9,93.7,84.4,94.0,90.2,93.2,10.623999999999999,5,5,5,83.749
23.69,6.0,20.536,39.372,40.158,67.91499999999999,108.346,112.68799999999999,65.4,57.1,29.7,94.7,65.8,84.9,93.7,84.4,94.0,90.2,93.2,10.707999999999998,5,5,5,83.976
23.71,6.0,20.091,39.289,39.955999999999996,66.708,108.368,112.671,65.4,57.1,29.7,94.7,65.8,84.9,93.7,84.4,94.0,90.2,93.2,10.41,5,5,5,84.189
23.73,6.0,20.384,39.533,39.802,67.46100000000001,108.346,112.375,65.4,57.1,29.7,94.7,65.8,84.9,93.7,84.4,94.0,90.2,93.2,11.162,5,5,5,84.431
23.75,6.0,19.714,39.198,40.053000000000004,65.78899999999999,108.346,112.514,65.4,57.1,29.7,94.7,65.8,84.9,93.7,84.4,94.0,90.2,93.2,10.7,5,5,5,84.658
23.77,6.0,20.499000000000002,39.062,39.885,67.786,108.368,112.39200000000001,65.4,57.1,29.7,94.7,65.8,84.9,93.7,84.4,94.0,90.2,93.2,10.675,5,5,5,84.92
23.79,6.0,20.297,39.318000000000005,39.884,70.572,108.10700000000001,112.601,65.4,57.1,29.7,94.7,65.8,84.9,93.7,84.4,94.0,90.2,93.2,10.82,5,5,5,85.176
23.81,6.0,20.275,39.19,39.94,66.733,108.259,112.34,65.4,57.1,29.7,94.7,65.8,84.9,93.7,84.4,94.0,90.2,93.2,10.415,5,5,5,85.37899999999999
23.83,6.0,20.164,39.288000000000004,39.663000000000004,66.40100000000001,108.21600000000001,112.287,65.4,57.1,29.7,94.7,65.8,84.9,93.7,84.4,94.0,90.2,93.2,11.025,5,5,5,85.592
23.85,6.0,19.972,39.061,39.798,65.40899999999999,108.17200000000001,112.305,65.4,57.1,29.7,94.7,65.8,84.9,93.7,84.4,94.0,90.2,93.2,10.747,5,5,5,85.85600000000001
23.87,6.0,20.109,39.068000000000005,39.645,66.36,108.06299999999999,112.305,65.4,57.1,29.7,94.7,65.8,84.9,93.7,84.4,94.0,90.2,93.2,10.664,5,5,5,86.104
23.89,6.0,20.207,39.35,39.716,68.63499999999999,108.15100000000001,112.21700000000001,65.3,57.1,29.7,94.5,65.8,84.9,93.7,84.4,94.0,90.2,93.2,10.912,5,5,5,86.343
23.91,6.0,20.017000000000003,38.977,39.778,66.456,107.99799999999999,112.21700000000001,65.3,57.1,29.7,94.5,65.8,84.9,93.7,84.4,94.0,90.2,93.2,10.27,5,5,5,86.566
23.93,6.0,20.250999999999998,38.79,39.815,66.781,108.12899999999999,112.21700000000001,65.3,57.1,29.7,94.5,65.8,84.9,93.7,84.4,94.0,90.2,93.2,10.719,5,5,5,86.81
23.95,6.0,20.14,38.903,39.695,65.576,108.17200000000001,112.06,65.3,57.1,29.7,94.5,65.8,84.9,93.7,84.4,94.0,90.2,93.2,10.76,5,5,5,87.029
23.97,6.0,20.45,38.541,39.556,66.465,107.976,112.095,65.3,57.1,29.7,94.5,65.8,84.9,93.7,84.4,94.0,90.2,93.2,10.638,5,5,5,87.279
23.99,6.0,19.930999999999997,39.053000000000004,39.84,68.774,107.845,111.90100000000001,65.3,57.1,29.7,94.5,65.8,84.9,93.7,84.4,94.0,90.2,93.2,11.037,5,5,5,87.495
24.01,6.0,19.500999999999998,38.51,39.77,67.268,108.10700000000001,112.095,65.3,57.1,29.7,94.5,65.8,84.9,93.7,84.4,94.0,90.2,93.2,10.408,5,5,5,87.73899999999999
24.03,6.0,19.396,38.819,39.72,66.67699999999999,107.91,112.07700000000001,65.3,57.1,29.7,94.5,65.8,84.9,93.7,84.4,94.0,90.2,93.2,10.707999999999998,5,5,5,87.969
24.05,6.0,19.589,39.119,39.889,66.638,107.801,111.919,65.3,57.1,29.7,94.5,65.8,84.9,93.7,84.4,94.0,90.2,93.2,10.768,5,5,5,88.185
24.07,6.0,19.449,38.510999999999996,39.845,65.793,107.867,111.954,65.3,57.1,29.7,94.5,65.8,84.9,93.7,84.4,94.0,90.2,93.2,10.446000000000002,5,5,5,88.419
24.09,6.0,19.631,38.662,39.753,70.169,107.88799999999999,111.77799999999999,65.3,57.1,29.7,94.5,65.8,84.9,93.7,84.4,94.0,90.2,93.2,11.186,5,5,5,88.634
24.11,6.0,19.445999999999998,38.701,39.753,68.611,107.801,111.831,65.3,57.1,29.7,94.5,65.8,84.9,93.7,84.4,94.0,90.2,93.2,10.699,5,5,5,88.858
24.13,6.0,19.189999999999998,38.715,39.779,67.141,107.932,111.795,65.3,57.1,29.7,94.5,65.8,84.9,93.7,84.4,94.0,90.2,93.2,10.652000000000001,5,5,5,89.062
24.15,6.0,19.404000000000003,38.366,39.684,68.34700000000001,107.691,111.954,65.3,57.1,29.7,94.5,65.8,84.9,93.7,84.4,94.0,90.2,93.2,10.888,5,5,5,89.292
24.17,6.0,19.444000000000003,38.596,39.902,65.30699999999999,107.713,111.795,65.3,57.1,29.7,94.5,65.8,84.9,93.7,84.4,94.0,90.2,93.2,10.372,5,5,5,89.532
24.19,6.0,19.646,38.2,39.491,68.535,107.602,111.742,65.3,57.1,29.7,94.5,65.8,84.9,93.7,84.4,94.0,90.2,93.2,10.994,5,5,5,89.779
24.21,6.0,19.555,38.522,39.525,68.53899999999999,107.647,111.848,65.3,57.1,29.7,94.5,65.8,84.9,93.7,84.4,94.0,90.2,93.2,10.754999999999999,5,5,5,90.001
24.23,6.0,19.484,38.693000000000005,39.597,66.327,107.691,111.63600000000001,65.3,57.1,29.7,94.5,65.8,84.9,93.7,84.4,94.0,90.2,93.2,10.677,5,5,5,90.226
24.25,6.0,19.594,38.165,39.906,67.31700000000001,107.536,111.63600000000001,65.3,57.1,29.7,94.5,65.8,84.9,93.7,84.4,94.0,90.2,93.2,10.974,5,5,5,90.446
24.27,6.0,19.070999999999998,38.086,39.711999999999996,65.56,107.536,111.618,65.3,57.1,29.7,94.5,65.8,84.9,93.7,84.4,94.0,90.2,93.2,10.341000000000001,5,5,5,90.64699999999999
24.29,6.0,18.968,37.926,39.73,67.354,107.492,111.459,65.3,57.1,29.7,94.5,65.8,84.9,93.7,84.4,94.0,90.2,93.2,10.783999999999999,5,5,5,90.918
24.31,6.0,19.0,38.226,39.574,70.46600000000001,107.492,111.654,65.3,57.1,29.7,94.5,65.8,84.9,93.7,84.4,94.0,90.2,93.2,10.812000000000001,5,5,5,91.143
24.33,6.0,19.426,37.981,39.654,66.543,107.536,111.583,65.3,57.1,29.7,94.5,65.8,84.9,93.7,84.4,94.0,90.2,93.2,10.684000000000001,5,5,5,91.367
24.35,6.0,19.014000000000003,38.347,39.437,65.957,107.40299999999999,111.654,65.3,57.1,29.7,94.5,65.8,84.9,93.7,84.4,94.0,90.2,93.2,11.154,5,5,5,91.618
24.37,6.0,19.036,38.245,39.724000000000004,65.456,107.40299999999999,111.352,65.3,57.1,29.7,94.5,65.8,84.9,93.7,84.4,94.0,90.2,93.2,10.535,5,5,5,91.822
24.39,6.0,19.008,37.78,39.816,65.926,107.337,111.565,65.3,57.1,29.7,94.5,65.8,84.9,93.7,84.4,94.0,90.2,93.2,10.870000000000001,5,5,5,92.054
24.41,6.0,19.031,37.876999999999995,39.678000000000004,68.13399999999999,107.225,111.494,65.3,57.1,29.7,94.5,65.8,84.9,93.7,84.4,94.0,90.2,93.2,10.879,5,5,5,92.277
24.43,6.0,18.955,37.933,39.633,66.753,107.225,111.281,65.3,57.1,29.7,94.5,65.8,84.9,93.7,84.4,94.0,90.2,93.2,10.547999999999998,5,5,5,92.50200000000001
24.45,6.0,18.9,38.118,39.703,66.12,107.337,111.316,65.3,57.1,29.7,94.5,65.8,84.9,93.7,84.4,94.0,90.2,93.2,11.271,5,5,5,92.736
24.47,6.0,18.905,37.966,39.556999999999995,65.78,107.11399999999999,111.37,65.3,57.1,29.7,94.5,65.8,84.9,93.7,84.4,94.0,90.2,93.2,10.826,5,5,5,92.955
24.49,6.0,18.679000000000002,37.726,39.763000000000005,65.787,107.225,111.334,65.3,57.1,29.7,94.5,65.8,84.9,93.7,84.4,94.0,90.2,93.2,10.787,5,5,5,93.196
24.51,6.0,18.667,37.289,39.711999999999996,69.072,107.225,111.26299999999999,65.3,57.1,29.7,94.5,65.8,84.9,93.7,84.4,94.0,90.2,93.2,10.748,5,5,5,93.432
24.53,6.0,18.901,37.638000000000005,39.604,67.516,107.09200000000001,111.227,65.3,57.1,29.7,94.5,65.8,84.9,93.7,84.4,94.0,90.2,93.2,10.846,5,5,5,93.62100000000001
24.55,6.0,18.855,37.525999999999996,39.589,65.963,107.04700000000001,111.352,65.3,57.1,29.7,94.5,65.8,84.9,93.7,84.4,94.0,90.2,93.2,10.656,5,5,5,93.891
24.57,7.0,18.427999999999997,38.343,39.503,66.773,107.09200000000001,111.191,65.3,57.1,29.7,94.5,65.8,84.9,93.7,84.4,94.0,90.2,93.2,11.199,5,5,5,94.111
24.59,7.0,18.558,38.041,39.738,57.928999999999995,107.13600000000001,111.191,65.3,57.1,29.7,94.5,65.8,84.9,93.7,84.4,94.0,90.2,93.2,10.783,5,5,5,94.304
24.61,7.0,18.945999999999998,37.498000000000005,39.628,47.38399999999999,107.024,111.17299999999999,65.3,57.1,29.7,94.5,65.8,84.9,93.7,84.4,94.0,90.2,93.2,10.725999999999999,5,5,5,94.557
24.63,7.0,18.564999999999998,37.34,39.482,36.754000000000005,107.024,111.26299999999999,65.3,57.1,29.7,94.5,65.8,84.9,93.7,84.4,94.0,90.2,93.2,10.799,5,5,5,94.786
24.65,7.0,18.48,37.421,39.619,30.107,106.823,111.03,65.3,57.1,29.7,94.5,65.8,84.9,93.7,84.4,94.0,90.2,93.2,10.401,5,5,5,94.978
24.67,7.0,18.152,37.604,39.582,24.71,106.89,111.012,65.3,57.1,29.7,94.5,65.8,84.9,93.7,84.4,94.0,90.2,93.2,11.132000000000001,5,5,5,95.06200000000001
24.69,7.0,18.165999999999997,37.365,39.671,17.595999999999997,106.8,110.958,65.3,57.1,29.7,94.5,65.8,84.9,93.7,84.4,94.0,90.2,93.2,10.775,5,5,5,95.119
24.71,7.0,18.430999999999997,37.078,39.501999999999995,13.275,106.867,110.976,65.3,57.1,29.7,94.5,65.8,84.9,93.7,84.4,94.0,90.2,93.2,10.657,5,5,5,95.132
24.73,7.0,18.314,37.672,39.544000000000004,10.904,106.552,110.92200000000001,65.3,57.1,29.7,94.5,65.8,84.9,93.7,84.4,94.0,90.2,93.2,10.940999999999999,5,5,5,95.12299999999999
24.75,7.0,18.537,37.008,39.484,8.625,106.574,110.742,65.3,57.1,29.7,94.5,65.8,84.9,93.7,84.4,94.0,90.2,93.2,10.294,5,5,5,95.12700000000001
24.77,7.0,18.1,37.12,39.617,7.481999999999999,106.665,110.85,65.3,57.1,29.7,94.5,65.8,84.9,93.7,84.4,94.0,90.2,93.2,10.71,5,5,5,95.12700000000001
24.79,7.0,18.387999999999998,37.162,39.457,6.686,106.59700000000001,110.68799999999999,65.3,57.1,29.7,94.5,65.8,84.9,93.7,84.4,94.0,90.2,93.2,10.781,5,5,5,95.124
24.81,7.0,18.051,36.705,39.654,6.339,106.755,110.85,65.3,57.1,29.7,94.5,65.8,84.9,93.7,84.4,94.0,90.2,93.2,10.623,5,5,5,95.13
24.83,7.0,18.241,37.274,39.566,17.680999999999997,106.665,110.868,65.3,57.1,29.7,94.5,65.8,84.9,93.7,84.4,94.0,90.2,93.2,11.053999999999998,5,5,5,95.133
24.85,7.0,18.127000000000002,37.388000000000005,39.605,13.354,106.71,110.634,65.3,57.1,29.7,94.5,65.8,84.9,93.7,84.4,94.0,90.2,93.2,10.357,5,5,5,95.133
24.87,7.0,18.227,37.301,39.529,10.353,106.68700000000001,110.67,65.3,57.1,29.7,94.5,65.8,84.9,93.7,84.4,94.0,90.2,93.2,10.731,5,5,5,95.131
24.89,7.0,17.881,36.918000000000006,39.679,8.333,106.68700000000001,110.94,65.3,57.1,29.7,94.5,65.8,84.9,93.7,84.4,94.0,90.2,93.2,10.785,5,5,5,95.12899999999999
24.91,7.0,18.012999999999998,37.251,39.634,11.231,106.777,110.85,65.3,57.1,29.7,94.5,65.8,84.9,93.7,84.4,94.0,90.2,93.2,10.532,5,5,5,95.15700000000001
24.93,7.0,17.701999999999998,37.086,39.53,9.122,106.506,110.598,65.3,57.1,29.7,94.5,65.8,84.9,93.7,84.4,94.0,90.2,93.2,11.164,5,5,5,95.20100000000001
24.95,7.0,17.312,36.758,39.384,19.262,106.574,110.58,65.3,57.1,29.7,94.5,65.8,84.9,93.7,84.4,94.0,90.2,93.2,10.742999999999999,5,5,5,95.3
24.97,7.0,17.65,37.039,39.551,20.744,106.59700000000001,110.616,65.3,57.1,29.7,94.5,65.8,84.9,93.7,84.4,94.0,90.2,93.2,10.684000000000001,5,5,5,95.5
24.99,7.0,17.425,37.114000000000004,39.556,28.055999999999997,106.39299999999999,110.48899999999999,65.3,57.1,29.7,94.5,65.8,84.9,93.7,84.4,94.0,90.2,93.2,10.843,5,5,5,95.882
25.01,7.0,17.549,37.068000000000005,39.396,26.309,106.552,110.58,65.3,57.1,29.7,94.5,65.8,84.9,93.7,84.4,94.0,90.2,93.2,10.411000000000001,5,5,5,96.445
25.03,7.0,17.695999999999998,36.509,39.519,23.147000000000002,106.484,110.54299999999999,65.3,57.1,29.7,94.5,65.8,84.9,93.7,84.4,94.0,90.2,93.2,11.088999999999999,5,5,5,97.04899999999999
25.05,7.0,17.467,36.903999999999996,39.617,20.119,106.34700000000001,110.45299999999999,65.3,57.1,29.7,94.5,65.8,84.9,93.7,84.4,94.0,90.2,93.2,10.761,5,5,5,97.618
25.07,7.0,17.54,37.138000000000005,39.429,18.532,106.39299999999999,110.434,65.3,57.1,29.7,94.5,65.8,84.9,93.7,84.4,94.0,90.2,93.2,10.648,5,5,5,98.19200000000001
25.09,7.0,17.636,37.024,39.375,19.312,106.39299999999999,110.271,65.3,57.1,29.7,94.5,65.8,84.9,93.7,84.4,94.0,90.2,93.2,10.994,5,5,5,98.75
25.11,7.0,17.820999999999998,36.953,39.343,17.878,106.39299999999999,110.398,65.3,57.1,29.7,94.5,65.8,84.9,93.7,84.4,94.0,90.2,93.2,10.297999999999998,5,5,5,99.32799999999999
25.13,7.0,17.467,36.730999999999995,39.478,18.289,106.14200000000001,110.325,65.3,57.1,29.7,94.5,65.8,84.9,93.7,84.4,94.0,90.2,93.2,10.697,5,5,5,99.84100000000001
25.15,7.0,17.479,36.792,39.508,18.647,106.18700000000001,110.36200000000001,65.3,57.1,29.7,94.5,65.8,84.9,93.7,84.4,94.0,90.2,93.2,10.751000000000001,5,5,5,100.367
25.17,7.0,17.14,36.735,39.542,18.569000000000003,106.302,110.307,65.3,57.1,29.7,94.5,65.8,84.9,93.7,84.4,94.0,90.2,93.2,10.597999999999999,5,5,5,100.88600000000001
25.19,7.0,17.378,36.474000000000004,39.525,18.93,106.324,110.289,65.3,57.1,29.7,94.5,65.8,84.9,93.7,84.4,94.0,90.2,93.2,11.056000000000001,5,5,5,101.413
25.21,7.0,16.977,36.164,39.492,18.617,106.119,110.289,65.3,57.1,29.7,94.5,65.8,84.9,93.7,84.4,94.0,90.2,93.2,10.434999999999999,5,5,5,101.94
25.23,7.0,17.415999999999997,36.277,39.461,19.087,106.302,110.289,65.3,57.1,29.7,94.5,65.8,84.9,93.7,84.4,94.0,90.2,93.2,10.728,5,5,5,102.478
25.25,7.0,17.367,35.962,39.216,15.206,106.073,110.38,65.3,57.1,29.7,94.5,65.8,84.9,93.7,84.4,94.0,90.2,93.2,10.808,5,5,5,103.02600000000001
25.27,7.0,17.22,36.637,39.416,11.741,106.119,110.198,65.3,57.1,29.7,94.5,65.8,84.9,93.7,84.4,94.0,90.2,93.2,10.523,5,5,5,103.51100000000001
25.29,7.0,16.904000000000003,36.322,39.343,9.291,105.958,110.198,65.3,57.1,29.7,94.5,65.8,84.9,93.7,84.4,94.0,90.2,93.2,11.158999999999999,5,5,5,103.88
25.31,7.0,16.517000000000003,36.46,39.313,8.031,105.681,109.868,65.3,57.1,29.7,94.5,65.8,84.9,93.7,84.4,94.0,90.2,93.2,10.682,5,5,5,104.14299999999999
25.33,7.0,17.555999999999997,36.263999999999996,39.301,6.764,105.704,109.978,65.3,57.1,29.7,94.5,65.8,84.9,93.7,84.4,94.0,90.2,93.2,10.636,5,5,5,104.26700000000001
25.35,7.0,17.012999999999998,36.292,39.427,6.167,105.565,109.99700000000001,65.3,57.1,29.7,94.5,65.8,84.9,93.7,84.4,94.0,90.2,93.2,10.779,5,5,5,104.306
25.37,7.0,16.98,36.495999999999995,39.548,5.809,105.635,110.088,65.3,57.1,29.7,94.5,65.8,84.9,93.7,84.4,94.0,90.2,93.2,10.252,5,5,5,104.32600000000001
25.39,8.0,16.905,36.699,39.347,5.396,105.728,110.088,65.3,57.1,29.7,94.5,65.8,84.9,93.7,84.4,94.0,90.2,93.2,10.962,5,5,5,104.375
25.41,8.0,16.561,37.108000000000004,39.437,5.553,105.704,110.088,65.3,57.1,29.7,94.5,65.8,84.9,93.7,84.4,94.0,90.2,93.2,10.684999999999999,5,5,5,104.419
25.43,8.0,16.613,35.849000000000004,39.169000000000004,5.64,105.589,109.92299999999999,65.3,57.1,29.7,94.5,65.8,84.9,93.7,84.4,94.0,90.2,93.2,10.561,5,5,5,104.459
25.45,8.0,16.930999999999997,35.768,39.266,5.109,105.49600000000001,109.684,65.3,57.1,29.7,94.5,65.8,84.9,93.7,84.4,94.0,90.2,93.2,10.927,5,5,5,104.478
25.47,8.0,16.517000000000003,35.991,39.381,5.361,105.426,109.73899999999999,65.3,57.1,29.7,94.5,65.8,84.9,93.7,84.4,94.0,90.2,93.2,10.158,5,5,5,104.488
25.49,8.0,16.576,36.249,39.444,5.411,105.47200000000001,109.887,65.3,57.1,29.7,94.5,65.8,84.9,93.7,84.4,94.0,90.2,93.2,10.591000000000001,5,5,5,104.491
25.51,8.0,16.792,36.367,39.167,5.198,105.309,109.573,65.3,57.1,29.7,94.5,65.8,84.9,93.7,84.4,94.0,90.2,93.2,10.657,5,5,5,104.49799999999999
25.53,8.0,16.598,36.409000000000006,39.336999999999996,4.928,105.262,109.462,65.3,57.1,29.7,94.5,65.8,84.9,93.7,84.4,94.0,90.2,93.2,10.532,5,5,5,104.501
25.55,8.0,16.154000000000003,36.288,39.394,4.822,105.286,109.573,65.3,57.1,29.7,94.5,65.8,84.9,93.7,84.4,94.0,90.2,93.2,10.272,5,5,5,104.49600000000001
25.57,8.0,16.534,35.689,39.071999999999996,5.251,105.35600000000001,109.666,65.3,57.1,29.7,94.5,65.8,84.9,93.7,84.4,94.0,90.2,93.2,10.904,5,5,5,104.493
25.59,8.0,16.185000000000002,35.495999999999995,39.263000000000005,4.787,105.16799999999999,109.62899999999999,65.3,57.1,29.7,94.5,65.8,84.9,93.7,84.4,94.0,90.2,93.2,10.454,5,5,5,104.493
25.61,8.0,16.467,35.759,39.246,4.423,105.262,109.536,65.3,57.1,29.7,94.5,65.8,84.9,93.7,84.4,94.0,90.2,93.2,10.309999999999999,5,5,5,104.49700000000001
25.63,8.0,16.349,35.661,39.321,4.929,105.309,109.721,65.3,57.1,29.7,94.5,65.8,84.9,93.7,84.4,94.0,90.2,93.2,10.747,5,5,5,104.49700000000001
25.65,8.0,16.026,35.483000000000004,39.23,4.648,105.19200000000001,109.647,65.3,57.1,29.7,94.5,65.8,84.9,93.7,84.4,94.0,90.2,93.2,10.342,5,5,5,104.5
25.67,8.0,16.375,35.769999999999996,39.26,4.868,105.23899999999999,109.555,65.3,57.1,29.7,94.5,65.8,84.9,93.7,84.4,94.0,90.2,93.2,10.276,5,5,5,104.499
25.69,8.0,16.686,35.846000000000004,39.043,4.874,105.37899999999999,109.48100000000001,65.3,57.1,29.7,94.5,65.8,84.9,93.7,84.4,94.0,90.2,93.2,10.588999999999999,5,5,5,104.505
25.71,8.0,16.137,35.795,39.228,4.873,105.145,109.62899999999999,65.3,57.1,29.7,94.5,65.8,84.9,93.7,84.4,94.0,90.2,93.2,9.957,5,5,5,104.49799999999999
25.73,8.0,16.4,35.797,39.291,4.772,105.262,109.48100000000001,65.3,57.1,29.7,94.5,65.8,84.9,93.7,84.4,94.0,90.2,93.2,10.295,5,5,5,104.50200000000001
25.75,8.0,16.383,35.448,39.071999999999996,5.03,105.19200000000001,109.51799999999999,65.3,57.1,29.7,94.5,65.8,84.9,93.7,84.4,94.0,90.2,93.2,10.407,5,5,5,104.50299999999999
25.77,8.0,16.139000000000003,35.126999999999995,39.194,5.097,105.23899999999999,109.48100000000001,65.3,57.1,29.7,94.5,65.8,84.9,93.7,84.4,94.0,90.2,93.2,9.803999999999998,5,5,5,104.506
25.79,8.0,15.855,35.501,39.215,4.959,105.35600000000001,109.314,65.3,57.1,29.7,94.5,65.8,84.9,93.7,84.4,94.0,90.2,93.2,10.271,5,5,5,104.509
25.81,8.0,15.997,35.748000000000005,39.188,4.726,105.12200000000001,109.462,65.3,57.1,29.7,94.5,65.8,84.9,93.7,84.4,94.0,90.2,93.2,10.362,5,5,5,104.51
25.83,8.0,15.954,35.918000000000006,39.114000000000004,5.128,105.33200000000001,109.369,65.3,57.1,29.7,94.5,65.8,84.9,93.7,84.4,94.0,90.2,93.2,9.862,5,5,5,104.50399999999999
25.85,8.0,15.520999999999999,35.138999999999996,39.198,5.271,105.215,109.351,65.3,57.1,29.7,94.5,65.8,84.9,93.7,84.4,94.0,90.2,93.2,10.201,5,5,5,104.509
25.87,8.0,15.552999999999999,35.43300000000001,39.376999999999995,4.979,105.262,109.351,65.3,57.1,29.7,94.5,65.8,84.9,93.7,84.4,94.0,90.2,93.2,10.24,5,5,5,104.507
25.89,8.0,15.488,35.397,39.18,4.891,105.098,109.406,65.1,57.1,29.7,94.4,65.7,84.9,93.7,84.4,94.0,90.2,93.2,10.025,5,5,5,104.507
25.91,8.0,15.630999999999998,35.464,39.036,5.059,104.98,109.33200000000001,65.1,57.1,29.7,94.4,65.7,84.9,93.7,84.4,94.0,90.2,93.2,10.588999999999999,5,5,5,104.50399999999999
25.93,8.0,15.793,35.034000000000006,39.158,5.162,105.051,109.369,65.1,57.1,29.7,94.4,65.7,84.9,93.7,84.4,94.0,90.2,93.2,10.199,5,5,5,104.506
25.95,8.0,15.761,35.164,39.272,5.027,104.95700000000001,109.462,65.1,57.1,29.7,94.4,65.7,84.9,93.7,84.4,94.0,90.2,93.2,10.099,5,5,5,104.507
25.97,8.0,16.008,34.936,39.027,4.685,105.027,109.221,65.1,57.1,29.7,94.4,65.7,84.9,93.7,84.4,94.0,90.2,93.2,10.600999999999999,5,5,5,104.506
25.99,8.0,15.640999999999998,35.181,39.228,4.935,104.91,109.33200000000001,65.1,57.1,29.7,94.4,65.7,84.9,93.7,84.4,94.0,90.2,93.2,10.197,5,5,5,104.50299999999999
26.01,8.0,15.537,34.663,39.152,5.172,104.95700000000001,109.18299999999999,65.1,57.1,29.7,94.4,65.7,84.9,93.7,84.4,94.0,90.2,93.2,10.138,5,5,5,104.5
26.03,8.0,15.855,35.128,39.14,4.818,104.88600000000001,109.258,65.1,57.1,29.7,94.4,65.7,84.9,93.7,84.4,94.0,90.2,93.2,10.449,5,5,5,104.501
26.05,8.0,15.905,34.939,39.253,4.923,104.95700000000001,109.33200000000001,65.1,57.1,29.7,94.4,65.7,84.9,93.7,84.4,94.0,90.2,93.2,9.896,5,5,5,104.505
26.07,8.0,15.888,35.061,39.14,5.062,105.051,109.27600000000001,65.1,57.1,29.7,94.4,65.7,84.9,93.7,84.4,94.0,90.2,93.2,10.131,5,5,5,104.50299999999999
26.09,8.0,15.687000000000001,34.799,39.149,4.734,104.98,109.20200000000001,65.1,57.1,29.7,94.4,65.7,84.9,93.7,84.4,94.0,90.2,93.2,10.366,5,5,5,104.50399999999999
26.11,8.0,15.722000000000001,35.063,39.168,4.982,104.91,109.071,65.1,57.1,29.7,94.4,65.7,84.9,93.7,84.4,94.0,90.2,93.2,9.716999999999999,5,5,5,104.50200000000001
26.13,8.0,15.241,35.201,39.284,5.216,104.839,109.23899999999999,65.1,57.1,29.7,94.4,65.7,84.9,93.7,84.4,94.0,90.2,93.2,10.146,5,5,5,104.50299999999999
26.15,8.0,15.618,35.397,39.208,6.52,104.95700000000001,109.071,65.1,57.1,29.7,94.4,65.7,84.9,93.7,84.4,94.0,90.2,93.2,10.229,5,5,5,104.501
26.17,8.0,15.375,34.72,39.408,6.063,104.72,109.109,65.1,57.1,29.7,94.4,65.7,84.9,93.7,84.4,94.0,90.2,93.2,9.872,5,5,5,104.508
26.19,8.0,15.148,34.706,39.304,5.963,104.72,108.94,65.1,57.1,29.7,94.4,65.7,84.9,93.7,84.4,94.0,90.2,93.2,10.113,5,5,5,104.50200000000001
26.21,8.0,15.259,35.243,39.145,6.761,104.91,108.884,65.1,57.1,29.7,94.4,65.7,84.9,93.7,84.4,94.0,90.2,93.2,10.168,5,5,5,104.505
26.23,8.0,15.267000000000001,34.908,39.361999999999995,5.975,104.696,109.109,65.1,57.1,29.7,94.4,65.7,84.9,93.7,84.4,94.0,90.2,93.2,9.991,5,5,5,104.501
26.25,8.0,15.245999999999999,34.771,39.286,5.959,104.76799999999999,109.09,65.1,57.1,29.7,94.4,65.7,84.9,93.7,84.4,94.0,90.2,93.2,10.536000000000001,5,5,5,104.505
26.27,8.0,14.886000000000001,35.052,39.303000000000004,6.921,104.839,108.94,65.1,57.1,29.7,94.4,65.7,84.9,93.7,84.4,94.0,90.2,93.2,10.248,5,5,5,104.5
26.29,8.0,15.342,34.238,39.266999999999996,7.004,104.696,109.015,65.1,57.1,29.7,94.4,65.7,84.9,93.7,84.4,94.0,90.2,93.2,10.16,5,5,5,104.501
26.31,8.0,15.327,34.837,39.330999999999996,5.994,104.86200000000001,108.846,65.1,57.1,29.7,94.4,65.7,84.9,93.7,84.4,94.0,90.2,93.2,10.536000000000001,5,5,5,104.50200000000001
26.33,8.0,15.543,34.760000000000005,39.251999999999995,5.605,104.696,108.75200000000001,65.1,57.1,29.7,94.4,65.7,84.9,93.7,84.4,94.0,90.2,93.2,10.141,5,5,5,104.50200000000001
26.35,8.0,14.868,34.721999999999994,39.396,6.514,104.36200000000001,108.715,65.1,57.1,29.7,94.4,65.7,84.9,93.7,84.4,94.0,90.2,93.2,10.175,5,5,5,104.50399999999999
26.37,8.0,15.142000000000001,34.236000000000004,39.235,6.673,104.601,108.82799999999999,65.1,57.1,29.7,94.4,65.7,84.9,93.7,84.4,94.0,90.2,93.2,10.494,5,5,5,104.50299999999999
26.39,8.0,15.283,34.336,39.143,6.079,104.601,108.79,65.1,57.1,29.7,94.4,65.7,84.9,93.7,84.4,94.0,90.2,93.2,9.981,5,5,5,104.499
26.41,8.0,15.067,34.393,39.205,6.388,104.53,108.75200000000001,65.1,57.1,29.7,94.4,65.7,84.9,93.7,84.4,94.0,90.2,93.2,10.143,5,5,5,104.50399999999999
26.43,8.0,14.959,34.337,39.438,6.634,104.506,108.65799999999999,65.1,57.1,29.7,94.4,65.7,84.9,93.7,84.4,94.0,90.2,93.2,10.379,5,5,5,104.501
26.45,8.0,14.775,34.178,39.275999999999996,5.955,104.554,108.545,65.1,57.1,29.7,94.4,65.7,84.9,93.7,84.4,94.0,90.2,93.2,9.719999999999999,5,5,5,104.50299999999999
26.47,8.0,15.002,34.228,39.114000000000004,6.336,104.338,108.715,65.1,57.1,29.7,94.4,65.7,84.9,93.7,84.4,94.0,90.2,93.2,10.158999999999999,5,5,5,104.50299999999999
26.49,8.0,14.883,34.302,38.968,6.887,104.53,108.583,65.1,57.1,29.7,94.4,65.7,84.9,93.7,84.4,94.0,90.2,93.2,10.091999999999999,5,5,5,104.506
26.51,8.0,14.575,34.387,39.059,6.742,104.36200000000001,108.583,65.1,57.1,29.7,94.4,65.7,84.9,93.7,84.4,94.0,90.2,93.2,10.269,5,5,5,104.501
26.53,8.0,14.181000000000001,33.959,39.188,6.717,104.57700000000001,108.545,65.1,57.1,29.7,94.4,65.7,84.9,93.7,84.4,94.0,90.2,93.2,10.024000000000001,5,5,5,104.5
26.55,8.0,14.785,34.249,39.137,6.82,104.434,108.39299999999999,65.1,57.1,29.7,94.4,65.7,84.9,93.7,84.4,94.0,90.2,93.2,9.518,5,5,5,104.505
26.57,8.0,14.54,34.253,39.122,6.857,104.36200000000001,108.52600000000001,65.1,57.1,29.7,94.4,65.7,84.9,93.7,84.4,94.0,90.2,93.2,9.780000000000001,5,5,5,104.5
26.59,8.0,14.468,34.039,39.107,6.4030000000000005,104.554,108.677,65.1,57.1,29.7,94.4,65.7,84.9,93.7,84.4,94.0,90.2,93.2,9.893,5,5,5,104.501
26.61,8.0,14.81,34.138000000000005,39.361999999999995,5.926,104.266,108.601,65.1,57.1,29.7,94.4,65.7,84.9,93.7,84.4,94.0,90.2,93.2,9.701,5,5,5,104.50200000000001
26.63,8.0,14.636000000000001,34.367,39.106,6.271,104.074,108.431,65.1,57.1,29.7,94.4,65.7,84.9,93.7,84.4,94.0,90.2,93.2,9.643,5,5,5,104.50200000000001
26.65,8.0,14.392000000000001,33.775999999999996,39.079,5.9399999999999995,104.29,108.45,65.1,57.1,29.7,94.4,65.7,84.9,93.7,84.4,94.0,90.2,93.2,10.083,5,5,5,104.495
26.67,8.0,14.45,34.122,39.159,5.198,104.12200000000001,108.336,65.1,57.1,29.7,94.4,65.7,84.9,93.7,84.4,94.0,90.2,93.2,9.577,5,5,5,104.49799999999999
26.69,8.0,14.787,34.144000000000005,39.139,5.2,104.17,108.431,65.1,57.1,29.7,94.4,65.7,84.9,93.7,84.4,94.0,90.2,93.2,9.45,5,5,5,104.501
26.71,8.0,14.556000000000001,34.120999999999995,39.010999999999996,4.87,104.29,108.26,65.1,57.1,29.7,94.4,65.7,84.9,93.7,84.4,94.0,90.2,93.2,9.538,5,5,5,104.50299999999999
26.73,8.0,14.125,33.983000000000004,39.153,4.793,104.17,108.29799999999999,65.1,57.1,29.7,94.4,65.7,84.9,93.7,84.4,94.0,90.2,93.2,9.584,5,5,5,104.50399999999999
26.75,8.0,14.292,33.95,39.24,5.282,104.12200000000001,108.26,65.1,57.1,29.7,94.4,65.7,84.9,93.7,84.4,94.0,90.2,93.2,9.087,5,5,5,104.49799999999999
26.77,8.0,14.06,33.827,39.165,4.985,104.025,108.336,65.1,57.1,29.7,94.4,65.7,84.9,93.7,84.4,94.0,90.2,93.2,9.437000000000001,5,5,5,104.501
26.79,8.0,14.174,33.969,39.226,5.316,103.977,108.10799999999999,65.1,57.1,29.7,94.4,65.7,84.9,93.7,84.4,94.0,90.2,93.2,9.663,5,5,5,104.499
26.81,8.0,14.572000000000001,33.947,38.946,5.069,103.95299999999999,108.07,65.1,57.1,29.7,94.4,65.7,84.9,93.7,84.4,94.0,90.2,93.2,9.531,5,5,5,104.50200000000001
26.83,8.0,13.993,33.32,39.26,4.954,103.929,108.12700000000001,65.1,57.1,29.7,94.4,65.7,84.9,93.7,84.4,94.0,90.2,93.2,9.353,5,5,5,104.50200000000001
26.85,8.0,14.006,33.478,39.266,5.063,103.904,108.12700000000001,65.1,57.1,29.7,94.4,65.7,84.9,93.7,84.4,94.0,90.2,93.2,9.887,5,5,5,104.501
26.87,8.0,13.923,34.090999999999994,39.23,4.81,103.929,108.012,65.1,57.1,29.7,94.4,65.7,84.9,93.7,84.4,94.0,90.2,93.2,9.383,5,5,5,104.501
26.89,8.0,14.407,33.657,39.018,4.641,104.074,108.07,65.1,57.1,29.7,94.4,65.7,84.9,93.7,84.4,94.0,90.2,93.2,9.143,5,5,5,104.50200000000001
26.91,8.0,13.917,33.721999999999994,39.189,4.536,103.88,108.12700000000001,65.1,57.1,29.7,94.4,65.7,84.9,93.7,84.4,94.0,90.2,93.2,9.381,5,5,5,104.501
26.93,8.0,14.265,33.730999999999995,39.074,4.524,103.807,107.936,65.1,57.1,29.7,94.4,65.7,84.9,93.7,84.4,94.0,90.2,93.2,9.483,5,5,5,104.49600000000001
26.95,8.0,13.655,33.773,39.114000000000004,4.749,103.88,107.78200000000001,65.1,57.1,29.7,94.4,65.7,84.9,93.7,84.4,94.0,90.2,93.2,8.965,5,5,5,104.5
26.97,8.0,13.821,33.603,38.992,4.591,103.977,107.916,65.1,57.1,29.7,94.4,65.7,84.9,93.7,84.4,94.0,90.2,93.2,9.370000000000001,5,5,5,104.5
26.99,8.0,14.031,33.962,38.853,4.539,103.83200000000001,107.993,65.1,57.1,29.7,94.4,65.7,84.9,93.7,84.4,94.0,90.2,93.2,9.676,5,5,5,104.49700000000001
27.01,8.0,14.183,33.480999999999995,39.2,4.829,103.807,108.012,65.1,57.1,29.7,94.4,65.7,84.9,93.7,84.4,94.0,90.2,93.2,9.419,5,5,5,104.506
27.03,8.0,14.133,33.275999999999996,39.239000000000004,4.884,103.661,107.897,65.1,57.1,29.7,94.4,65.7,84.9,93.7,84.4,94.0,90.2,93.2,9.259,5,5,5,104.50299999999999
27.05,8.0,13.917,33.055,39.203,5.058,103.85600000000001,107.936,65.1,57.1,29.7,94.4,65.7,84.9,93.7,84.4,94.0,90.2,93.2,9.676,5,5,5,104.499
27.07,8.0,13.681000000000001,33.431,39.221,5.483,103.637,107.87799999999999,65.1,57.1,29.7,94.4,65.7,84.9,93.7,84.4,94.0,90.2,93.2,9.346,5,5,5,104.50299999999999
27.09,8.0,13.533,33.225,39.010999999999996,5.337,103.759,107.936,65.1,57.1,29.7,94.4,65.7,84.9,93.7,84.4,94.0,90.2,93.2,8.994,5,5,5,104.505
27.11,8.0,13.66,33.41,39.205,5.487,103.71,108.012,65.1,57.1,29.7,94.4,65.7,84.9,93.7,84.4,94.0,90.2,93.2,9.32,5,5,5,104.508
27.13,8.0,13.4,33.219,39.145,5.308,103.637,107.82,65.1,57.1,29.7,94.4,65.7,84.9,93.7,84.4,94.0,90.2,93.2,9.382,5,5,5,104.49799999999999
27.15,8.0,13.37,32.906,39.196999999999996,5.367,103.637,107.76299999999999,65.1,57.1,29.7,94.4,65.7,84.9,93.7,84.4,94.0,90.2,93.2,9.172,5,5,5,104.50200000000001
27.17,8.0,13.458,33.445,39.104,5.378,103.734,107.897,65.1,57.1,29.7,94.4,65.7,84.9,93.7,84.4,94.0,90.2,93.2,9.283000000000001,5,5,5,104.505
27.19,8.0,13.965,33.370999999999995,39.161,4.994,103.514,107.897,65.1,57.1,29.7,94.4,65.7,84.9,93.7,84.4,94.0,90.2,93.2,9.649000000000001,5,5,5,104.5
27.21,8.0,13.965,33.22,39.075,4.552,103.39200000000001,107.801,65.1,57.1,29.7,94.4,65.7,84.9,93.7,84.4,94.0,90.2,93.2,9.327,5,5,5,104.501
27.23,8.0,13.774,32.724000000000004,39.102,4.799,103.588,107.78200000000001,65.1,57.1,29.7,94.4,65.7,84.9,93.7,84.4,94.0,90.2,93.2,9.181999999999999,5,5,5,104.499
27.25,8.0,13.683,33.323,39.039,4.723,103.367,107.76299999999999,65.1,57.1,29.7,94.4,65.7,84.9,93.7,84.4,94.0,90.2,93.2,9.286999999999999,5,5,5,104.501
27.27,8.0,13.61,33.391,38.85,4.734,103.465,107.801,65.1,57.1,29.7,94.4,65.7,84.9,93.7,84.4,94.0,90.2,93.2,9.350999999999999,5,5,5,104.50200000000001
27.29,8.0,13.211,32.976,39.006,4.687,103.514,107.801,65.1,57.1,29.7,94.4,65.7,84.9,93.7,84.4,94.0,90.2,93.2,8.954,5,5,5,104.49799999999999
27.31,8.0,13.226,33.0,39.075,4.669,103.441,107.72399999999999,65.1,57.1,29.7,94.4,65.7,84.9,93.7,84.4,94.0,90.2,93.2,9.317,5,5,5,104.50299999999999
27.33,8.0,13.176,33.573,39.273,5.091,103.61200000000001,107.666,65.1,57.1,29.7,94.4,65.7,84.9,93.7,84.4,94.0,90.2,93.2,9.48,5,5,5,104.49799999999999
27.35,8.0,13.162,33.132,38.891,4.815,103.514,107.62799999999999,65.1,57.1,29.7,94.4,65.7,84.9,93.7,84.4,94.0,90.2,93.2,9.283999999999999,5,5,5,104.501
27.37,8.0,13.396,33.004999999999995,39.08,4.876,103.39200000000001,107.531,65.1,57.1,29.7,94.4,65.7,84.9,93.7,84.4,94.0,90.2,93.2,9.321000000000002,5,5,5,104.505
27.39,8.0,12.781,33.06699999999999,39.106,5.054,103.416,107.609,65.1,57.1,29.7,94.4,65.7,84.9,93.7,84.4,94.0,90.2,93.2,9.764,5,5,5,104.50200000000001
27.41,8.0,12.916,33.088,38.978,4.899,103.416,107.609,65.1,57.1,29.7,94.4,65.7,84.9,93.7,84.4,94.0,90.2,93.2,9.311,5,5,5,104.50299999999999
27.43,8.0,13.22,32.906,39.157,5.051,103.367,107.57,65.1,57.1,29.7,94.4,65.7,84.9,93.7,84.4,94.0,90.2,93.2,9.125,5,5,5,104.50200000000001
27.45,8.0,12.986,33.109,39.078,4.896,103.441,107.473,65.1,57.1,29.7,94.4,65.7,84.9,93.7,84.4,94.0,90.2,93.2,9.315000000000001,5,5,5,104.509
27.47,8.0,13.429,32.649,39.102,5.034,103.367,107.666,65.1,57.1,29.7,94.4,65.7,84.9,93.7,84.4,94.0,90.2,93.2,9.228,5,5,5,104.49600000000001
27.49,8.0,13.122,32.666,39.228,5.095,103.26899999999999,107.589,65.1,57.1,29.7,94.4,65.7,84.9,93.7,84.4,94.0,90.2,93.2,9.463999999999999,5,5,5,104.499
27.51,8.0,12.817,33.063,39.21,4.955,103.367,107.473,65.1,57.1,29.7,94.4,65.7,84.9,93.7,84.4,94.0,90.2,93.2,9.76,5,5,5,104.506
27.53,8.0,13.039,32.674,39.126999999999995,4.918,103.441,107.337,65.1,57.1,29.7,94.4,65.7,84.9,93.7,84.4,94.0,90.2,93.2,9.724,5,5,5,104.50399999999999
27.55,8.0,13.482999999999999,32.32,39.001,5.029,103.096,107.20100000000001,65.1,57.1,29.7,94.4,65.7,84.9,93.7,84.4,94.0,90.2,93.2,10.165,5,5,5,104.50299999999999
27.57,8.0,13.232000000000001,33.042,39.077,4.902,103.244,107.20100000000001,65.1,57.1,29.7,94.4,65.7,84.9,93.7,84.4,94.0,90.2,93.2,9.844,5,5,5,104.499
27.59,8.0,13.335,32.319,38.957,4.822,103.021,107.26,65.1,57.1,29.7,94.4,65.7,84.9,93.7,84.4,94.0,90.2,93.2,10.713999999999999,5,5,5,104.499
27.61,8.0,12.649000000000001,32.684,39.175,4.86,103.046,107.221,65.1,57.1,29.7,94.4,65.7,84.9,93.7,84.4,94.0,90.2,93.2,10.048,5,5,5,104.49799999999999
27.63,8.0,12.934000000000001,32.944,39.071999999999996,5.206,103.17,107.24,65.1,57.1,29.7,94.4,65.7,84.9,93.7,84.4,94.0,90.2,93.2,10.508,5,5,5,104.499
27.65,8.0,12.690000000000001,32.412,39.05,4.803,103.12,107.434,65.1,57.1,29.7,94.4,65.7,84.9,93.7,84.4,94.0,90.2,93.2,10.663,5,5,5,104.494
27.67,8.0,12.916,32.239999999999995,39.021,5.01,103.071,107.24,65.1,57.1,29.7,94.4,65.7,84.9,93.7,84.4,94.0,90.2,93.2,10.604,5,5,5,104.501
27.69,8.0,13.298,32.281,38.882,5.099,103.021,107.318,65.1,57.1,29.7,94.4,65.7,84.9,93.7,84.4,94.0,90.2,93.2,10.852,5,5,5,104.49799999999999
27.71,8.0,12.721,32.004000000000005,39.053000000000004,4.045,103.12,107.35700000000001,65.1,57.1,29.7,94.4,65.7,84.9,93.7,84.4,94.0,90.2,93.2,10.469999999999999,5,5,5,104.501
27.73,8.0,12.656,32.572,39.271,4.391,102.897,107.318,65.1,57.1,29.7,94.4,65.7,84.9,93.7,84.4,94.0,90.2,93.2,11.297999999999998,5,5,5,104.49700000000001
27.75,8.0,13.023,32.28,38.978,5.522,102.971,107.182,65.1,57.1,29.7,94.4,65.7,84.9,93.7,84.4,94.0,90.2,93.2,10.51,5,5,5,104.494
27.77,8.0,13.491,32.260999999999996,38.931,4.934,103.071,107.221,65.1,57.1,29.7,94.4,65.7,84.9,93.7,84.4,94.0,90.2,93.2,10.873999999999999,5,5,5,104.49600000000001
27.79,8.0,12.727,32.204,39.155,4.836,102.87200000000001,107.02600000000001,65.1,57.1,29.7,94.4,65.7,84.9,93.7,84.4,94.0,90.2,93.2,11.030000000000001,5,5,5,104.501
27.81,8.0,12.541,31.906,39.005,5.01,102.92200000000001,107.14299999999999,65.1,57.1,29.7,94.4,65.7,84.9,93.7,84.4,94.0,90.2,93.2,11.009,5,5,5,104.501
27.83,8.0,12.535,32.334,38.918,4.676,102.84700000000001,107.084,65.1,57.1,29.7,94.4,65.7,84.9,93.7,84.4,94.0,90.2,93.2,11.177,5,5,5,104.494
27.85,8.0,12.621,31.836,38.964,4.719,103.12,107.14299999999999,65.1,57.1,29.7,94.4,65.7,84.9,93.7,84.4,94.0,90.2,93.2,10.870000000000001,5,5,5,104.501
27.87,8.0,12.402999999999999,31.844,39.001999999999995,4.934,103.021,106.88799999999999,65.1,57.1,29.7,94.4,65.7,84.9,93.7,84.4,94.0,90.2,93.2,11.54,5,5,5,104.501
27.89,8.0,12.518,32.339,38.992,4.968,102.971,107.29899999999999,64.9,57.1,29.7,94.3,65.9,84.9,93.7,84.4,94.0,90.2,93.2,10.683,5,5,5,104.50200000000001
27.91,8.0,12.92,32.038,38.976,5.189,102.971,107.065,64.9,57.1,29.7,94.3,65.9,84.9,93.7,84.4,94.0,90.2,93.2,11.344999999999999,5,5,5,104.49799999999999
27.93,8.0,12.432,31.969,38.786,4.687,102.92200000000001,107.12299999999999,64.9,57.1,29.7,94.3,65.9,84.9,93.7,84.4,94.0,90.2,93.2,11.215,5,5,5,104.49700000000001
27.95,8.0,12.293,31.85,38.986,4.672,102.772,107.20100000000001,64.9,57.1,29.7,94.3,65.9,84.9,93.7,84.4,94.0,90.2,93.2,11.152000000000001,5,5,5,104.49700000000001
27.97,8.0,12.529,32.208,38.965,4.794,102.74700000000001,106.88799999999999,64.9,57.1,29.7,94.3,65.9,84.9,93.7,84.4,94.0,90.2,93.2,11.337,5,5,5,104.49600000000001
27.99,8.0,12.14,32.233000000000004,38.998000000000005,4.573,103.071,106.88799999999999,64.9,57.1,29.7,94.3,65.9,84.9,93.7,84.4,94.0,90.2,93.2,11.064,5,5,5,104.50299999999999
28.01,8.0,12.571000000000002,32.111999999999995,39.028,5.109,102.87200000000001,106.96700000000001,64.9,57.1,29.7,94.3,65.9,84.9,93.7,84.4,94.0,90.2,93.2,11.546,5,5,5,104.50200000000001
28.03,8.0,12.509,31.875,38.931,4.786,102.92200000000001,106.947,64.9,57.1,29.7,94.3,65.9,84.9,93.7,84.4,94.0,90.2,93.2,10.836,5,5,5,104.50299999999999
28.05,8.0,11.899000000000001,32.215999999999994,39.023,4.752,102.79700000000001,107.006,64.9,57.1,29.7,94.3,65.9,84.9,93.7,84.4,94.0,90.2,93.2,11.611,5,5,5,104.49799999999999
28.07,8.0,12.440000000000001,32.281,38.883,4.857,102.697,106.90799999999999,64.9,57.1,29.7,94.3,65.9,84.9,93.7,84.4,94.0,90.2,93.2,11.283,5,5,5,104.49799999999999
28.09,8.0,12.402000000000001,31.820999999999998,38.913000000000004,4.716,102.67200000000001,106.67200000000001,64.9,57.1,29.7,94.3,65.9,84.9,93.7,84.4,94.0,90.2,93.2,11.254,5,5,5,104.50200000000001
28.11,8.0,12.137,31.587,38.908,4.866,102.92200000000001,106.751,64.9,57.1,29.7,94.3,65.9,84.9,93.7,84.4,94.0,90.2,93.2,11.395,5,5,5,104.49700000000001
28.13,8.0,12.164,31.734,38.937,4.705,102.59700000000001,106.77,64.9,57.1,29.7,94.3,65.9,84.9,93.7,84.4,94.0,90.2,93.2,11.187999999999999,5,5,5,104.499
28.15,8.0,12.087,32.137,38.885999999999996,4.662,102.647,106.77,64.9,57.1,29.7,94.3,65.9,84.9,93.7,84.4,94.0,90.2,93.2,11.558,5,5,5,104.499
28.17,8.0,12.265,31.255,38.86,4.826,102.67200000000001,106.77,64.9,57.1,29.7,94.3,65.9,84.9,93.7,84.4,94.0,90.2,93.2,10.940000000000001,5,5,5,104.50299999999999
28.19,8.0,12.369,31.816,39.005,4.715,102.546,106.751,64.9,57.1,29.7,94.3,65.9,84.9,93.7,84.4,94.0,90.2,93.2,11.763,5,5,5,104.50399999999999
28.21,8.0,11.803,31.789,38.867,4.27,102.772,106.67200000000001,64.9,57.1,29.7,94.3,65.9,84.9,93.7,84.4,94.0,90.2,93.2,11.332999999999998,5,5,5,104.506
28.23,8.0,12.39,31.711,38.919000000000004,4.544,102.67200000000001,106.69200000000001,64.9,57.1,29.7,94.3,65.9,84.9,93.7,84.4,94.0,90.2,93.2,11.324,5,5,5,104.50399999999999
28.25,8.0,12.228,31.679000000000002,38.954,4.844,102.59700000000001,106.59299999999999,64.9,57.1,29.7,94.3,65.9,84.9,93.7,84.4,94.0,90.2,93.2,11.377,5,5,5,104.499
28.27,8.0,12.332999999999998,31.774,38.815,5.037,102.697,106.652,64.9,57.1,29.7,94.3,65.9,84.9,93.7,84.4,94.0,90.2,93.2,11.222999999999999,5,5,5,104.5
28.29,8.0,11.822,31.615,38.859,5.217,102.62200000000001,106.67200000000001,64.9,57.1,29.7,94.3,65.9,84.9,93.7,84.4,94.0,90.2,93.2,11.571000000000002,5,5,5,104.5
28.31,8.0,11.582,31.993000000000002,38.885,5.054,102.49600000000001,106.53399999999999,64.9,57.1,29.7,94.3,65.9,84.9,93.7,84.4,94.0,90.2,93.2,11.009,5,5,5,104.49700000000001
28.33,8.0,11.744,31.784000000000002,38.974000000000004,4.891,102.62200000000001,106.514,64.9,57.1,29.7,94.3,65.9,84.9,93.7,84.4,94.0,90.2,93.2,11.786000000000001,5,5,5,104.5
28.35,8.0,11.92,31.377,38.975,4.866,102.647,106.494,64.9,57.1,29.7,94.3,65.9,84.9,93.7,84.4,94.0,90.2,93.2,11.079,5,5,5,104.499
28.37,8.0,11.713,31.546,38.933,4.717,102.571,106.53399999999999,64.9,57.1,29.7,94.3,65.9,84.9,93.7,84.4,94.0,90.2,93.2,11.370000000000001,5,5,5,104.506
28.39,8.0,11.717,31.730999999999998,38.818000000000005,5.138,102.62200000000001,106.415,64.9,57.1,29.7,94.3,65.9,84.9,93.7,84.4,94.0,90.2,93.2,11.422999999999998,5,5,5,104.50299999999999
28.41,8.0,11.904,31.803,38.905,4.843,102.546,106.573,64.9,57.1,29.7,94.3,65.9,84.9,93.7,84.4,94.0,90.2,93.2,11.24,5,5,5,104.50200000000001
28.43,8.0,11.75,31.391,39.012,4.798,102.42,106.455,64.9,57.1,29.7,94.3,65.9,84.9,93.7,84.4,94.0,90.2,93.2,11.49,5,5,5,104.49600000000001
28.45,8.0,11.328,31.451999999999998,38.995,4.709,102.42,106.47399999999999,64.9,57.1,29.7,94.3,65.9,84.9,93.7,84.4,94.0,90.2,93.2,11.082999999999998,5,5,5,104.49600000000001
28.47,8.0,11.437000000000001,31.37,38.933,4.742,102.571,106.355,64.9,57.1,29.7,94.3,65.9,84.9,93.7,84.4,94.0,90.2,93.2,11.364,5,5,5,104.50299999999999
28.49,8.0,11.503,31.229,39.094,4.826,102.471,106.455,64.9,57.1,29.7,94.3,65.9,84.9,93.7,84.4,94.0,90.2,93.2,11.79,5,5,5,104.501
28.51,8.0,11.793,31.38,38.942,4.903,102.49600000000001,106.514,64.9,57.1,29.7,94.3,65.9,84.9,93.7,84.4,94.0,90.2,93.2,11.541,5,5,5,104.501
28.53,8.0,11.795,30.983,38.919000000000004,4.982,102.42,106.355,64.9,57.1,29.7,94.3,65.9,84.9,93.7,84.4,94.0,90.2,93.2,12.045,5,5,5,104.495
28.55,8.0,11.646,31.265,38.91,5.095,102.243,106.27600000000001,64.9,57.1,29.7,94.3,65.9,84.9,93.7,84.4,94.0,90.2,93.2,12.003,5,5,5,104.50299999999999
28.57,8.0,11.201,31.066,38.88,5.458,102.167,106.016,64.9,57.1,29.7,94.3,65.9,84.9,93.7,84.4,94.0,90.2,93.2,12.025,5,5,5,104.49600000000001
28.59,8.0,11.697,31.083000000000002,38.914,5.16,102.294,106.27600000000001,64.9,57.1,29.7,94.3,65.9,84.9,93.7,84.4,94.0,90.2,93.2,12.73,5,5,5,104.499
28.61,8.0,11.247,30.691999999999997,38.806,5.226,102.345,106.316,64.9,57.1,29.7,94.3,65.9,84.9,93.7,84.4,94.0,90.2,93.2,12.044,5,5,5,104.50399999999999
28.63,8.0,11.408,31.239,39.006,4.97,102.167,106.13600000000001,64.9,57.1,29.7,94.3,65.9,84.9,93.7,84.4,94.0,90.2,93.2,12.814,5,5,5,104.50399999999999
28.65,8.0,10.889,31.125,38.735,5.326,102.243,106.256,64.9,57.1,29.7,94.3,65.9,84.9,93.7,84.4,94.0,90.2,93.2,12.427,5,5,5,104.501
28.67,8.0,11.573,30.805999999999997,39.031,4.826,102.116,106.395,64.9,57.1,29.7,94.3,65.9,84.9,93.7,84.4,94.0,90.2,93.2,12.785,5,5,5,104.50399999999999
28.69,8.0,10.75,30.962,38.975,4.742,101.963,106.236,64.9,57.1,29.7,94.3,65.9,84.9,93.7,84.4,94.0,90.2,93.2,12.678,5,5,5,104.501
28.71,8.0,10.95,30.969,38.96,4.88,101.93799999999999,106.07600000000001,64.9,57.1,29.7,94.3,65.9,84.9,93.7,84.4,94.0,90.2,93.2,12.811,5,5,5,104.50399999999999
28.73,8.0,10.712,30.91,38.876,5.017,101.93799999999999,106.395,64.9,57.1,29.7,94.3,65.9,84.9,93.7,84.4,94.0,90.2,93.2,13.283,5,5,5,104.50200000000001
28.75,8.0,11.129999999999999,31.048000000000002,38.988,4.893,102.193,106.415,64.9,57.1,29.7,94.3,65.9,84.9,93.7,84.4,94.0,90.2,93.2,12.524000000000001,5,5,5,104.49700000000001
28.77,8.0,10.869,31.287,38.856,4.856,102.09100000000001,106.116,64.9,57.1,29.7,94.3,65.9,84.9,93.7,84.4,94.0,90.2,93.2,13.363999999999999,5,5,5,104.501
28.79,8.0,11.15,30.971,38.942,5.027,101.93799999999999,106.096,64.9,57.1,29.7,94.3,65.9,84.9,93.7,84.4,94.0,90.2,93.2,12.812000000000001,5,5,5,104.5
28.81,8.0,11.129999999999999,30.888,38.88,4.771,102.167,106.056,64.9,57.1,29.7,94.3,65.9,84.9,93.7,84.4,94.0,90.2,93.2,13.18,5,5,5,104.49600000000001
28.83,8.0,11.285,31.078000000000003,39.088,4.75,102.243,106.21600000000001,64.9,57.1,29.7,94.3,65.9,84.9,93.7,84.4,94.0,90.2,93.2,13.017999999999999,5,5,5,104.5
28.85,8.0,11.004999999999999,30.511999999999997,38.852,4.773,102.14200000000001,106.036,64.9,57.1,29.7,94.3,65.9,84.9,93.7,84.4,94.0,90.2,93.2,13.198,5,5,5,104.499
28.87,8.0,10.568,30.829,38.744,4.774,102.09100000000001,105.936,64.9,57.1,29.7,94.3,65.9,84.9,93.7,84.4,94.0,90.2,93.2,13.482000000000001,5,5,5,104.495
28.89,8.0,10.812000000000001,30.476999999999997,38.931,4.497,101.963,106.13600000000001,64.9,57.1,29.7,94.3,65.9,84.9,93.7,84.4,94.0,90.2,93.2,12.763,5,5,5,104.501
28.91,8.0,10.948,30.745,38.833,4.584,102.193,105.876,64.9,57.1,29.7,94.3,65.9,84.9,93.7,84.4,94.0,90.2,93.2,13.559,5,5,5,104.499
28.93,8.0,10.609,30.944000000000003,38.733000000000004,4.807,101.963,105.836,64.9,57.1,29.7,94.3,65.9,84.9,93.7,84.4,94.0,90.2,93.2,12.998999999999999,5,5,5,104.501
28.95,8.0,11.269,30.302,38.858000000000004,4.844,101.912,106.036,64.9,57.1,29.7,94.3,65.9,84.9,93.7,84.4,94.0,90.2,93.2,13.408999999999999,5,5,5,104.50200000000001
28.97,8.0,10.425,30.541,38.693000000000005,4.684,101.63,105.775,64.9,57.1,29.7,94.3,65.9,84.9,93.7,84.4,94.0,90.2,93.2,13.152000000000001,5,5,5,104.5
28.99,8.0,10.948,30.499000000000002,38.964,4.535,101.81,105.67399999999999,64.9,57.1,29.7,94.3,65.9,84.9,93.7,84.4,94.0,90.2,93.2,13.317,5,5,5,104.495
29.01,8.0,10.656,30.075,38.758,4.912,102.065,106.036,64.9,57.1,29.7,94.3,65.9,84.9,93.7,84.4,94.0,90.2,93.2,13.594,5,5,5,104.495
29.03,8.0,10.682,30.509,38.863,4.911,101.835,105.896,64.9,57.1,29.7,94.3,65.9,84.9,93.7,84.4,94.0,90.2,93.2,13.008,5,5,5,104.49600000000001
29.05,8.0,10.859,30.514,38.874,4.608,101.81,105.775,64.9,57.1,29.7,94.3,65.9,84.9,93.7,84.4,94.0,90.2,93.2,13.729,5,5,5,104.5
29.07,8.0,11.016,30.726,38.650999999999996,4.849,101.681,105.876,64.9,57.1,29.7,94.3,65.9,84.9,93.7,84.4,94.0,90.2,93.2,13.029,5,5,5,104.506
29.09,8.0,10.370000000000001,30.315,38.902,4.717,101.835,105.956,64.9,57.1,29.7,94.3,65.9,84.9,93.7,84.4,94.0,90.2,93.2,13.728,5,5,5,104.50399999999999
29.11,8.0,10.433,30.539,38.755,4.904,101.912,105.755,64.9,57.1,29.7,94.3,65.9,84.9,93.7,84.4,94.0,90.2,93.2,13.281,5,5,5,104.505
29.13,8.0,10.734,29.98,38.847,5.569,101.963,105.956,64.9,57.1,29.7,94.3,65.9,84.9,93.7,84.4,94.0,90.2,93.2,13.493,5,5,5,104.499
29.15,8.0,10.489,30.404,38.994,5.703,101.758,105.85600000000001,64.9,57.1,29.7,94.3,65.9,84.9,93.631,84.4,94.0,90.2,93.2,13.547,5,5,5,104.506
29.17,8.0,10.465,30.383000000000003,38.7,4.707,101.73299999999999,105.876,64.9,57.1,29.7,94.3,65.9,84.9,93.574,84.4,94.0,90.2,93.2,12.997,5,5,5,104.501
29.19,8.0,10.89,30.603,38.82,4.702,101.73299999999999,105.836,64.9,57.1,29.7,94.3,65.9,84.9,93.542,84.4,94.0,90.2,93.2,13.802999999999999,5,5,5,104.49700000000001
29.21,8.0,10.269,30.311,38.751999999999995,5.103,101.758,105.715,64.9,57.1,29.7,94.3,65.9,84.9,93.523,84.4,94.0,90.2,93.2,13.11,5,5,5,104.499
29.23,8.0,10.71,30.525,38.733000000000004,5.109,101.552,105.755,64.9,57.1,29.7,94.3,65.9,84.9,93.513,84.4,94.0,90.2,93.2,13.665,5,5,5,104.505
29.25,8.0,10.231,30.038,38.538000000000004,5.112,102.014,105.795,64.9,57.1,29.7,94.3,65.9,84.9,93.507,84.4,94.0,90.2,93.2,13.308,5,5,5,104.49700000000001
29.27,8.0,10.042,30.133000000000003,38.779,5.129,101.81,105.654,64.9,57.1,29.7,94.3,65.9,84.9,93.50399999999999,84.4,94.0,90.2,93.2,13.536,5,5,5,104.499
29.29,8.0,10.426,29.730999999999998,38.609,4.999,101.681,105.573,64.9,57.1,29.7,94.3,65.9,84.9,93.502,84.4,94.0,90.2,93.2,13.376,5,5,5,104.50299999999999
29.31,8.0,10.648,30.671999999999997,38.881,4.764,101.912,105.654,64.9,57.1,29.7,94.3,65.9,84.9,93.501,84.4,94.0,90.2,93.2,13.009,5,5,5,104.499
29.33,8.0,9.925,30.116,38.825,4.438,101.57799999999999,105.816,64.9,57.1,29.7,94.3,65.9,84.9,93.501,84.4,94.0,90.2,93.2,13.838,5,5,5,104.5
29.35,8.0,10.537,30.653000000000002,38.75,4.873,101.604,105.715,64.9,57.1,29.7,94.3,65.9,84.9,93.5,84.4,94.0,90.2,93.2,13.102,5,5,5,104.499
29.37,8.0,9.751000000000001,30.169,38.739000000000004,4.729,101.604,105.634,64.9,57.1,29.7,94.3,65.9,84.9,93.5,84.4,94.0,90.2,93.2,13.663,5,5,5,104.5
29.39,8.0,10.252,30.235,38.826,5.137,101.52600000000001,105.67399999999999,64.9,57.1,29.7,94.3,65.9,84.9,93.5,84.4,94.0,90.2,93.2,13.277000000000001,5,5,5,104.49799999999999
29.41,8.0,10.506,29.268,38.606,4.756,101.345,105.654,64.9,57.1,29.7,94.3,65.9,84.9,93.5,84.4,94.0,90.2,93.2,13.542,5,5,5,104.49700000000001
29.43,8.0,10.440999999999999,29.823,38.927,4.474,101.758,105.573,64.9,57.1,29.7,94.3,65.9,84.9,93.5,84.4,94.0,90.2,93.2,13.389,5,5,5,104.50200000000001
29.45,8.0,9.924,29.36,38.808,4.631,101.475,105.411,64.9,57.1,29.7,94.3,65.9,84.9,93.5,84.4,94.0,90.2,93.2,13.141,5,5,5,104.49799999999999
29.47,8.0,10.146,30.169,38.878,4.653,101.552,105.492,64.9,57.1,29.7,94.3,65.9,84.9,93.5,84.4,94.0,90.2,93.2,13.511000000000001,5,5,5,104.50299999999999
29.49,8.0,9.331,29.989,38.916,4.7,101.57799999999999,105.432,64.9,57.1,29.7,94.3,65.9,84.9,93.5,84.4,94.0,90.2,93.2,13.391,5,5,5,104.499
29.51,8.0,10.24,29.833000000000002,38.943000000000005,4.699,101.319,105.492,64.9,57.1,29.7,94.3,65.9,84.9,93.5,84.4,94.0,90.2,93.2,14.117,5,5,5,104.50200000000001
29.53,8.0,9.779,29.741,38.448,4.615,101.52600000000001,105.35,64.9,57.1,29.7,94.3,65.9,84.9,93.5,84.4,94.0,90.2,93.2,14.642000000000001,5,5,5,104.506
29.55,8.0,9.793,30.105,38.763000000000005,4.845,101.78399999999999,105.35,64.9,57.1,29.7,94.3,65.9,84.9,93.5,84.4,94.0,90.2,93.2,14.237,5,5,5,104.5
29.57,8.0,9.768,29.572,38.573,4.773,101.162,105.24799999999999,64.9,57.1,29.7,94.3,65.9,84.9,93.5,84.4,94.0,90.2,93.2,14.161,5,5,5,104.5
29.59,8.0,9.809000000000001,30.131999999999998,38.789,4.589,101.18799999999999,105.26899999999999,64.9,57.1,29.7,94.3,65.9,84.9,93.5,84.4,94.0,90.2,93.2,14.885,5,5,5,104.505
29.61,8.0,9.282,29.660999999999998,38.821,4.862,101.681,105.411,64.9,57.1,29.7,94.3,65.9,84.9,93.5,84.4,94.0,90.2,93.2,15.237,5,5,5,104.50399999999999
29.63,8.0,9.748000000000001,29.544,38.823,4.646,101.655,105.24799999999999,64.9,57.1,29.7,94.3,65.9,84.9,93.5,84.4,94.0,90.2,93.2,14.767000000000001,5,5,5,104.505
29.65,8.0,9.642,30.031,38.723,4.5120000000000005,101.29299999999999,105.167,64.9,57.1,29.7,94.3,65.9,84.9,93.5,84.4,94.0,90.2,93.2,14.658,5,5,5,104.50399999999999
29.67,8.0,9.777000000000001,29.93,38.643,4.755,101.26700000000001,105.289,64.9,57.1,29.7,94.3,65.9,84.9,93.5,84.4,94.0,90.2,93.2,15.299000000000001,5,5,5,104.50299999999999
29.69,8.0,9.497,29.500999999999998,38.76,4.702,101.37100000000001,105.33,64.9,57.1,29.7,94.3,65.9,84.9,93.5,84.4,94.0,90.2,93.2,15.618,5,5,5,104.50200000000001
29.71,8.0,9.687000000000001,29.665,38.835,4.699,101.13600000000001,105.31,64.9,57.1,29.7,94.3,65.9,84.9,93.5,84.4,94.0,90.2,93.2,15.064,5,5,5,104.50200000000001
29.73,8.0,9.956,29.206,38.726,4.614,101.37100000000001,105.167,64.9,57.1,29.7,94.3,65.9,84.9,93.5,84.4,94.0,90.2,93.2,14.99,5,5,5,104.499
29.75,8.0,9.742,30.023000000000003,38.873000000000005,4.566,101.11,105.00299999999999,64.9,57.1,29.7,94.3,65.9,84.9,93.5,84.4,94.0,90.2,93.2,15.65,5,5,5,104.49600000000001
29.77,8.0,9.353,29.647,38.785,5.161,101.319,105.085,64.9,57.1,29.7,94.3,65.9,84.9,93.5,84.4,94.0,90.2,93.2,15.913,5,5,5,104.5
29.79,8.0,10.007,29.475,38.826,5.349,101.26700000000001,105.228,64.9,57.1,29.7,94.3,65.9,84.9,93.5,84.4,94.0,90.2,93.2,15.325,5,5,5,104.495
29.81,8.0,9.016,29.503,38.772,4.681,101.084,104.98299999999999,64.9,57.1,29.7,94.3,65.9,84.9,93.5,84.4,94.0,90.2,93.2,15.16,5,5,5,104.494
29.83,8.0,9.681999999999999,29.25,38.816,5.08,101.18799999999999,104.818,64.9,57.1,29.7,94.3,65.9,84.9,93.5,84.4,94.0,90.2,93.2,15.79,5,5,5,104.492
29.85,8.0,9.649000000000001,29.392,38.809,5.48,101.397,104.921,64.9,57.1,29.7,94.3,65.9,84.9,93.5,84.4,94.0,90.2,93.2,16.047,5,5,5,104.488
29.87,8.0,9.487,29.459,38.733000000000004,5.29,100.95299999999999,104.962,64.9,57.1,29.7,94.3,65.9,84.9,93.5,84.4,94.0,90.2,93.2,15.48,5,5,5,104.5
29.89,8.0,9.237,29.025,38.6,4.867,101.13600000000001,105.126,64.7,57.1,29.7,94.3,66.4,84.9,93.5,84.4,94.0,90.2,93.2,15.288,5,5,5,104.495
29.91,8.0,9.712,29.615,38.759,5.11,101.162,105.00299999999999,64.7,57.1,29.7,94.3,66.4,84.9,93.5,84.4,94.0,90.2,93.2,15.914000000000001,5,5,5,104.49799999999999
29.93,8.0,9.699,29.074,38.738,5.708,101.031,104.98299999999999,64.7,57.1,29.7,94.3,66.4,84.9,93.5,84.4,94.0,90.2,93.2,16.155,5,5,5,104.493
29.95,8.0,9.811,29.086,38.624,5.43,100.874,104.79700000000001,64.7,57.1,29.7,94.3,66.4,84.9,93.5,84.4,94.0,90.2,93.2,15.562000000000001,5,5,5,104.49700000000001
29.97,8.0,9.583,29.033,38.683,5.021,100.9,104.88,64.7,57.1,29.7,94.3,66.4,84.9,93.5,84.4,94.0,90.2,93.2,15.382,5,5,5,104.495
29.99,8.0,9.556999999999999,29.427,38.505,4.927,101.345,104.67399999999999,64.7,57.1,29.7,94.3,66.4,84.9,93.5,84.4,94.0,90.2,93.2,15.985999999999999,5,5,5,104.495
30.01,8.0,9.09,29.349,38.301,4.824,101.13600000000001,104.839,64.7,57.1,29.7,94.3,66.4,84.9,93.5,84.4,94.0,90.2,93.2,16.227,5,5,5,104.49799999999999
30.03,8.0,9.427,29.554000000000002,38.619,5.089,101.084,105.024,64.7,57.1,29.7,94.3,66.4,84.9,93.5,84.4,94.0,90.2,93.2,15.625,5,5,5,104.49799999999999
30.05,8.0,9.128,29.430999999999997,38.522,5.588,100.979,104.921,64.7,57.1,29.7,94.3,66.4,84.9,93.5,84.4,94.0,90.2,93.2,15.405999999999999,5,5,5,104.5
30.07,8.0,9.542,29.506999999999998,38.65,4.727,101.13600000000001,104.921,64.7,57.1,29.7,94.3,66.4,84.9,93.5,84.4,94.0,90.2,93.2,16.085,5,5,5,104.499
30.09,8.0,8.946,29.575,38.707,4.3149999999999995,100.9,104.79700000000001,64.7,57.1,29.7,94.3,66.4,84.9,93.5,84.4,94.0,90.2,93.2,16.323,5,5,5,104.49600000000001
30.11,8.0,9.173,29.39,38.759,4.449,101.005,104.88,64.7,57.1,29.7,94.3,66.4,84.9,93.5,84.4,94.0,90.2,93.2,15.682,5,5,5,104.49799999999999
30.13,8.0,9.161999999999999,29.203000000000003,38.694,4.572,100.9,104.921,64.7,57.1,29.7,94.3,66.4,84.9,93.5,84.4,94.0,90.2,93.2,15.472000000000001,5,5,5,104.499
30.15,8.0,9.298,29.2,38.972,4.2490000000000006,100.874,104.98299999999999,64.7,57.1,29.7,94.3,66.4,84.9,93.5,84.4,94.0,90.2,93.2,16.094,5,5,5,104.5
30.17,8.0,8.976,28.923000000000002,38.736999999999995,4.248,100.84700000000001,105.00299999999999,64.7,57.1,29.7,94.3,66.4,84.9,93.5,84.4,94.0,90.2,93.2,16.337,5,5,5,104.49799999999999
30.19,8.0,9.306999999999999,29.331,39.042,4.3870000000000005,101.031,104.98299999999999,64.7,57.1,29.7,94.3,66.4,84.9,93.5,84.4,94.0,90.2,93.2,15.752,5,5,5,104.494
30.21,8.0,8.587,28.518,38.742,4.576,101.031,104.962,64.7,57.1,29.7,94.3,66.4,84.9,93.5,84.4,94.0,90.2,93.2,15.557,5,5,5,104.49600000000001
30.23,8.0,8.814,29.079,38.847,4.454,101.18799999999999,104.98299999999999,64.7,57.1,29.7,94.3,66.4,84.9,93.5,84.4,94.0,90.2,93.2,16.119999999999997,5,5,5,104.49700000000001
30.25,8.0,8.692,28.799,38.75,4.343,101.18799999999999,104.94200000000001,64.7,57.1,29.7,94.3,66.4,84.9,93.5,84.4,94.0,90.2,93.2,16.387999999999998,5,5,5,104.495
30.27,8.0,9.021,28.686999999999998,38.593,4.466,100.979,104.94200000000001,64.7,57.1,29.7,94.3,66.4,84.9,93.5,84.4,94.0,90.2,93.2,15.770999999999999,5,5,5,104.493
30.29,8.0,8.597,28.646,38.671,4.672,100.95299999999999,104.777,64.7,57.1,29.7,94.3,66.4,84.9,93.5,84.4,94.0,90.2,93.2,15.577,5,5,5,104.50200000000001
30.31,8.0,8.917,28.897,38.95,4.695,100.979,104.839,64.7,57.1,29.7,94.3,66.4,84.9,93.5,84.4,94.0,90.2,93.2,16.226,5,5,5,104.49799999999999
30.33,8.0,8.314,28.574,38.586,4.93,100.874,104.839,64.7,57.1,29.7,94.3,66.4,84.9,93.5,84.4,94.0,90.2,93.2,16.403,5,5,5,104.499
30.35,8.0,8.762,28.904,38.713,4.999,101.031,104.736,64.7,57.1,29.7,94.3,66.4,84.9,93.5,84.4,94.0,90.2,93.2,15.777000000000001,5,5,5,104.499
30.37,8.0,8.556000000000001,28.468000000000004,38.878,5.123,100.979,104.756,64.7,57.1,29.7,94.3,66.4,84.9,93.5,84.4,94.0,90.2,93.2,15.655,5,5,5,104.49600000000001
30.39,8.0,8.622,29.368000000000002,38.787,5.317,100.556,104.65299999999999,64.7,57.1,29.7,94.3,66.4,84.9,93.5,84.4,94.0,90.2,93.2,16.247,5,5,5,104.5
30.41,8.0,8.142,28.871,38.747,5.291,100.76799999999999,104.962,64.7,57.1,29.7,94.3,66.4,84.9,93.5,84.4,94.0,90.2,93.2,16.345999999999997,5,5,5,104.5
30.43,8.0,8.818999999999999,28.745,38.795,5.052,100.715,104.67399999999999,64.7,57.1,29.7,94.3,66.4,84.9,93.5,84.4,94.0,90.2,93.2,15.844000000000001,5,5,5,104.501
30.45,8.0,8.715,28.555,38.693000000000005,5.231,100.84700000000001,104.736,64.7,57.1,29.7,94.3,66.4,84.9,93.5,84.4,94.0,90.2,93.2,15.658,5,5,5,104.49799999999999
30.47,8.0,8.421,28.816,38.821,5.731,100.742,104.88,64.7,57.1,29.7,94.3,66.4,84.9,93.5,84.4,94.0,90.2,93.2,16.479,5,5,5,104.494
30.49,8.0,8.763,29.019000000000002,38.494,5.513,100.715,104.818,64.7,57.1,29.7,94.3,66.4,84.9,93.5,84.4,94.0,90.2,93.2,16.646,5,5,5,104.49600000000001
30.51,8.0,8.526,29.017,38.641999999999996,5.188,100.84700000000001,104.79700000000001,64.7,57.1,29.7,94.3,66.4,84.9,93.5,84.4,94.0,90.2,93.2,16.305,5,5,5,104.499
30.53,8.0,8.498000000000001,28.719,38.757,5.823,100.84700000000001,104.61200000000001,64.7,57.1,29.7,94.3,66.4,84.9,93.5,84.4,94.0,90.2,93.2,16.222,5,5,5,104.495
30.55,8.0,8.27,29.01,38.804,5.6129999999999995,100.715,104.818,64.7,57.1,29.7,94.3,66.4,84.9,93.5,84.4,94.0,90.2,93.2,16.298000000000002,5,5,5,104.49799999999999
30.57,8.0,8.148,28.73,38.823,4.265,100.821,104.632,64.7,57.1,29.7,94.3,66.4,84.9,93.5,84.4,94.0,90.2,93.2,16.839,5,5,5,104.49700000000001
30.59,8.0,8.243,28.406,38.685,5.079,100.662,104.65299999999999,64.7,57.1,29.7,94.3,66.4,84.9,93.5,84.4,94.0,90.2,93.2,17.095999999999997,5,5,5,104.493
30.61,8.0,8.24,28.211,38.741,6.622,100.742,104.61200000000001,64.7,57.1,29.7,94.3,66.4,84.9,93.5,84.4,94.0,90.2,93.2,17.336,5,5,5,104.49600000000001
30.63,8.0,8.403,28.826999999999998,38.659,6.07,100.821,104.777,64.7,57.1,29.7,94.3,66.4,84.9,93.5,84.4,94.0,90.2,93.2,17.074,5,5,5,104.49700000000001
30.65,8.0,8.217,28.628,38.633,5.188,100.662,104.61200000000001,64.7,57.1,29.7,94.3,66.4,84.9,93.5,84.4,94.0,90.2,93.2,16.764000000000003,5,5,5,104.49700000000001
30.67,8.0,8.675,29.076999999999998,38.65,5.415,100.53,104.508,64.7,57.1,29.7,94.3,66.4,84.9,93.5,84.4,94.0,90.2,93.2,16.714,5,5,5,104.49799999999999
30.69,8.0,8.25,28.238000000000003,38.522,5.459,100.42299999999999,104.529,64.7,57.1,29.7,94.3,66.4,84.9,93.5,84.4,94.0,90.2,93.2,16.878,5,5,5,104.49700000000001
30.71,8.0,8.182,28.373,38.797,4.702,100.45,104.46600000000001,64.7,57.1,29.7,94.3,66.4,84.9,93.5,84.4,94.0,90.2,93.2,17.365000000000002,5,5,5,104.49600000000001
30.73,8.0,8.322,28.217,38.62,4.889,100.397,104.11200000000001,64.7,57.1,29.7,94.3,66.4,84.9,93.5,84.4,94.0,90.2,93.2,17.597,5,5,5,104.499
30.75,8.0,8.365,28.761999999999997,38.62,4.692,100.556,104.446,64.7,57.1,29.7,94.3,66.4,84.9,93.5,84.4,94.0,90.2,93.2,17.619999999999997,5,5,5,104.49700000000001
30.77,8.0,8.339,28.662,38.821,4.405,100.50299999999999,104.404,64.7,57.1,29.7,94.3,66.4,84.9,93.5,84.4,94.0,90.2,93.2,17.125999999999998,5,5,5,104.501
30.79,8.0,8.652,28.401999999999997,38.863,4.253,100.477,104.321,64.7,57.1,29.7,94.3,66.4,84.9,93.5,84.4,94.0,90.2,93.2,17.032,5,5,5,104.5
30.81,8.0,8.003,27.988000000000003,38.656,4.162,100.609,104.279,64.7,57.1,29.7,94.3,66.4,84.9,93.5,84.4,94.0,90.2,93.2,16.911,5,5,5,104.499
30.83,8.0,8.15,28.785,38.746,4.147,100.609,104.175,64.7,57.1,29.7,94.3,66.4,84.9,93.5,84.4,94.0,90.2,93.2,17.465,5,5,5,104.501
30.85,8.0,8.101,28.090999999999998,38.649,4.144,100.477,104.23700000000001,64.7,57.1,29.7,94.3,66.4,84.9,93.5,84.4,94.0,90.2,93.2,17.911,5,5,5,104.5
30.87,8.0,8.224,28.328000000000003,38.83,4.055,100.34299999999999,104.3,64.7,57.1,29.7,94.3,66.4,84.9,93.5,84.4,94.0,90.2,93.2,18.115000000000002,5,5,5,104.495
30.89,8.0,8.465,28.366999999999997,38.635,4.046,100.34299999999999,104.36200000000001,64.7,57.1,29.7,94.3,66.4,84.9,93.5,84.4,94.0,90.2,93.2,17.991,5,5,5,104.50200000000001
30.91,8.0,8.0,28.088,38.817,4.0440000000000005,100.12899999999999,104.195,64.7,57.1,29.7,94.3,66.4,84.9,93.5,84.4,94.0,90.2,93.2,17.722,5,5,5,104.50399999999999
30.93,8.0,7.98,28.217,38.715,4.079,100.236,104.09100000000001,64.7,57.1,29.7,94.3,66.4,84.9,93.5,84.4,94.0,90.2,93.2,17.609,5,5,5,104.501
30.95,8.0,8.186,28.355999999999998,38.789,4.082,100.182,104.007,64.7,57.1,29.7,94.3,66.4,84.9,93.5,84.4,94.0,90.2,93.2,17.765,5,5,5,104.50299999999999
30.97,8.0,7.877,28.561,38.707,4.145,100.397,104.09100000000001,64.7,57.1,29.7,94.3,66.4,84.9,93.5,84.4,94.0,90.2,93.2,18.093,5,5,5,104.50399999999999
30.99,8.0,8.205,28.195999999999998,38.631,4.968,100.182,103.944,64.7,57.1,29.7,94.3,66.4,84.9,93.5,84.4,94.0,90.2,93.2,18.229,5,5,5,104.50299999999999
31.01,8.0,7.765000000000001,28.144000000000002,38.537,5.118,100.102,104.11200000000001,64.7,57.1,29.7,94.3,66.4,84.9,93.5,84.4,94.0,90.2,93.2,18.22,5,5,5,104.499
31.03,8.0,7.822,28.086,38.708,4.908,100.26299999999999,103.92299999999999,64.7,57.1,29.7,94.3,66.4,84.9,93.5,84.4,94.0,90.2,93.2,17.752000000000002,5,5,5,104.50299999999999
31.05,8.0,8.001999999999999,28.305,38.708,5.394,100.04799999999999,103.838,64.7,57.1,29.7,94.3,66.4,84.9,93.5,84.4,94.0,90.2,93.2,17.560000000000002,5,5,5,104.49799999999999
31.07,8.0,8.009,28.383000000000003,38.748000000000005,5.823,100.37,103.796,64.7,57.1,29.7,94.3,66.4,84.9,93.5,84.4,94.0,90.2,93.2,17.518,5,5,5,104.49700000000001
31.09,8.0,7.922,28.217,38.539,5.39,100.075,103.775,64.7,57.1,29.7,94.3,66.4,84.9,93.5,84.4,94.0,90.2,93.2,17.957,5,5,5,104.499
31.11,8.0,7.656000000000001,27.980999999999998,38.856,5.689,99.94,103.902,64.7,57.1,29.7,94.3,66.4,84.9,93.5,84.4,94.0,90.112,93.2,18.225,5,5,5,104.499
31.13,8.0,7.67,28.074,38.764,5.8100000000000005,100.26299999999999,103.986,64.7,57.1,29.7,94.3,66.4,84.9,93.5,84.4,94.0,90.063,93.2,18.292,5,5,5,104.499
31.15,8.0,7.772,27.924,38.575,6.547,100.075,104.175,64.7,57.1,29.7,94.3,66.4,84.9,93.5,84.4,94.0,90.036,93.2,18.005000000000003,5,5,5,104.499
31.17,8.0,7.728999999999999,27.541,38.518,6.886,99.94,104.195,64.7,57.1,29.7,94.3,66.4,84.9,93.5,84.4,94.0,90.02,93.2,17.675,5,5,5,104.50200000000001
31.19,8.0,7.734999999999999,27.947,38.698,7.176,100.182,103.838,64.7,57.1,29.7,94.3,66.4,84.9,93.5,84.4,94.0,90.01100000000001,93.2,17.377000000000002,5,5,5,104.49799999999999
31.21,8.0,7.8919999999999995,27.991,38.713,7.644,100.155,104.04899999999999,64.7,57.1,29.7,94.3,66.4,84.9,93.5,84.4,94.0,90.006,93.2,17.684,5,5,5,104.499
31.23,8.0,7.933,28.052,38.538000000000004,8.092,100.29,104.195,64.7,57.1,29.7,94.3,66.4,84.9,93.5,84.4,94.0,90.00399999999999,93.2,18.029000000000003,5,5,5,104.49600000000001
31.25,8.0,8.004,27.557,38.510999999999996,7.5120000000000005,100.209,104.02799999999999,64.7,57.1,29.7,94.3,66.4,84.9,93.5,84.4,94.0,90.002,93.2,18.107,5,5,5,104.49799999999999
31.27,8.0,7.761,27.96,38.704,6.155,100.102,104.02799999999999,64.7,57.1,29.7,94.3,66.4,84.9,93.5,84.4,94.0,90.001,93.2,18.118000000000002,5,5,5,104.495
31.29,8.0,7.202,28.006999999999998,38.614000000000004,4.699,100.12899999999999,103.902,64.7,57.1,29.7,94.3,66.4,84.9,93.5,84.4,94.0,90.001,93.2,17.726,5,5,5,104.50299999999999
31.34,18.0,7.601000000000001,27.686999999999998,38.711999999999996,4.291,100.209,103.81700000000001,64.7,57.1,29.7,94.3,66.4,84.9,93.5,84.4,94.0,90.0,93.2,18.009999999999998,5,5,5,104.507
31.39,18.0,7.683999999999999,27.628,38.652,3.963,100.102,103.669,64.7,57.1,29.7,94.3,66.4,84.9,93.5,84.4,94.0,90.0,93.2,17.7,5,5,5,104.50299999999999
31.44,18.0,7.343999999999999,27.674,38.595,4.006,99.96700000000001,103.902,64.7,57.1,29.7,94.3,66.4,84.9,93.5,84.4,94.0,90.0,93.2,17.354,5,5,5,104.506
31.49,18.0,7.237,27.741,38.744,4.377,100.29,104.23700000000001,64.7,57.1,29.7,94.3,66.4,84.9,93.5,84.4,93.931,90.0,93.2,17.214,5,5,5,104.501
31.54,18.0,7.218,27.863000000000003,38.626999999999995,5.645,100.209,104.21600000000001,64.7,57.1,29.7,94.3,66.4,84.9,93.5,84.4,93.831,90.0,93.063,16.049,5,5,5,104.507
31.59,18.0,7.518000000000001,27.369,38.437,45.042,100.316,103.986,64.7,57.1,29.7,94.3,66.4,84.9,93.5,84.4,93.807,90.0,93.015,15.63,5,5,5,104.499
31.64,18.0,7.1419999999999995,27.717,38.695,56.574,100.29,103.92299999999999,64.7,57.1,29.7,94.3,66.4,84.9,93.5,84.4,93.80199999999999,90.0,93.00399999999999,14.573,5,5,5,104.50299999999999
31.69,18.0,7.602,27.921999999999997,37.694,59.647,99.994,104.007,64.7,57.1,29.7,94.3,66.4,84.9,93.5,84.4,93.8,90.0,93.001,13.91,5,5,5,104.49700000000001
31.74,18.0,7.420999999999999,27.858,37.549,70.37100000000001,99.994,103.75399999999999,64.7,57.1,29.7,94.3,66.4,84.9,93.5,84.4,93.8,90.0,93.0,13.115,5,5,5,104.50200000000001
31.79,18.0,6.844,27.488000000000003,37.555,98.465,99.913,103.796,64.7,57.1,29.7,94.3,66.4,84.9,93.5,84.4,93.8,90.0,93.0,13.047,5,5,5,104.501
31.84,18.0,7.338,27.118000000000002,37.316,121.56299999999999,99.913,103.542,64.7,57.1,29.7,94.3,66.4,84.9,93.5,84.4,93.8,90.0,93.0,13.232000000000001,5,5,5,104.505
31.89,18.0,7.0120000000000005,27.194000000000003,37.312,140.115,99.61399999999999,103.648,64.7,57.1,29.7,94.3,66.4,84.9,93.5,84.4,93.8,90.0,93.0,12.837,5,5,5,104.49700000000001
31.94,18.0,7.489,27.101,37.155,153.94799999999998,99.804,103.56299999999999,64.7,57.1,29.6,94.5,66.6,84.9,93.5,84.4,93.8,90.0,93.0,12.533,5,5,5,104.50399999999999
31.99,18.0,7.293,27.447,37.222,165.17,99.66799999999999,103.62700000000001,64.7,57.1,29.6,94.5,66.6,84.9,93.5,84.4,93.8,90.0,93.0,11.940000000000001,5,5,5,104.499
32.04,18.0,7.255,26.936,37.004,174.417,99.50399999999999,103.478,64.7,57.1,29.6,94.5,66.6,84.9,93.5,84.4,93.8,90.0,93.0,12.325,5,5,5,104.501
32.09,18.0,7.248,27.089000000000002,37.181,178.433,99.696,103.542,64.7,57.1,29.6,94.5,66.6,84.9,93.5,84.4,93.8,90.0,93.0,12.622,5,5,5,104.493
32.14,18.0,7.089,27.326,37.114000000000004,175.671,99.66799999999999,103.62700000000001,64.7,57.1,29.6,94.5,66.6,84.9,93.5,84.4,93.8,90.0,93.0,12.468,5,5,5,104.50399999999999
32.19,18.0,7.019,27.142,37.229,176.63,99.61399999999999,103.45700000000001,64.7,57.1,29.6,94.5,66.6,84.9,93.5,84.4,93.8,90.0,93.0,12.233,5,5,5,104.499
32.24,18.0,6.98,27.311,37.205,175.53799999999998,99.61399999999999,103.329,64.7,57.1,29.6,94.5,66.6,84.9,93.5,84.4,93.8,90.0,93.0,11.806000000000001,5,5,5,104.507
32.29,18.0,7.246,27.045,36.995000000000005,172.58900000000003,99.586,103.499,64.7,57.1,29.6,94.5,66.6,84.9,93.413,84.4,93.8,90.0,93.0,12.120000000000001,5,5,5,104.501
32.34,18.0,7.090999999999999,26.863000000000003,37.216,174.791,99.45,103.414,64.7,57.1,29.6,94.5,66.6,84.9,93.327,84.4,93.8,90.0,93.0,12.324,5,5,5,104.51
32.39,18.0,7.0280000000000005,27.070999999999998,36.971999999999994,175.528,99.53200000000001,103.648,64.7,57.1,29.6,94.5,66.6,84.9,93.306,84.4,93.8,90.0,93.0,12.432,5,5,5,104.50399999999999
32.44,18.0,6.889,26.96,37.094,172.977,99.395,103.007,64.7,57.1,29.6,94.5,66.6,84.9,93.301,84.4,93.8,90.0,93.0,12.107,5,5,5,104.50399999999999
32.49,10.0,6.563000000000001,26.816,37.11,150.208,99.45,103.265,64.7,57.1,29.6,94.5,66.6,84.9,93.3,84.4,93.8,90.0,93.0,11.881,5,5,5,104.5
32.54,10.0,6.637,26.549,36.992,106.59200000000001,99.45,103.22200000000001,64.7,57.1,29.6,94.5,66.6,84.9,93.3,84.4,93.8,90.0,93.0,11.112,5,5,5,104.509
32.59,10.0,6.644,26.932,37.008,66.57300000000001,99.31200000000001,102.964,64.7,57.1,29.6,94.5,66.6,84.9,93.3,84.4,93.8,90.0,93.0,10.273,5,5,5,104.5
32.64,10.0,6.754,26.844,36.989000000000004,35.391,99.06299999999999,102.986,64.7,57.1,29.6,94.5,66.6,84.9,93.3,84.4,93.8,90.0,93.0,9.796,5,5,5,104.50200000000001
32.69,10.0,6.646,26.304000000000002,37.022,52.576,98.785,103.15799999999999,64.7,57.1,29.6,94.5,66.6,84.9,93.3,84.4,93.8,90.0,93.0,9.277000000000001,5,5,5,104.501
32.74,10.0,6.613,27.144000000000002,36.928,56.853,99.395,103.265,64.7,57.1,29.6,94.5,66.6,84.9,93.3,84.4,93.8,90.0,93.0,9.068999999999999,5,5,5,104.505
32.79,10.0,6.378,26.778000000000002,37.077,53.05,99.50399999999999,103.179,64.7,57.1,29.6,94.5,66.6,84.9,93.3,84.4,93.8,90.0,93.0,8.82,5,5,5,104.50200000000001
32.84,10.0,6.201,26.377,37.021,47.393,99.395,102.964,64.7,57.1,29.6,94.5,66.6,84.9,93.3,84.4,93.8,90.0,93.0,8.632,5,5,5,104.501
32.89,10.0,6.298,26.736,37.165,57.35,99.09100000000001,103.007,64.7,57.1,29.6,94.5,66.6,84.9,93.3,84.4,93.8,90.0,93.0,8.53,5,5,5,104.49799999999999
32.94,10.0,6.829,27.234,37.539,68.517,99.20200000000001,103.179,64.7,57.1,29.6,94.5,66.6,84.9,93.3,84.4,93.8,90.0,93.0,8.431000000000001,5,5,5,104.527
32.99,10.0,6.165,27.436999999999998,37.765,73.51,99.257,103.20100000000001,64.7,57.1,29.6,94.5,66.6,84.9,93.3,84.4,93.8,90.0,93.0,8.352,5,5,5,104.522
33.04,10.0,5.511,27.053,37.559,73.712,98.98,103.13600000000001,64.7,57.1,29.6,94.5,66.6,84.9,93.3,84.4,93.8,90.0,93.0,8.244,5,5,5,104.524
33.09,10.0,5.522,25.749000000000002,36.655,61.516000000000005,98.95200000000001,102.921,64.7,57.1,29.6,94.5,66.6,84.9,93.3,84.4,93.8,90.0,93.0,8.151,5,5,5,104.521
33.14,10.0,5.383,23.805,33.620999999999995,38.314,99.17399999999999,102.87799999999999,64.7,57.1,29.6,94.5,66.6,84.9,93.3,84.4,93.8,90.0,93.0,8.117,5,5,5,104.527
33.19,10.0,5.325,19.707,28.785,22.2,98.645,103.09299999999999,64.7,57.1,29.6,94.5,66.6,84.9,93.3,84.4,93.8,90.0,93.0,8.091000000000001,5,5,5,104.523
33.24,10.0,5.395,12.83,20.219,11.889,98.589,102.94200000000001,64.7,57.1,29.6,94.5,66.6,84.9,93.3,84.4,93.8,90.0,93.0,8.023,5,5,5,104.51299999999999
33.29,10.0,5.456,5.9,9.061,23.834,98.729,102.552,64.7,57.1,29.6,94.5,66.6,84.9,93.3,84.4,93.8,90.0,93.0,8.009,5,5,5,104.507
33.34,10.0,5.672,5.575,5.044,49.104,98.785,102.81299999999999,64.7,57.1,29.6,94.5,66.6,84.9,93.3,84.4,93.8,90.0,93.0,8.074,5,5,5,104.522
33.39,10.0,5.694,5.916,5.157,60.161,98.81299999999999,102.726,64.7,57.1,29.6,94.5,66.6,84.9,93.3,84.263,93.8,90.0,93.0,8.075,5,5,5,104.515
33.44,10.0,5.5920000000000005,5.922,5.082,59.203,98.67299999999999,102.48700000000001,64.7,57.1,29.6,94.5,66.6,84.9,93.25,84.215,93.8,90.0,93.0,8.012,5,5,5,104.51299999999999
33.49,10.0,5.661,5.799,5.205,62.14,98.84100000000001,102.596,64.7,57.1,29.6,94.5,66.6,84.9,93.13600000000001,84.204,93.8,89.95,93.0,8.109,5,5,5,104.499
33.54,10.0,5.607,6.016,5.157,63.078,98.869,102.509,64.7,57.1,29.6,94.5,66.6,84.9,93.108,84.20100000000001,93.8,89.836,93.0,8.345,5,5,5,104.5
33.59,10.0,5.6530000000000005,6.031,5.409,62.355,98.70100000000001,102.443,64.7,57.1,29.6,94.5,66.6,84.9,93.102,84.2,93.8,89.808,93.0,8.81,5,5,5,104.49700000000001
33.64,10.0,5.736,6.15,5.213,63.45399999999999,98.729,102.618,64.7,57.1,29.6,94.5,66.6,84.9,93.1,84.2,93.8,89.80199999999999,93.0,8.497,5,5,5,104.50299999999999
33.69,10.0,5.5280000000000005,6.252,5.286,64.104,98.897,102.639,64.7,57.1,29.6,94.5,66.6,84.9,93.1,84.2,93.8,89.8,93.0,8.561,5,5,5,104.499
33.74,10.0,5.478,6.006,5.299,65.394,98.897,102.574,64.7,57.1,29.6,94.5,66.6,84.9,93.1,84.2,93.775,89.8,93.0,9.146,5,5,5,104.50399999999999
33.79,10.0,5.425,6.303,5.238,106.37100000000001,98.95200000000001,102.574,64.7,57.1,29.6,94.5,66.6,84.824,93.1,84.2,93.642,89.8,93.0,8.673,5,5,5,104.495
33.84,10.0,5.435,5.961,5.276,122.24799999999999,99.008,102.552,64.7,57.1,29.6,94.5,66.6,84.806,93.1,84.2,93.61,89.8,93.0,8.723,5,5,5,104.499
33.89,10.0,5.57,6.228,5.243,133.043,98.67299999999999,102.334,64.7,57.1,29.6,94.5,66.6,84.801,93.1,84.2,93.602,89.8,93.0,9.184000000000001,5,5,5,104.506
33.94,10.0,5.601,6.091,5.172,142.144,98.561,102.37799999999999,64.8,57.1,29.6,95.2,66.9,84.8,93.1,84.2,93.601,89.8,93.0,8.703,5,5,5,104.5
33.99,10.0,5.477,5.98,5.112,150.641,98.645,102.334,64.8,57.1,29.6,95.2,66.9,84.8,93.1,84.2,93.6,89.8,93.0,8.78,5,5,5,104.5
34.04,10.0,5.634,5.991,5.19,155.855,98.617,102.4,64.8,57.1,29.6,95.2,66.9,84.8,93.1,84.2,93.6,89.8,93.0,9.121,5,5,5,104.5
34.09,10.0,5.662,6.284,5.146,159.14600000000002,98.95200000000001,102.22399999999999,64.8,57.1,29.6,95.2,66.9,84.8,93.1,84.2,93.6,89.8,93.0,8.696,5,5,5,104.50299999999999
34.14,10.0,5.329,6.311,5.305,160.71,98.589,102.26799999999999,64.8,57.1,29.6,95.2,66.9,84.8,93.1,84.2,93.6,89.8,93.0,8.808,5,5,5,104.49700000000001
34.19,10.0,5.461,5.922,5.277,150.22,98.729,102.02600000000001,64.8,57.1,29.6,95.2,66.9,84.8,93.1,84.2,93.6,89.8,93.0,8.789,5,5,5,104.50299999999999
34.24,10.0,5.498,6.045,5.061,103.573,98.617,102.13600000000001,64.8,57.1,29.6,95.2,66.9,84.8,93.1,84.2,93.6,89.8,93.0,8.676,5,5,5,104.501
34.29,10.0,5.554,6.479,5.179,66.748,98.589,102.11399999999999,64.8,57.1,29.6,95.2,66.9,84.8,93.1,84.2,93.6,89.8,92.913,8.796,5,5,5,104.49799999999999
34.34,10.0,5.8740000000000006,5.687,5.159,43.274,98.42,102.04799999999999,64.8,57.1,29.6,95.2,66.9,84.8,93.1,84.2,93.6,89.8,92.827,8.828,5,5,5,104.50200000000001
34.39,10.0,5.441,5.745,5.109,26.381,98.079,101.291,64.8,57.1,29.6,95.2,66.9,84.8,93.1,84.2,93.6,89.8,92.806,8.504999999999999,5,5,5,104.499
34.44,11.0,5.499,5.737,5.083,12.555,98.42,101.82700000000001,64.8,57.1,29.6,95.2,66.9,84.8,93.1,84.2,93.6,89.8,92.801,8.744,5,5,5,104.507
34.49,11.0,5.68,6.029,5.153,7.992,98.221,101.78200000000001,64.8,57.1,29.6,95.2,66.9,84.8,93.1,84.2,93.6,89.8,92.8,8.863,5,5,5,104.506
34.54,11.0,5.634,6.017,5.096,6.049,98.335,101.40299999999999,64.8,57.1,29.6,95.2,66.9,84.8,93.1,84.2,93.6,89.8,92.8,8.989,5,5,5,104.51100000000001
34.59,11.0,5.485,5.868,5.133,5.37,98.164,101.76,64.8,57.1,29.6,95.2,66.9,84.8,93.1,84.2,93.6,89.8,92.8,8.917,5,5,5,104.506
34.64,11.0,5.504,6.215,5.057,5.304,97.964,101.47,64.8,57.1,29.6,95.2,66.9,84.8,93.1,84.2,93.6,89.8,92.8,9.347,5,5,5,104.50399999999999
34.69,11.0,5.753,6.193,5.125,5.25,98.53200000000001,101.515,64.8,57.1,29.6,95.2,66.9,84.8,93.1,84.2,93.6,89.8,92.8,9.532,5,5,5,104.505
34.74,11.0,5.458,5.779,5.161,4.984,98.589,101.915,64.8,57.1,29.6,95.2,66.9,84.8,93.1,84.2,93.6,89.8,92.8,9.93,5,5,5,104.508
34.79,11.0,5.826,6.006,5.198,4.98,98.50399999999999,102.13600000000001,64.8,57.1,29.6,95.2,66.9,84.8,93.1,84.2,93.6,89.8,92.8,9.644,5,5,5,104.508
34.84,11.0,5.977,6.078,5.059,4.966,98.476,101.805,64.8,57.1,29.6,95.2,66.9,84.8,93.1,84.2,93.6,89.8,92.8,9.586,5,5,5,104.509
34.89,11.0,5.86,6.1129999999999995,5.154,5.801,98.50399999999999,102.09200000000001,64.8,57.1,29.6,95.2,66.9,84.8,93.1,84.2,93.6,89.8,92.8,9.428,5,5,5,104.51100000000001
34.94,11.0,5.9350000000000005,5.812,5.132,4.864,98.42,101.78200000000001,64.8,57.1,29.6,95.2,66.9,84.8,93.1,84.2,93.6,89.8,92.8,9.796,5,5,5,104.509
34.99,11.0,6.006,5.735,5.101,4.911,98.53200000000001,101.93799999999999,64.8,57.1,29.6,95.2,66.9,84.8,93.1,84.2,93.6,89.8,92.8,9.869,5,5,5,104.499
35.04,11.0,5.4879999999999995,5.797,5.137,37.861,98.50399999999999,101.87100000000001,64.8,57.1,29.6,95.2,66.9,84.8,93.1,84.2,93.6,89.8,92.8,10.276,5,5,5,104.508
35.09,11.0,5.73,5.867,5.155,70.42399999999999,98.617,101.71600000000001,64.8,57.1,29.6,95.2,66.9,84.8,93.1,84.2,93.6,89.8,92.8,9.86,5,5,5,104.50299999999999
35.14,11.0,6.75,6.639,5.287,95.43799999999999,98.50399999999999,101.24600000000001,64.8,57.1,29.6,95.2,66.9,84.8,93.1,84.2,93.6,89.8,92.8,9.858,5,5,5,104.505
35.19,11.0,5.921,6.0600000000000005,5.285,77.473,98.221,101.336,64.8,57.1,29.6,95.2,66.9,84.8,93.1,84.2,93.6,89.8,92.8,9.472999999999999,5,5,5,104.50299999999999
35.24,11.0,5.927,5.996,5.271,46.295,97.90700000000001,101.35799999999999,64.8,57.1,29.6,95.2,66.9,84.8,93.1,84.2,93.6,89.8,92.8,9.907,5,5,5,104.50200000000001
35.29,11.0,5.845,5.931,5.113,43.43,97.792,101.38,64.8,57.1,29.6,95.2,66.9,84.8,93.1,84.2,93.6,89.8,92.8,9.919,5,5,5,104.5
35.34,11.0,5.87,6.073,5.318,44.47,97.32799999999999,100.838,64.8,57.1,29.6,95.2,66.9,84.8,93.1,84.2,93.6,89.8,92.8,10.264,5,5,5,104.506
35.39,12.0,5.909,5.845,5.249,64.732,96.947,101.042,64.8,57.1,29.6,95.2,66.9,84.8,93.1,84.2,93.6,89.8,92.8,9.883,5,5,5,104.50299999999999
35.44,12.0,5.747,5.975,5.057,44.315,96.62,100.70100000000001,64.8,57.1,29.6,95.2,66.9,84.8,93.1,84.2,93.6,89.8,92.8,9.86,5,5,5,104.50299999999999
35.49,12.0,5.752,6.328,5.182,26.401,96.828,100.61,64.8,57.1,29.6,95.2,66.9,84.8,93.1,84.2,93.6,89.8,92.8,10.452000000000002,5,5,5,104.5
35.54,12.0,5.481,5.93,5.117,12.666,97.006,100.678,64.8,57.1,29.6,95.2,66.9,84.8,93.1,84.2,93.6,89.8,92.8,11.001000000000001,5,5,5,104.508
35.59,12.0,5.58,5.95,5.144,7.443,97.27,100.861,64.8,57.1,29.6,95.2,66.9,84.8,93.1,84.2,93.6,89.8,92.8,11.876000000000001,5,5,5,104.51
35.64,12.0,5.377,5.932,5.135,5.853,96.76899999999999,100.51799999999999,64.8,57.1,29.6,95.2,66.9,84.8,93.1,84.2,93.6,89.8,92.8,11.788,5,5,5,104.49799999999999
35.69,12.0,5.486,5.918,5.133,5.469,96.79899999999999,100.77,64.8,57.1,29.6,95.2,66.9,84.8,93.1,84.2,93.6,89.8,92.8,12.759,5,5,5,104.49600000000001
35.74,12.0,5.694,5.701,5.078,5.423,96.62,100.655,64.8,57.1,29.6,95.2,66.9,84.8,93.1,84.2,93.6,89.8,92.8,12.086,5,5,5,104.50399999999999
35.79,12.0,5.494,6.269,5.209,4.851,97.241,100.678,64.8,57.1,29.6,95.2,66.9,84.8,93.1,84.2,93.6,89.8,92.8,13.062999999999999,5,5,5,104.499
35.84,12.0,5.667,5.7219999999999995,5.204,5.161,97.006,100.72399999999999,64.8,57.1,29.6,95.2,66.9,84.8,93.1,84.2,93.6,89.8,92.8,13.015,5,5,5,104.505
35.89,12.0,5.578,6.273,5.129,5.338,97.064,101.11,64.8,57.1,29.6,95.2,66.9,84.8,93.1,84.2,93.6,89.8,92.8,12.949,5,5,5,104.50399999999999
35.94,12.0,5.896,6.02,5.17,5.687,97.15299999999999,101.065,64.9,57.2,29.5,95.5,67.1,84.8,93.1,84.2,93.6,89.8,92.8,13.238999999999999,5,5,5,104.507
35.99,12.0,5.838,6.361,5.173,4.795,97.12299999999999,101.155,64.9,57.2,29.5,95.5,67.1,84.8,93.1,84.2,93.6,89.8,92.8,12.985,5,5,5,104.501
36.04,12.0,5.813,6.196,5.172,5.044,96.709,101.065,64.9,57.2,29.5,95.5,67.1,84.8,93.1,84.2,93.6,89.8,92.8,13.544,5,5,5,104.50200000000001
36.09,12.0,5.914,6.022,5.151,4.8,96.441,100.632,64.9,57.2,29.5,95.5,67.1,84.8,93.1,84.2,93.6,89.8,92.8,12.894,5,5,5,104.505
36.14,12.0,5.7940000000000005,6.121,5.342,5.475,96.76899999999999,99.305,64.9,57.2,29.5,95.5,67.1,84.8,93.1,84.2,93.6,89.8,92.8,13.693,5,5,5,104.495
36.19,12.0,5.768,5.861,5.197,4.868,94.748,94.487,64.9,57.2,29.5,95.5,67.1,84.8,93.1,84.2,93.6,89.8,92.8,13.123,5,5,5,104.50399999999999
36.24,12.0,5.734,6.132,5.328,5.113,93.557,95.637,64.9,57.2,29.5,95.5,67.1,84.8,93.1,84.2,93.6,89.8,92.8,13.262,5,5,5,104.50200000000001
36.29,12.0,6.171,6.191,5.247,5.084,92.994,93.54899999999999,64.9,57.2,29.5,95.5,67.1,84.8,93.1,84.131,93.6,89.8,92.8,13.475,5,5,5,104.5
36.34,12.0,5.746,5.769,5.142,5.227,93.194,93.381,64.9,57.2,29.5,95.5,67.1,84.8,93.05,84.031,93.6,89.8,92.8,13.214,5,5,5,104.505
36.39,12.0,5.729,6.474,5.2620000000000005,4.536,93.59,93.211,64.9,57.2,29.5,95.5,67.1,84.8,92.936,84.007,93.6,89.8,92.8,13.599,5,5,5,104.5
36.44,12.0,5.595,6.285,5.129,5.11,93.194,93.268,64.9,57.2,29.5,95.5,67.1,84.8,92.908,84.002,93.6,89.8,92.8,12.99,5,5,5,104.50299999999999
36.49,12.0,5.682,6.252,5.307,5.197,93.128,92.984,64.9,57.2,29.5,95.5,67.1,84.8,92.902,84.0,93.6,89.8,92.8,14.605,5,5,5,104.50200000000001
36.54,12.0,5.819,5.849,5.118,5.081,93.194,92.984,64.9,57.2,29.5,95.5,67.1,84.8,92.9,84.0,93.513,89.8,92.8,15.145,5,5,5,104.499
36.59,12.0,5.87,6.23,5.282,4.973,93.028,92.956,64.9,57.2,29.5,95.5,67.1,84.8,92.9,84.0,93.42699999999999,89.742,92.8,15.565999999999999,5,5,5,104.50200000000001
36.64,12.0,5.605,5.939,5.286,5.09,93.227,92.69800000000001,64.9,57.2,29.5,95.5,67.1,84.8,92.9,84.0,93.406,89.71,92.8,16.395,5,5,5,104.50200000000001
36.69,12.0,5.807,5.959,5.392,5.269,93.26100000000001,92.956,64.9,57.2,29.5,95.5,67.1,84.8,92.9,84.0,93.402,89.702,92.8,17.222,5,5,5,104.501
36.74,12.0,5.9190000000000005,6.58,5.228,4.753,92.89399999999999,93.155,64.9,57.2,29.5,95.5,67.1,84.8,92.9,84.0,93.4,89.70100000000001,92.8,17.197000000000003,5,5,5,104.50399999999999
36.79,12.0,6.104,6.371,5.128,5.315,93.094,93.155,64.9,57.2,29.5,95.5,67.1,84.8,92.9,84.0,93.4,89.7,92.8,17.025,5,5,5,104.501
36.84,12.0,5.643,6.4350000000000005,5.149,5.481,93.492,92.984,64.9,57.2,29.5,95.5,67.1,84.8,92.9,84.0,93.4,89.7,92.8,17.524,5,5,5,104.507
36.89,12.0,5.872,6.611,5.073,4.96,93.194,92.956,64.9,57.2,29.5,95.5,67.1,84.8,92.9,84.0,93.4,89.7,92.8,18.085,5,5,5,104.49600000000001
36.94,12.0,5.735,6.157,5.12,5.537,93.294,93.098,64.9,57.2,29.5,95.5,67.1,84.8,92.9,84.0,93.4,89.7,92.8,18.023,5,5,5,104.501
36.99,12.0,6.114,6.413,5.132,9.038,93.426,93.183,64.9,57.2,29.5,95.5,67.1,84.8,92.9,84.0,93.4,89.7,92.8,17.64,5,5,5,104.505
37.04,12.0,5.736,6.438000000000001,5.249,23.43,93.492,93.098,64.9,57.2,29.5,95.5,67.1,84.8,92.9,84.0,93.4,89.7,92.8,17.970999999999997,5,5,5,104.50399999999999
37.09,12.0,6.162,5.994,5.319,31.313000000000002,93.094,93.013,64.9,57.2,29.5,95.5,67.1,84.8,92.9,84.0,93.4,89.7,92.8,18.442999999999998,5,5,5,104.50200000000001
37.14,12.0,5.875,6.363,5.188,50.137,93.161,92.984,64.9,57.2,29.5,95.5,67.1,84.684,92.9,84.0,93.4,89.7,92.67399999999999,18.297,5,5,5,104.50399999999999
37.19,12.0,5.698,6.434,5.141,58.261,92.861,92.727,64.9,57.2,29.5,95.5,67.1,84.62,92.9,84.0,93.4,89.7,92.618,17.738,5,5,5,104.50299999999999
37.24,12.0,5.769,6.865,5.33,82.175,92.827,92.67,64.9,57.2,29.5,95.5,67.1,84.605,92.9,84.0,93.4,89.7,92.604,17.970999999999997,5,5,5,104.506
