SampleTime,Phase,Sensor1,Sensor2,Sensor3,IJ,Sensor5,Sensor6,MouldTemp1,MouldTemp2,MouldTemp3,MouldTemp4,MouldTemp5,MouldTemp9,MouldTemp10,MouldTemp11,MouldTemp12,MouldTemp13,MouldTemp14,Sensor8,MouldFlow1,MouldFlow2,MouldFlow3,SP
0.0,1,5.714,7.46,5.095,96.365,92.313,92.125,65.2,55.0,30.8,99.7,68.8,89.001,96.4,88.7,94.9,91.8,94.9,14.584,5,5,5,104.493
0.05,1,5.995,7.703,5.056,69.355,92.313,92.477,65.2,55.0,30.8,99.7,68.8,89.0,96.4,88.7,94.9,91.8,94.9,13.997,5,5,5,104.493
0.1,1,5.632,7.723000000000001,5.098,45.874,91.999,91.918,65.2,55.0,30.8,99.7,68.8,89.0,96.4,88.7,94.9,91.8,94.9,14.949,5,5,5,104.49600000000001
0.15,1,5.646,7.111,5.071,33.369,91.788,91.289,65.2,55.0,30.8,99.7,68.8,89.0,96.4,88.7,94.9,91.8,94.9,15.238999999999999,5,5,5,104.49600000000001
0.2,1,5.602,6.9350000000000005,5.032,17.964,92.243,92.301,65.2,55.0,30.8,99.7,68.8,89.0,96.4,88.7,94.9,91.8,94.9,14.029,5,5,5,104.493
0.25,1,6.0,7.119,5.01,29.573,92.139,92.418,65.2,55.0,30.8,99.7,68.8,89.0,96.4,88.7,94.9,91.8,94.9,14.757,5,5,5,104.49799999999999
0.3,1,6.103,7.496,5.001,34.378,92.313,92.184,65.2,55.0,30.8,99.7,68.8,89.0,96.4,88.7,94.9,91.8,94.9,15.062999999999999,5,5,5,104.492
0.35,1,5.923,7.388,5.003,39.125,92.45100000000001,92.27199999999999,65.2,55.1,30.8,99.7,68.9,89.0,96.4,88.7,94.9,91.8,94.9,14.066,5,5,5,104.494
0.4,1,6.178,7.133,5.0,49.108000000000004,92.485,92.593,65.2,55.1,30.8,99.7,68.9,89.0,96.4,88.7,94.9,91.8,94.9,15.067,5,5,5,104.48899999999999
0.45,1,6.208,7.524,5.026,60.398,92.828,92.738,65.2,55.1,30.8,99.7,68.9,89.0,96.4,88.7,94.9,91.8,94.9,14.777000000000001,5,5,5,104.494
0.5,1,5.968,7.51,5.002,63.92100000000001,92.862,92.796,65.2,55.1,30.8,99.7,68.9,89.0,96.35,88.7,94.9,91.8,94.9,13.984,5,5,5,104.493
0.55,1,6.156,7.428,5.316,59.924,93.066,93.197,65.2,55.1,30.8,99.7,68.9,89.0,96.236,88.7,94.9,91.8,94.9,15.014,5,5,5,104.494
0.6,1,5.869,7.229,5.087,57.222,93.1,93.42399999999999,65.2,55.1,30.8,99.7,68.9,89.0,96.208,88.7,94.9,91.8,94.9,14.588,5,5,5,104.495
0.65,1,5.68,7.481999999999999,5.323,51.43600000000001,93.268,93.226,65.2,55.1,30.8,99.7,68.9,89.0,96.202,88.613,94.85,91.8,94.9,14.016,5,5,5,104.49600000000001
0.7,1,5.87,7.396,5.037,28.796,93.536,93.453,65.2,55.1,30.8,99.7,68.9,89.0,96.2,88.527,94.736,91.8,94.9,15.1,5,5,5,104.5
0.75,1,6.053,7.4239999999999995,5.068,15.224,93.536,93.53699999999999,65.2,55.1,30.8,99.7,68.9,89.0,96.2,88.506,94.708,91.8,94.9,14.388,5,5,5,104.495
0.8,1,5.675,7.463,5.083,20.604,93.536,94.041,65.2,55.1,30.8,99.7,68.9,89.0,96.2,88.501,94.702,91.8,94.9,14.236,5,5,5,104.49700000000001
0.85,1,5.633,7.317,5.346,19.587,93.635,94.069,65.2,55.1,30.8,99.7,68.9,89.0,96.2,88.5,94.7,91.8,94.9,15.335,5,5,5,104.5
0.9,1,5.77,7.203,5.016,29.68,93.702,93.594,65.2,55.1,30.8,99.7,68.9,89.0,96.2,88.5,94.7,91.8,94.9,14.499,5,5,5,104.499
0.95,1,6.059,7.336,5.263,22.094,93.801,94.069,65.2,55.1,30.8,99.7,68.9,89.0,96.2,88.5,94.7,91.8,94.9,14.705,5,5,5,104.49600000000001
1.0,1,5.868,6.951,5.064,21.56,94.031,94.18,65.2,55.1,30.8,99.7,68.9,89.0,96.2,88.5,94.7,91.64699999999999,94.9,15.472000000000001,5,5,5,104.5
1.05,1,6.026,6.966,5.138,27.351999999999997,94.195,93.958,65.2,55.1,30.8,99.7,68.9,89.0,96.2,88.5,94.7,91.611,94.9,14.19,5,5,5,104.49799999999999
1.1,1,6.174,7.535,5.005,26.424,94.16199999999999,94.40100000000001,65.2,55.1,30.8,99.7,68.9,89.0,96.2,88.5,94.7,91.60300000000001,94.9,14.249,5,5,5,104.49700000000001
1.15,1,6.038,6.915,5.059,26.79,94.097,94.291,65.2,55.1,30.8,99.7,68.9,89.0,96.2,88.5,94.7,91.601,94.9,16.753,5,5,5,104.49600000000001
1.2,1,5.506,7.492,5.071,27.205,94.487,94.40100000000001,65.2,55.1,30.8,99.7,68.9,89.0,96.2,88.5,94.7,91.6,94.9,16.537,5,5,5,104.492
1.25,1,5.687,7.328,5.204,26.991,94.455,94.235,65.2,55.1,30.8,99.7,68.9,89.0,96.2,88.5,94.7,91.6,94.9,18.6,5,5,5,104.492
1.3,1,5.484,7.266,5.069,26.875999999999998,94.71300000000001,94.40100000000001,65.2,55.1,30.8,99.7,68.9,89.0,96.2,88.5,94.7,91.6,94.9,17.515,5,5,5,104.49799999999999
1.35,1,5.905,6.891,5.032,26.808000000000003,94.648,94.783,65.2,55.1,30.8,99.7,68.9,89.0,96.2,88.5,94.7,91.6,94.9,19.09,5,5,5,104.49799999999999
1.4,1,6.255,7.841,5.001,26.802,94.455,94.81,65.2,55.1,30.8,99.7,68.9,89.0,96.2,88.5,94.7,91.6,94.9,18.104,5,5,5,104.494
1.45,1,6.098,7.106999999999999,5.032,27.184,94.745,95.108,65.2,55.1,30.8,99.7,68.9,89.0,96.2,88.5,94.7,91.6,94.9,19.497,5,5,5,104.49700000000001
1.5,1,5.773,7.367,5.005,26.75,94.584,94.973,65.2,55.1,30.8,99.7,68.9,89.0,96.2,88.5,94.7,91.6,94.9,18.512,5,5,5,104.49700000000001
1.55,1,6.0280000000000005,7.515000000000001,5.004,26.715999999999998,95.0,95.296,65.2,55.1,30.8,99.7,68.9,89.0,96.2,88.5,94.7,91.6,94.9,19.754,5,5,5,104.501
1.6,1,5.97,7.258,5.018,26.463,94.745,95.242,65.2,55.1,30.8,99.7,68.9,89.0,96.2,88.5,94.7,91.6,94.9,18.948,5,5,5,104.49700000000001
1.65,1,5.846,7.651999999999999,5.496,26.539,94.745,95.456,65.2,55.1,30.8,99.7,68.9,89.0,96.2,88.5,94.7,91.6,94.9,20.05,5,5,5,104.501
1.7,1,6.071,7.242,5.064,26.285,94.84100000000001,95.562,65.2,55.1,30.8,99.7,68.9,89.0,96.2,88.5,94.7,91.6,94.9,19.158,5,5,5,104.507
1.75,1,5.916,7.324,5.373,25.912,95.15899999999999,95.562,65.2,55.1,30.8,99.7,68.9,89.0,96.2,88.5,94.7,91.6,94.9,20.334000000000003,5,5,5,104.501
1.8,1,5.936,7.002,5.064,26.21,94.777,95.376,65.2,55.1,30.8,99.7,68.9,89.0,96.2,88.5,94.7,91.6,94.755,19.347,5,5,5,104.499
1.85,1,5.862,7.276999999999999,5.411,25.605,95.095,95.615,65.2,55.1,30.8,99.7,68.9,89.0,96.2,88.5,94.7,91.6,94.71300000000001,20.439999999999998,5,5,5,104.495
1.9,1,5.849,7.079000000000001,5.063,24.69,95.15899999999999,95.589,65.2,55.1,30.8,99.7,68.9,89.0,96.2,88.5,94.7,91.6,94.703,19.564999999999998,5,5,5,104.495
1.95,1,5.977,7.0009999999999994,5.413,24.538,95.411,95.774,65.2,55.1,30.8,99.7,68.9,89.0,96.2,88.5,94.7,91.6,94.70100000000001,20.415,5,5,5,104.501
2.0,1,6.0120000000000005,7.356999999999999,5.048,24.288,95.253,96.063,65.2,55.1,30.8,99.7,68.9,89.0,96.15,88.5,94.7,91.6,94.7,19.399,5,5,5,104.5
2.05,1,5.622,7.24,5.415,24.877,95.316,96.089,65.2,55.1,30.8,99.7,68.9,89.0,96.036,88.5,94.7,91.6,94.7,20.223,5,5,5,104.5
2.1,1,5.849,7.207,5.012,24.511,95.253,96.03699999999999,65.2,55.1,30.8,99.7,68.9,89.0,96.008,88.5,94.7,91.6,94.7,20.064999999999998,5,5,5,104.506
2.15,1,6.2620000000000005,7.4350000000000005,5.048,24.463,95.285,96.142,65.2,55.1,30.8,99.7,68.9,89.0,96.002,88.5,94.7,91.6,94.7,19.381999999999998,5,5,5,104.49700000000001
2.2,1,5.683,7.159000000000001,5.059,24.131,95.348,95.958,65.2,55.1,30.8,99.7,68.9,89.0,96.0,88.5,94.7,91.6,94.7,20.012999999999998,5,5,5,104.493
2.25,1,5.895,7.329000000000001,5.425,25.549,95.222,95.958,65.2,55.1,30.8,99.7,68.9,89.0,96.0,88.413,94.7,91.6,94.7,19.429000000000002,5,5,5,104.5
2.3,1,5.742,7.518000000000001,5.016,25.026,95.37899999999999,95.8,65.2,55.1,30.8,99.7,68.9,89.0,96.0,88.327,94.7,91.6,94.7,20.098,5,5,5,104.49
2.35,1,5.9030000000000005,7.207,5.432,24.219,95.411,95.906,65.2,55.1,30.9,99.4,68.9,89.0,96.0,88.306,94.7,91.6,94.7,19.636,5,5,5,104.493
2.4,1,6.199,6.837,5.056,23.435,95.0,95.8,65.2,55.1,30.9,99.4,68.9,89.0,96.0,88.301,94.7,91.6,94.7,20.536,5,5,5,104.49700000000001
2.45,1,5.924,7.102,5.005,39.455999999999996,95.692,95.589,65.2,55.1,30.9,99.4,68.9,88.847,96.0,88.3,94.7,91.6,94.7,19.337,5,5,5,104.49700000000001
2.5,1,5.9350000000000005,7.292,5.001,63.09,95.127,95.483,65.2,55.1,30.9,99.4,68.9,88.811,96.0,88.3,94.7,91.6,94.7,20.192999999999998,5,5,5,104.493
2.55,1,5.551,7.184,5.011,96.36200000000001,95.15899999999999,95.721,65.2,55.1,30.9,99.4,68.9,88.803,96.0,88.3,94.7,91.6,94.7,19.467,5,5,5,104.492
2.6,1,5.817,7.498,5.005,130.084,94.71300000000001,95.456,65.2,55.1,30.9,99.4,68.9,88.801,96.0,88.3,94.7,91.6,94.7,20.058,5,5,5,104.493
2.65,1,5.651,7.933999999999999,5.0,155.733,94.71300000000001,95.483,65.2,55.1,30.9,99.4,68.9,88.8,96.0,88.3,94.624,91.6,94.7,19.284,5,5,5,104.48
2.7,1,5.651,7.503,5.002,173.31,95.15899999999999,95.695,65.2,55.1,30.9,99.4,68.9,88.8,96.0,88.3,94.60600000000001,91.6,94.7,20.225,5,5,5,104.477
2.75,1,5.599,7.3580000000000005,5.064,179.049,95.15899999999999,95.774,65.2,55.1,30.9,99.4,68.9,88.8,96.0,88.3,94.601,91.6,94.7,19.412,5,5,5,104.477
2.8,1,5.8740000000000006,6.875,5.0,176.62,95.032,95.429,65.2,55.1,30.9,99.4,68.9,88.8,96.0,88.3,94.6,91.6,94.7,20.061,5,5,5,104.48299999999999
2.85,1,6.28,6.907,5.003,161.405,95.222,95.695,65.2,55.1,30.9,99.4,68.9,88.8,96.0,88.3,94.6,91.6,94.7,19.288,5,5,5,104.476
2.9,1,6.107,6.799,5.0,134.123,95.095,95.8,65.2,55.1,30.9,99.4,68.9,88.8,96.0,88.3,94.6,91.6,94.7,20.102,5,5,5,104.48299999999999
2.95,1,5.909,7.29,5.003,102.619,95.032,95.296,65.2,55.1,30.9,99.4,68.9,88.8,96.0,88.3,94.6,91.6,94.7,19.125,5,5,5,104.476
3.0,1,5.617,7.271,5.007,76.22,95.095,95.376,65.2,55.1,30.9,99.4,68.9,88.8,96.0,88.3,94.6,91.6,94.7,20.039,5,5,5,104.479
3.05,1,5.965,7.48,5.006,57.703,95.127,95.562,65.2,55.1,30.9,99.4,68.9,88.8,96.0,88.3,94.6,91.6,94.7,19.27,5,5,5,104.48
3.1,14,5.593,6.985,5.018,99.867,95.095,95.695,65.2,55.1,30.9,99.4,68.9,88.8,96.0,88.3,94.6,91.6,94.7,20.194000000000003,5,5,5,104.479
3.15,14,5.55,6.967,5.002,109.729,94.968,95.429,65.2,55.1,30.9,99.4,68.9,88.8,96.0,88.3,94.6,91.6,94.7,19.097,5,5,5,104.475
3.2,14,5.5600000000000005,7.218999999999999,5.0,88.40899999999999,94.936,94.892,65.2,55.1,30.9,99.4,68.9,88.8,96.0,88.3,94.6,91.6,94.7,20.185000000000002,5,5,5,104.48299999999999
3.25,14,5.689,7.218,5.004,58.316,94.68,95.456,65.2,55.1,30.9,99.4,68.9,88.8,96.0,88.3,94.6,91.6,94.7,19.115000000000002,5,5,5,104.48
3.3,14,5.87,6.793,5.008,45.179,94.68,95.26899999999999,65.2,55.1,30.9,99.4,68.9,88.8,96.0,88.3,94.6,91.6,94.7,19.974,5,5,5,104.477
3.35,14,5.904,7.404,5.027,33.900999999999996,94.745,94.729,65.2,55.1,30.9,99.4,68.9,88.8,96.0,88.3,94.6,91.6,94.7,19.097,5,5,5,104.48200000000001
3.4,14,5.886,7.123,5.001,46.696999999999996,94.968,95.054,65.2,55.1,30.9,99.4,68.9,88.8,96.0,88.3,94.6,91.6,94.7,20.262,5,5,5,104.48
3.45,14,6.031,7.189,5.014,56.683,94.616,95.403,65.2,55.1,30.9,99.4,68.9,88.8,96.0,88.3,94.6,91.6,94.7,18.927999999999997,5,5,5,104.486
3.5,14,5.801,7.428,5.001,78.793,94.936,95.695,65.2,55.1,30.9,99.4,68.9,88.8,96.0,88.3,94.6,91.6,94.7,20.29,5,5,5,104.48100000000001
3.55,14,5.777,7.063000000000001,5.068,104.051,95.095,95.054,65.2,55.1,30.9,99.4,68.9,88.8,96.0,88.3,94.6,91.6,94.7,19.115000000000002,5,5,5,104.475
3.6,14,5.976,7.259,5.005,126.693,94.968,95.509,65.2,55.1,30.9,99.4,68.9,88.8,96.0,88.3,94.6,91.575,94.7,20.052,5,5,5,104.478
3.65,14,6.162,7.1579999999999995,5.46,144.37,95.19,95.721,65.2,55.1,30.9,99.4,68.9,88.8,96.0,88.3,94.6,91.442,94.7,18.997,5,5,5,104.476
3.7,14,5.976,7.162,5.04,158.381,94.745,95.242,65.2,55.1,30.9,99.4,68.9,88.8,96.0,88.3,94.6,91.41,94.7,20.133,5,5,5,104.48200000000001
3.75,14,5.996,7.131,5.46,168.66299999999998,94.745,94.729,65.2,55.1,30.9,99.4,68.9,88.8,96.0,88.3,94.6,91.402,94.7,18.906,5,5,5,104.479
3.8,14,5.729,6.714,5.039,176.41,94.745,95.215,65.2,55.1,30.9,99.4,68.9,88.8,96.0,88.3,94.6,91.40100000000001,94.7,20.32,5,5,5,104.479
3.85,14,6.057,6.732,5.459,177.977,94.904,95.108,65.2,55.1,30.9,99.4,68.9,88.8,95.898,88.3,94.6,91.4,94.7,19.05,5,5,5,104.479
3.9,14,5.724,7.019,5.038,177.145,95.064,95.027,65.2,55.1,30.9,99.4,68.9,88.8,95.82300000000001,88.3,94.6,91.4,94.7,20.067,5,5,5,104.48
3.95,14,5.839,7.504,5.462,177.21599999999998,95.095,95.34899999999999,65.2,55.1,30.9,99.4,68.9,88.8,95.806,88.3,94.6,91.4,94.7,19.033,5,5,5,104.479
4.0,14,5.574,7.547,5.037,173.864,94.777,95.16199999999999,65.2,55.1,30.9,99.4,68.9,88.8,95.801,88.3,94.6,91.4,94.7,20.45,5,5,5,104.485
4.05,14,5.673,7.377,5.46,174.354,94.873,94.892,65.2,55.1,30.9,99.4,68.9,88.8,95.8,88.3,94.6,91.4,94.7,19.174,5,5,5,104.476
4.1,14,5.693,7.532,5.037,175.579,94.777,95.188,65.2,55.1,30.9,99.4,68.9,88.8,95.8,88.3,94.6,91.4,94.7,19.268,5,5,5,104.477
4.15,14,5.927,7.511,5.465,174.03599999999997,94.84100000000001,94.973,65.2,55.1,30.9,99.4,68.9,88.8,95.8,88.3,94.6,91.4,94.7,20.282,5,5,5,104.47399999999999
4.17,3,5.682,6.955,5.21,174.578,94.648,95.054,65.2,55.1,30.9,99.4,68.9,88.8,95.8,88.3,94.6,91.4,94.642,19.329,5,5,5,104.48
4.19,3,5.626,7.135,5.213,169.612,94.36,94.428,65.2,55.1,30.9,99.4,68.9,88.8,95.8,88.3,94.6,91.4,94.624,19.317999999999998,5,5,5,104.479
4.21,3,5.786,7.179,5.214,153.156,94.905,94.892,65.2,55.1,30.9,99.4,68.9,88.8,95.8,88.3,94.6,91.4,94.613,19.563,5,5,5,104.478
4.23,3,5.875,7.0280000000000005,5.216,135.431,94.809,94.756,65.2,55.1,30.9,99.4,68.9,88.8,95.8,88.3,94.6,91.4,94.608,19.643,5,5,5,104.473
4.25,3,6.086,7.101,5.219,118.71700000000001,94.937,94.83800000000001,65.2,55.1,30.9,99.4,68.9,88.8,95.8,88.3,94.6,91.4,94.604,19.615000000000002,5,5,5,104.476
4.27,3,5.944,7.675,5.222,99.32700000000001,95.0,94.483,65.2,55.1,30.9,99.4,68.9,88.8,95.8,88.3,94.6,91.4,94.602,19.457,5,5,5,104.478
4.29,3,5.941,7.2829999999999995,5.224,85.185,94.968,94.702,65.2,55.1,30.9,99.3,68.8,88.8,95.8,88.3,94.6,91.4,94.601,19.475,5,5,5,104.475
4.31,3,5.37,5.761,5.229,88.757,95.158,94.455,65.2,55.1,30.9,99.3,68.8,88.8,95.8,88.3,94.6,91.4,94.601,19.427999999999997,5,5,5,104.478
4.33,3,5.352,5.514,5.227,80.12,94.873,95.027,65.2,55.1,30.9,99.3,68.8,88.8,95.8,88.3,94.6,91.4,94.6,19.43,5,5,5,104.20100000000001
4.35,3,5.333,5.497,5.227,75.328,94.809,94.64699999999999,65.2,55.1,30.9,99.3,68.8,88.8,95.8,88.3,94.6,91.4,94.6,19.413,5,5,5,103.427
4.37,3,5.444,5.529,5.231,59.103,95.19,94.919,65.2,55.1,30.9,99.3,68.8,88.8,95.8,88.3,94.6,91.4,94.6,19.555999999999997,5,5,5,101.992
4.39,3,5.324,5.651,5.233,49.45399999999999,95.19,94.892,65.2,55.1,30.9,99.3,68.8,88.8,95.8,88.3,94.6,91.4,94.6,19.576,5,5,5,100.92299999999999
4.41,3,5.32,5.588,5.233,50.638000000000005,95.221,95.16199999999999,65.2,55.1,30.9,99.3,68.8,88.8,95.8,88.3,94.6,91.4,94.6,19.563,5,5,5,99.53200000000001
4.43,3,5.32,5.475,5.236,39.016999999999996,95.221,95.108,65.2,55.1,30.9,99.3,68.8,88.8,95.8,88.25,94.6,91.4,94.6,19.597,5,5,5,98.339
4.45,3,5.322,5.4879999999999995,5.239,43.351,95.158,95.0,65.2,55.1,30.9,99.3,68.8,88.8,95.8,88.184,94.6,91.4,94.6,19.493000000000002,5,5,5,97.208
4.47,3,5.322,5.578,5.241,47.82899999999999,95.127,94.62,65.2,55.1,30.9,99.3,68.8,88.8,95.8,88.14699999999999,94.575,91.4,94.6,19.517000000000003,5,5,5,96.273
4.49,3,5.326,5.482,5.682,47.336000000000006,94.937,94.729,65.2,55.1,30.9,99.3,68.8,88.8,95.8,88.127,94.498,91.4,94.6,19.356,5,5,5,95.363
4.51,3,5.347,5.633,5.628,52.35,95.315,94.729,65.2,55.1,30.9,99.3,68.8,88.8,95.8,88.115,94.455,91.4,94.6,19.419,5,5,5,94.471
4.53,3,5.324,5.5120000000000005,5.474,55.965,95.158,95.242,65.2,55.1,30.9,99.3,68.8,88.8,95.8,88.108,94.431,91.4,94.6,19.484,5,5,5,93.59
4.55,3,5.32,5.577,5.433,60.618,95.19,95.135,65.2,55.1,30.9,99.3,68.8,88.8,95.8,88.105,94.418,91.4,94.6,19.426,5,5,5,92.706
4.57,3,5.321,5.472,5.656,65.042,95.158,94.67399999999999,65.2,55.1,30.9,99.3,68.8,88.8,95.8,88.10300000000001,94.41,91.4,94.6,19.341,5,5,5,91.851
4.59,3,5.32,5.7170000000000005,5.267,69.112,95.315,94.892,65.2,55.1,30.9,99.3,68.8,88.8,95.8,88.102,94.406,91.4,94.6,19.33,5,5,5,91.041
4.61,3,5.322,5.505,5.258,73.628,95.032,95.027,65.2,55.1,30.9,99.3,68.8,88.8,95.8,88.101,94.403,91.4,94.6,19.343,5,5,5,90.199
4.63,3,5.344,5.781,5.256,78.047,95.221,94.919,65.2,55.1,30.9,99.3,68.8,88.8,95.8,88.1,94.402,91.4,94.6,19.567999999999998,5,5,5,89.351
4.65,3,5.322,5.556,5.508,80.13,95.095,95.135,65.2,55.1,30.9,99.3,68.8,88.8,95.8,88.1,94.40100000000001,91.4,94.6,19.496,5,5,5,88.609
4.67,3,5.325,5.5120000000000005,5.583,84.11,95.19,95.054,65.2,55.1,30.9,99.3,68.8,88.8,95.8,88.1,94.40100000000001,91.4,94.6,19.442,5,5,5,87.90100000000001
4.69,3,5.322,5.771,5.712,83.633,95.095,94.946,65.2,55.1,30.9,99.3,68.8,88.8,95.8,88.1,94.4,91.4,94.6,19.508,5,5,5,87.085
4.71,3,5.321,5.66,5.267,84.111,94.968,95.32300000000001,65.2,55.1,30.9,99.3,68.8,88.8,95.8,88.1,94.4,91.4,94.6,19.508,5,5,5,86.215
4.73,3,5.322,5.582,5.265,82.942,95.063,95.589,65.2,55.1,30.9,99.3,68.8,88.8,95.8,88.1,94.4,91.4,94.6,19.536,5,5,5,85.362
4.75,3,5.322,5.524,5.265,82.672,95.095,96.403,65.2,55.1,30.9,99.3,68.8,88.8,95.8,88.1,94.4,91.4,94.6,19.585,5,5,5,84.493
4.77,3,5.323,5.64,5.268,81.70100000000001,95.0,96.892,65.2,55.1,30.9,99.3,68.8,88.8,95.8,88.1,94.4,91.4,94.6,19.547,5,5,5,83.60600000000001
4.79,3,5.322,5.579,5.272,80.57300000000001,94.84100000000001,97.626,65.2,55.1,30.9,99.3,68.8,88.8,95.8,88.1,94.4,91.4,94.6,19.57,5,5,5,82.705
4.81,3,5.319,5.496,5.274,79.479,94.968,99.12200000000001,65.2,55.1,30.9,99.3,68.8,88.8,95.8,88.1,94.4,91.4,94.6,19.570999999999998,5,5,5,81.845
4.83,3,5.323,5.516,5.275,78.934,95.158,100.81200000000001,65.2,55.1,30.9,99.3,68.8,88.8,95.8,88.1,94.4,91.4,94.6,19.597,5,5,5,80.952
4.85,3,5.322,5.472,5.279,78.25399999999999,94.968,103.064,65.2,55.1,30.9,99.3,68.8,88.71300000000001,95.8,88.1,94.4,91.4,94.6,19.554000000000002,5,5,5,80.063
4.87,3,5.321,5.513,5.277,77.984,95.095,106.291,65.2,55.1,30.9,99.3,68.8,88.663,95.8,88.1,94.4,91.4,94.6,19.521,5,5,5,79.219
4.89,3,5.321,5.55,5.281,78.11399999999999,95.063,111.93299999999999,65.2,55.1,30.9,99.3,68.8,88.63600000000001,95.8,88.1,94.4,91.4,94.6,19.567999999999998,5,5,5,78.324
4.91,3,5.366,5.578,5.282,78.563,95.19,121.98700000000001,65.2,55.1,30.9,99.3,68.8,88.62,95.8,88.1,94.4,91.4,94.6,19.552999999999997,5,5,5,77.482
4.93,3,5.323,5.636,5.281,78.704,94.937,134.954,65.2,55.1,30.9,99.3,68.8,88.611,95.8,88.1,94.4,91.4,94.6,19.554000000000002,5,5,5,76.64
4.95,3,5.322,6.229,5.286,79.071,95.28399999999999,156.901,65.2,55.1,30.9,99.3,68.8,88.60600000000001,95.8,88.1,94.4,91.4,94.6,19.464,5,5,5,75.804
4.97,3,5.322,5.951,5.286,78.84,95.628,227.021,65.2,55.1,30.9,99.3,68.8,88.604,95.8,88.1,94.4,91.4,94.6,19.569000000000003,5,5,5,74.979
4.99,3,5.323,6.575,5.283,79.628,96.818,243.49900000000002,65.2,55.1,30.9,99.3,68.8,88.602,95.8,88.1,94.4,91.4,94.6,19.602,5,5,5,74.12100000000001
5.01,3,5.322,6.6240000000000006,5.284,79.535,98.59700000000001,238.74,65.2,55.1,30.9,99.3,68.8,88.601,95.8,88.1,94.4,91.4,94.6,19.494999999999997,5,5,5,73.268
5.03,3,5.322,7.090999999999999,5.281,80.105,100.745,235.93400000000003,65.2,55.1,30.9,99.3,68.8,88.601,95.8,88.1,94.4,91.4,94.6,19.591,5,5,5,72.42
5.05,3,5.34,7.338,5.286,80.369,103.93799999999999,234.74,65.2,55.1,30.9,99.3,68.8,88.6,95.8,88.1,94.4,91.4,94.6,19.561,5,5,5,71.59899999999999
5.07,3,5.374,7.753,5.28,81.102,107.4,234.114,65.2,55.1,30.9,99.3,68.8,88.6,95.8,88.1,94.4,91.4,94.6,20.328,5,5,5,70.751
5.09,3,5.331,8.311,5.282,80.581,111.53299999999999,234.16400000000002,65.2,55.1,30.9,99.3,68.8,88.6,95.8,88.1,94.4,91.4,94.6,20.283,5,5,5,69.893
5.11,3,5.323,8.128,5.289,80.385,116.882,234.415,65.2,55.1,30.9,99.3,68.8,88.6,95.8,88.1,94.4,91.4,94.6,20.023,5,5,5,69.06700000000001
5.13,3,5.375,9.009,5.285,81.309,123.098,234.389,65.2,55.1,30.9,99.3,68.8,88.6,95.8,88.1,94.4,91.4,94.6,20.164,5,5,5,68.21600000000001
5.15,3,5.324,9.577,5.287,82.045,131.541,234.139,65.2,55.1,30.9,99.3,68.8,88.6,95.8,88.1,94.4,91.4,94.6,20.078,5,5,5,67.364
5.17,3,5.357,9.335,5.286,81.642,141.179,233.614,65.2,55.1,30.9,99.3,68.8,88.6,95.8,88.1,94.4,91.4,94.6,19.967,5,5,5,66.502
5.19,3,5.325,9.925,5.293,79.53399999999999,149.829,232.79,65.2,55.1,30.9,99.3,68.8,88.6,95.8,88.1,94.4,91.4,94.6,20.106,5,5,5,65.581
5.21,3,5.376,10.350999999999999,5.292,77.681,160.376,231.782,65.2,55.1,30.9,99.3,68.8,88.6,95.8,88.1,94.4,91.4,94.6,20.137999999999998,5,5,5,64.669
5.23,3,5.328,10.932,5.293,75.3,179.912,230.72799999999998,65.2,55.1,30.9,99.3,68.8,88.6,95.8,88.1,94.4,91.4,94.6,20.192999999999998,5,5,5,63.698
5.25,3,5.359,11.703,5.296,73.487,240.24,229.67700000000002,65.2,55.1,30.9,99.3,68.8,88.6,95.8,88.1,94.4,91.4,94.6,20.16,5,5,5,62.776
5.27,3,5.323,12.835,5.295,72.132,244.382,228.65400000000002,65.2,55.1,30.9,99.3,68.8,88.6,95.8,88.1,94.4,91.4,94.6,20.243000000000002,5,5,5,61.871
5.29,3,5.35,12.698,5.294,71.789,240.137,227.597,65.2,55.1,30.9,99.3,68.8,88.6,95.8,88.1,94.4,91.4,94.6,20.15,5,5,5,60.961000000000006
5.31,3,5.401,13.156,5.298,71.483,237.21400000000003,226.544,65.2,55.1,30.9,99.3,68.8,88.6,95.8,88.1,94.4,91.4,94.6,20.324,5,5,5,60.062
5.33,3,5.792,13.414,5.302,70.845,234.935,225.665,65.2,55.1,30.9,99.3,68.8,88.6,95.8,88.1,94.4,91.4,94.6,20.197000000000003,5,5,5,59.216
5.35,3,5.468,14.043,5.301,70.78699999999999,233.02200000000002,224.65400000000002,65.2,55.1,30.9,99.3,68.8,88.6,95.8,88.1,94.4,91.4,94.6,20.045,5,5,5,58.36600000000001
5.37,3,5.5920000000000005,14.632,5.302,71.53399999999999,231.294,223.331,65.2,55.1,30.9,99.3,68.8,88.6,95.73100000000001,88.1,94.4,91.4,94.6,20.219,5,5,5,57.481
5.39,3,5.459,15.088,5.31,71.164,229.787,223.38,65.2,55.1,30.9,99.3,68.8,88.6,95.67399999999999,88.1,94.4,91.4,94.6,20.383,5,5,5,56.633
5.41,3,5.448,15.142000000000001,5.311,71.649,228.533,223.731,65.2,55.1,30.9,99.3,68.8,88.6,95.642,88.1,94.4,91.4,94.6,19.978,5,5,5,55.765
5.43,3,5.541,16.223,5.311,71.896,227.395,223.731,65.2,55.1,30.9,99.3,68.8,88.6,95.623,88.1,94.4,91.26899999999999,94.6,20.066,5,5,5,54.931999999999995
5.45,3,5.977,16.422,5.316,72.425,226.21200000000002,223.59799999999998,65.2,55.1,30.9,99.3,68.8,88.6,95.613,88.1,94.4,91.195,94.6,20.514000000000003,5,5,5,54.085
5.47,3,5.713,16.926,5.323,72.217,225.05700000000002,223.562,65.2,55.1,30.9,99.3,68.8,88.6,95.607,88.1,94.4,91.153,94.6,20.396,5,5,5,53.231
5.49,3,5.659,17.297,5.326,72.944,224.22400000000002,223.525,65.2,55.1,30.9,99.3,68.8,88.6,95.604,88.1,94.4,91.13,94.6,20.364,5,5,5,52.387
5.51,3,6.011,17.462,5.352,72.992,223.69799999999998,223.453,65.2,55.1,30.9,99.3,68.8,88.6,95.602,88.1,94.4,91.117,94.6,20.449,5,5,5,51.54600000000001
5.53,3,6.25,17.886,10.45,70.56,223.24599999999998,223.283,65.2,55.1,30.9,99.3,68.8,88.6,95.601,88.1,94.4,91.11,94.6,20.427,5,5,5,50.732
5.55,3,6.322,18.402,11.035,71.245,222.832,222.92,65.2,55.1,30.9,99.3,68.8,88.6,95.601,88.1,94.4,91.105,94.6,20.485999999999997,5,5,5,50.010999999999996
5.57,3,6.493,18.049,11.241,69.548,222.612,222.31599999999997,65.2,55.1,30.9,99.3,68.8,88.6,95.6,88.1,94.4,91.10300000000001,94.6,20.459000000000003,5,5,5,49.303000000000004
5.59,3,6.101,18.529000000000003,11.376000000000001,69.76,222.637,221.604,65.2,55.1,30.9,99.3,68.8,88.6,95.6,88.1,94.4,91.102,94.6,20.470999999999997,5,5,5,48.624
5.61,3,6.907,19.109,11.402000000000001,69.196,222.868,220.773,65.2,55.1,30.9,99.3,68.8,88.6,95.6,88.1,94.4,91.101,94.6,20.542,5,5,5,47.942
5.63,3,6.6850000000000005,18.624000000000002,11.712,69.567,223.002,219.873,65.2,55.1,30.9,99.3,68.8,88.6,95.6,88.1,94.4,91.101,94.6,20.625999999999998,5,5,5,47.258
5.65,3,6.918,19.386,11.824,69.259,222.74599999999998,218.951,65.2,55.1,30.9,99.3,68.8,88.6,95.6,88.1,94.4,91.1,94.6,20.368000000000002,5,5,5,46.580999999999996
5.67,3,7.212,19.384999999999998,11.919,70.036,222.295,218.03099999999998,65.2,55.1,30.9,99.3,68.8,88.6,95.6,88.1,94.4,91.1,94.6,20.325,5,5,5,45.895
5.69,3,7.343999999999999,19.467,12.182,69.527,222.05200000000002,217.138,65.2,55.1,30.9,99.3,68.8,88.6,95.6,88.1,94.4,91.1,94.6,20.464,5,5,5,45.211
5.71,3,7.531000000000001,20.491,12.556000000000001,70.568,221.979,216.31799999999998,65.2,55.1,30.9,99.3,68.8,88.6,95.6,88.1,94.4,91.1,94.6,20.537,5,5,5,44.567
5.73,3,8.054,21.162,12.972999999999999,69.958,221.93,215.535,65.2,55.1,30.9,99.3,68.8,88.6,95.6,88.1,94.4,91.1,94.6,20.66,5,5,5,43.906
5.75,3,11.79,21.918,13.385,67.269,222.003,214.99099999999999,65.2,55.1,30.9,99.3,68.8,88.6,95.6,88.1,94.4,91.1,94.6,20.497,5,5,5,43.231
5.77,3,15.363,24.23,14.396,66.85,221.32299999999998,214.412,65.2,55.1,30.9,99.3,68.8,88.6,95.6,88.1,94.4,91.1,94.6,20.433,5,5,5,42.757
5.79,3,17.211,25.072,14.832,66.118,220.377,213.834,65.2,55.1,30.9,99.3,68.8,88.6,95.6,88.1,94.4,91.1,94.6,20.372999999999998,5,5,5,42.366
5.81,4,17.824,26.39,11.079,64.85300000000001,219.542,213.233,65.2,55.1,30.9,99.3,68.8,88.6,95.6,88.1,94.4,91.1,94.6,20.333,5,5,5,41.975
5.83,4,18.814999999999998,26.701,16.4,63.461999999999996,218.975,212.645,65.2,55.1,30.9,99.3,68.8,88.6,95.6,88.1,94.4,91.1,94.6,20.581,5,5,5,41.587
5.85,4,18.972,27.281999999999996,16.93,54.688,218.372,212.07,65.2,55.1,30.9,99.3,68.8,88.6,95.6,88.1,94.4,91.1,94.6,20.528,5,5,5,41.367
5.87,4,20.368000000000002,27.647,17.201999999999998,55.928999999999995,217.28900000000002,211.495,65.2,55.1,30.9,99.3,68.8,88.6,95.6,88.1,94.4,91.1,94.6,20.682000000000002,5,5,5,41.42
5.89,4,20.237000000000002,27.445,18.67,50.033,215.99400000000003,210.875,65.2,55.1,30.9,99.3,68.8,88.6,95.6,88.1,94.4,91.1,94.6,20.439,5,5,5,41.474000000000004
5.91,4,20.749000000000002,28.136999999999997,21.173,48.238,214.90599999999998,210.27900000000002,65.2,55.1,30.9,99.3,68.8,88.6,95.6,88.1,94.4,91.1,94.6,20.437,5,5,5,41.584
5.93,4,20.427,27.671,23.01,47.49,214.226,209.649,65.2,55.1,30.9,99.3,68.8,88.6,95.6,88.1,94.4,91.1,94.6,20.145,5,5,5,41.709
5.95,4,19.996,28.177,22.774,46.426,213.607,209.06599999999997,65.2,55.1,30.9,99.3,68.8,88.6,95.6,88.1,94.4,91.1,94.6,20.064,5,5,5,41.756
5.97,4,19.98,26.794,20.884,46.211000000000006,213.083,208.438,65.2,55.1,30.9,99.3,68.8,88.6,95.6,88.1,94.4,91.1,94.6,20.294,5,5,5,41.751999999999995
5.99,4,19.902,26.366999999999997,21.985,45.824,212.608,207.86900000000003,65.2,55.1,30.9,99.3,68.8,88.6,95.6,88.1,94.4,91.1,94.6,20.36,5,5,5,41.748000000000005
6.01,4,19.723,26.587,22.771,46.105,212.05,207.312,65.2,55.1,30.9,99.3,68.8,88.6,95.6,88.1,94.4,91.1,94.6,20.156,5,5,5,41.742
6.03,4,19.644,26.401,24.745,44.931999999999995,211.62400000000002,206.88400000000001,65.2,55.1,30.9,99.3,68.8,88.6,95.6,88.1,94.4,91.1,94.6,20.404000000000003,5,5,5,41.714
6.05,4,20.605,27.099,25.292,45.244,211.209,206.40900000000002,65.2,55.1,30.9,99.3,68.8,88.6,95.6,88.1,94.4,91.1,94.6,19.485999999999997,5,5,5,41.69199999999999
6.07,4,21.278,26.927,26.070999999999998,44.436,210.76,205.982,65.2,55.1,30.9,99.3,68.8,88.6,95.6,88.1,94.4,91.1,94.6,19.189,5,5,5,41.704
6.09,4,21.828,27.89,26.541,44.543,210.27599999999998,205.543,65.2,55.1,30.9,99.3,68.8,88.6,95.6,88.1,94.4,91.1,94.6,19.186,5,5,5,41.69199999999999
6.11,4,22.205,27.954,26.799,44.306,209.851,205.082,65.2,55.1,30.9,99.3,68.8,88.6,95.6,88.1,94.4,91.1,94.6,19.116,5,5,5,41.633
6.13,4,22.137,28.195,27.108,44.251,209.36700000000002,204.632,65.2,55.1,30.9,99.3,68.8,88.6,95.6,88.1,94.4,91.1,94.6,19.106,5,5,5,41.577
6.15,4,23.675,28.182,27.224,44.408,208.955,204.207,65.2,55.1,30.9,99.3,68.8,88.6,95.6,88.1,94.4,91.1,94.6,19.095,5,5,5,41.525999999999996
6.17,4,23.71,28.46,27.32,44.668,208.47299999999998,203.804,65.2,55.1,30.9,99.3,68.8,88.6,95.6,88.1,94.4,91.1,94.6,19.209000000000003,5,5,5,41.488
6.19,4,24.617,29.034000000000002,27.58,45.529,208.03799999999998,203.437,65.2,55.1,30.9,99.3,68.8,88.6,95.6,88.1,94.4,91.1,94.6,19.207,5,5,5,41.44
6.21,4,25.402,29.97,27.873,44.143,207.56799999999998,203.024,65.2,55.1,30.9,99.3,68.8,88.6,95.6,88.1,94.4,91.1,94.55,19.105,5,5,5,41.379000000000005
6.23,4,25.724,29.59,28.386999999999997,42.55,207.09900000000002,202.63400000000001,65.2,55.1,30.9,99.3,68.8,88.6,95.6,88.1,94.4,91.1,94.484,19.22,5,5,5,41.346999999999994
6.25,4,26.516,30.298000000000002,28.494,42.239000000000004,206.63,202.222,65.2,55.1,30.9,99.3,68.8,88.6,95.6,88.1,94.4,91.1,94.447,19.104,5,5,5,41.415
6.27,4,26.811999999999998,30.454,28.438000000000002,44.056999999999995,206.18599999999998,201.84400000000002,65.2,55.1,30.9,99.3,68.8,88.6,95.6,88.1,94.4,91.1,94.42699999999999,19.106,5,5,5,41.453
6.29,4,27.185,31.289,28.725,43.763000000000005,205.74099999999999,201.44400000000002,65.1,55.0,30.9,99.2,68.6,88.6,95.6,88.1,94.4,91.1,94.415,19.252000000000002,5,5,5,41.447
6.31,4,27.111,31.1,28.951999999999998,43.88,205.274,201.05599999999998,65.1,55.0,30.9,99.2,68.6,88.6,95.6,88.1,94.4,91.1,94.408,19.42,5,5,5,41.385999999999996
6.33,4,27.779,31.07,29.000999999999998,45.016999999999996,204.83,200.668,65.1,55.0,30.9,99.2,68.6,88.6,95.6,88.1,94.4,91.1,94.405,19.305,5,5,5,41.287
6.35,4,27.474,31.958000000000002,29.311,44.241,204.37599999999998,200.303,65.1,55.0,30.9,99.2,68.6,88.6,95.6,88.1,94.4,91.1,94.403,19.356,5,5,5,41.185
6.37,4,27.408,31.272,29.394000000000002,45.995,203.979,199.938,65.1,55.0,30.9,99.2,68.6,88.6,95.6,88.1,94.375,91.1,94.402,19.342,5,5,5,41.118
6.39,4,27.916999999999998,31.660999999999998,29.385,45.94,203.525,199.562,65.1,55.0,30.9,99.2,68.6,88.6,95.6,88.1,94.298,91.1,94.40100000000001,19.322000000000003,5,5,5,40.979
6.41,4,27.985,31.706,29.653000000000002,46.277,203.084,199.21,65.1,55.0,30.9,99.2,68.6,88.6,95.6,88.1,94.255,91.1,94.4,19.163,5,5,5,40.879999999999995
6.43,4,28.581,31.923000000000002,29.878,47.946000000000005,202.67700000000002,198.88,65.1,55.0,30.9,99.2,68.6,88.6,95.6,88.1,94.23100000000001,91.1,94.4,19.289,5,5,5,40.837
6.45,4,29.026,32.144000000000005,30.197,48.324,202.27,198.53900000000002,65.1,55.0,30.9,99.2,68.6,88.6,95.6,88.1,94.218,91.1,94.4,19.364,5,5,5,40.787
6.47,4,28.854,32.725,30.33,47.258,201.85299999999998,198.21,65.1,55.0,30.9,99.2,68.6,88.6,95.6,88.1,94.21,91.1,94.4,19.2,5,5,5,40.706999999999994
6.49,4,29.230999999999998,33.34,30.474,46.315,201.43599999999998,197.87,65.1,55.0,30.9,99.2,68.6,88.6,95.6,88.1,94.206,91.1,94.4,19.314999999999998,5,5,5,40.588
6.51,4,29.274,33.448,30.788,47.455,201.053,197.553,65.1,55.0,30.9,99.2,68.6,88.6,95.6,88.031,94.203,91.1,94.4,19.292,5,5,5,40.551
6.53,4,29.918000000000003,33.994,30.804000000000002,45.264,200.683,197.236,65.1,55.0,30.9,99.2,68.6,88.6,95.6,87.97399999999999,94.202,91.1,94.4,19.348,5,5,5,40.423
6.55,4,29.84,33.711,31.180999999999997,50.333999999999996,200.278,196.919,65.1,55.0,30.9,99.2,68.6,88.6,95.6,87.942,94.20100000000001,91.1,94.4,19.216,5,5,5,40.374
6.57,4,30.069000000000003,34.486999999999995,31.298000000000002,48.092,199.908,196.602,65.1,55.0,30.9,99.2,68.6,88.6,95.6,87.923,94.20100000000001,91.1,94.4,19.292,5,5,5,40.212
6.59,4,30.94,34.535,31.504,51.787,199.55,196.31900000000002,65.1,55.0,30.9,99.2,68.6,88.6,95.6,87.913,94.2,91.1,94.4,19.235,5,5,5,40.138999999999996
6.61,4,30.865,34.678,31.153000000000002,47.325,199.192,195.99200000000002,65.1,55.0,30.9,99.2,68.6,88.6,95.6,87.907,94.2,91.1,94.4,19.307000000000002,5,5,5,40.008
6.63,4,31.197,35.164,33.125,51.451,198.8,195.675,65.1,55.0,30.9,99.2,68.6,88.6,95.6,87.904,94.2,91.1,94.4,19.36,5,5,5,40.035
6.65,4,31.87,35.245000000000005,33.403000000000006,42.792,198.454,195.416,65.1,55.0,30.9,99.2,68.6,88.6,95.6,87.902,94.2,91.1,94.4,19.317,5,5,5,40.001
6.67,4,31.565,35.989000000000004,33.756,49.398999999999994,198.097,195.145,65.1,55.0,30.9,99.2,68.6,88.6,95.6,87.90100000000001,94.2,91.1,94.4,19.169,5,5,5,40.123000000000005
6.69,4,32.239999999999995,36.019999999999996,33.951,43.379,197.798,194.886,65.1,55.0,30.9,99.2,68.6,88.6,95.6,87.90100000000001,94.2,91.1,94.4,19.33,5,5,5,40.111999999999995
6.71,4,32.325,36.382,34.093,48.848,197.429,194.571,65.1,55.0,30.9,99.2,68.6,88.6,95.6,87.9,94.2,91.1,94.4,19.5,5,5,5,40.087
6.73,4,32.684,36.239999999999995,34.367,40.285,197.11900000000003,194.267,65.1,55.0,30.9,99.2,68.6,88.6,95.6,87.9,94.2,91.1,94.4,19.411,5,5,5,40.028000000000006
6.75,4,32.495999999999995,36.873000000000005,34.629999999999995,46.63399999999999,196.785,193.97400000000002,65.1,55.0,30.9,99.2,68.6,88.6,95.6,87.9,94.2,91.1,94.4,19.304000000000002,5,5,5,40.148
6.77,4,32.879000000000005,36.553,34.732,41.986,196.452,193.69299999999998,65.1,55.0,30.9,99.2,68.6,88.6,95.6,87.9,94.2,91.1,94.4,19.137,5,5,5,40.119
6.79,4,32.971999999999994,36.65,34.846999999999994,46.693999999999996,196.13099999999997,193.423,65.1,55.0,30.9,99.2,68.6,88.6,95.6,87.9,94.2,91.1,94.4,19.009,5,5,5,40.370000000000005
6.81,4,33.260999999999996,36.525999999999996,34.702,38.164,195.798,193.142,65.1,55.0,30.9,99.2,68.6,88.6,95.6,87.9,94.2,91.1,94.4,19.047,5,5,5,40.46
6.83,4,32.864000000000004,36.916,35.009,42.258,195.477,192.794,65.1,55.0,30.9,99.2,68.6,88.6,95.6,87.9,94.2,91.1,94.4,19.177999999999997,5,5,5,40.66
6.85,4,33.230000000000004,37.084,34.666,36.57,195.167,192.502,65.1,55.0,30.9,99.2,68.6,88.6,95.6,87.9,94.2,91.1,94.4,19.573,5,5,5,40.765
6.87,4,33.85,36.614999999999995,34.522,35.248000000000005,194.82299999999998,192.188,65.1,55.0,30.9,99.2,68.6,88.6,95.6,87.9,94.2,91.1,94.4,19.519,5,5,5,40.932
6.89,4,33.271,36.402,34.546,32.566,194.49099999999999,191.885,65.1,55.0,30.9,99.2,68.6,88.6,95.6,87.9,94.2,91.1,94.4,19.324,5,5,5,41.079
6.91,4,33.265,37.005,34.408,38.15,194.17,191.549,65.1,55.0,30.9,99.2,68.6,88.6,95.6,87.9,94.2,91.1,94.4,19.159,5,5,5,41.221000000000004
6.93,4,33.727,36.34,34.134,31.994,193.861,191.236,65.1,55.0,30.9,99.2,68.6,88.6,95.6,87.9,94.2,91.1,94.4,19.094,5,5,5,41.2
6.95,4,33.269000000000005,36.486000000000004,33.742,38.597,193.53,190.945,65.1,55.0,30.9,99.2,68.6,88.6,95.6,87.9,94.2,91.1,94.4,19.265,5,5,5,41.186
6.97,4,32.79,36.007,33.53,32.952,193.21,190.643,65.1,55.0,30.9,99.2,68.6,88.6,95.6,87.9,94.2,91.1,94.4,19.249000000000002,5,5,5,41.096999999999994
6.99,4,33.129999999999995,36.037,33.465,39.428000000000004,192.89,190.34099999999998,65.1,55.0,30.9,99.2,68.6,88.6,95.6,87.9,94.2,91.1,94.4,19.2,5,5,5,41.095
7.01,4,32.799,35.241,33.172,37.007,192.593,190.03900000000002,65.1,55.0,30.9,99.2,68.6,88.6,95.6,87.9,94.2,91.1,94.4,19.183,5,5,5,40.941
7.03,4,32.68300000000001,35.698,33.215999999999994,40.065,192.273,189.726,65.1,55.0,30.9,99.2,68.6,88.6,95.6,87.9,94.2,91.1,94.4,19.055,5,5,5,40.855999999999995
7.05,4,32.846999999999994,35.206,32.881,32.257,191.965,189.481,65.1,55.0,30.9,99.2,68.6,88.6,95.6,87.9,94.2,91.1,94.4,19.146,5,5,5,40.831
7.07,4,33.076,34.963,32.684,40.265,191.645,189.19099999999997,65.1,55.0,30.9,99.2,68.6,88.6,95.6,87.9,94.2,91.1,94.4,19.145,5,5,5,40.934
7.09,4,32.186,34.971999999999994,32.732,32.385999999999996,191.38299999999998,188.912,65.1,55.0,30.9,99.2,68.6,88.6,95.6,87.9,94.2,91.1,94.4,19.289,5,5,5,40.969
7.11,4,32.438,35.461,32.624,37.113,191.075,188.644,65.1,55.0,30.9,99.2,68.6,88.6,95.6,87.9,94.2,91.1,94.4,19.098,5,5,5,41.074
7.13,4,32.438,34.936,32.463,30.412,190.77900000000002,188.354,65.1,55.0,30.9,99.2,68.6,88.6,95.6,87.9,94.2,91.1,94.4,19.313,5,5,5,41.18
7.15,4,32.001999999999995,34.855999999999995,32.473,35.105999999999995,190.46,188.065,65.1,55.0,30.9,99.2,68.6,88.6,95.6,87.9,94.2,91.1,94.4,19.331,5,5,5,41.361999999999995
7.17,4,31.705,33.909000000000006,32.165,35.18,190.19799999999998,187.80900000000003,65.1,55.0,30.9,99.2,68.6,88.6,95.6,87.9,94.2,91.1,94.4,19.290999999999997,5,5,5,41.379000000000005
7.19,4,31.651,34.523,32.141999999999996,36.677,189.90200000000002,187.553,65.1,55.0,30.9,99.2,68.6,88.6,95.6,87.9,94.2,91.1,94.4,19.234,5,5,5,41.3
7.21,4,31.744,33.861999999999995,31.855999999999998,38.975,189.606,187.274,65.1,55.0,30.9,99.2,68.6,88.6,95.55,87.9,94.2,91.1,94.4,19.383,5,5,5,41.239999999999995
7.23,4,31.177,33.629000000000005,31.776,32.081,189.31,186.99599999999998,65.1,55.0,30.9,99.2,68.6,88.6,95.484,87.9,94.2,91.1,94.4,19.351,5,5,5,41.164
7.25,4,31.149,33.69199999999999,31.715,35.592,189.037,186.74099999999999,65.1,55.0,30.9,99.2,68.6,88.6,95.447,87.9,94.2,91.1,94.4,19.2,5,5,5,41.234
7.27,4,31.244,34.218,31.593000000000004,31.319000000000003,188.775,186.463,65.1,55.0,30.9,99.2,68.6,88.6,95.42699999999999,87.9,94.2,91.1,94.4,19.482,5,5,5,41.282
7.29,4,30.939,33.699,31.401,37.257,188.525,186.185,65.1,55.0,30.9,99.2,68.6,88.6,95.415,87.9,94.2,91.1,94.4,19.352,5,5,5,41.456
7.31,4,30.574,33.613,31.488000000000003,30.648000000000003,188.218,185.963,65.1,55.0,30.9,99.2,68.6,88.6,95.408,87.9,94.2,91.1,94.4,19.422,5,5,5,41.469
7.33,4,30.575,33.569,30.945,29.322,187.945,185.685,65.1,55.0,30.9,99.2,68.6,88.6,95.405,87.9,94.2,91.1,94.4,19.5,5,5,5,41.661
7.35,4,30.174,34.057,30.851999999999997,30.086,187.627,185.37400000000002,65.1,55.0,30.9,99.2,68.6,88.6,95.403,87.9,94.2,91.1,94.4,19.819000000000003,5,5,5,41.736000000000004
7.37,4,30.533,33.221999999999994,30.439,35.327,187.4,185.175,65.1,55.0,30.9,99.2,68.6,88.6,95.402,87.9,94.2,91.1,94.4,19.631,5,5,5,41.785
7.39,4,30.166999999999998,32.982,30.636,30.783,187.139,184.886,65.1,55.0,30.9,99.2,68.6,88.6,95.40100000000001,87.9,94.2,91.1,94.4,19.345,5,5,5,41.701
7.41,4,29.723000000000003,32.388000000000005,30.263,37.67,186.86700000000002,184.642,65.1,55.0,30.9,99.2,68.6,88.6,95.4,87.9,94.2,91.1,94.4,19.249000000000002,5,5,5,41.628
7.43,4,30.088,32.533,29.980999999999998,30.873,186.606,184.398,65.1,55.0,30.9,99.2,68.6,88.6,95.4,87.9,94.2,91.1,94.4,19.169,5,5,5,41.461
7.45,4,29.263,31.91,29.679000000000002,38.979,186.345,184.144,65.1,55.0,30.9,99.2,68.6,88.6,95.4,87.9,94.2,91.1,94.4,19.154000000000003,5,5,5,41.340999999999994
7.47,4,29.171999999999997,32.666,29.587,36.022,186.06099999999998,183.9,65.1,55.0,30.9,99.2,68.6,88.6,95.4,87.9,94.2,91.1,94.4,19.339,5,5,5,41.147
7.49,4,29.2,32.312,29.569000000000003,35.551,185.8,183.678,65.1,55.0,30.9,99.2,68.6,88.6,95.4,87.9,94.2,91.1,94.4,19.593,5,5,5,41.090999999999994
7.51,4,29.065,31.853,29.651999999999997,35.334,185.562,183.457,65.1,55.0,30.9,99.2,68.6,88.6,95.4,87.9,94.2,91.1,94.4,19.407,5,5,5,41.111999999999995
7.53,4,28.545,31.419,29.596999999999998,33.275,185.29,183.236,65.1,55.0,30.9,99.2,68.6,88.6,95.4,87.9,94.2,91.1,94.4,19.442999999999998,5,5,5,41.138999999999996
7.55,4,28.769000000000002,31.714000000000002,29.559,34.120999999999995,185.02900000000002,182.99200000000002,65.1,55.0,30.9,99.2,68.6,88.6,95.4,87.9,94.2,91.1,94.4,19.429000000000002,5,5,5,41.204
7.57,4,28.915,32.141,29.590999999999998,36.635999999999996,184.825,182.793,65.1,55.0,30.9,99.2,68.6,88.6,95.4,87.9,94.2,91.1,94.4,19.141,5,5,5,41.233000000000004
7.59,4,28.665,32.033,29.383000000000003,37.298,184.632,182.59400000000002,65.1,55.0,30.9,99.2,68.6,88.6,95.4,87.9,94.2,91.1,94.4,19.302999999999997,5,5,5,41.150999999999996
7.61,4,28.433000000000003,31.576999999999998,29.433000000000003,31.61,184.315,182.33900000000003,65.1,55.0,30.9,99.2,68.6,88.6,95.4,87.9,94.2,91.1,94.4,19.36,5,5,5,41.079
7.63,4,28.136,31.741,29.483,36.331,184.055,182.15099999999998,65.1,55.0,30.9,99.2,68.6,88.6,95.4,87.9,94.2,91.1,94.4,19.227,5,5,5,41.135999999999996
7.65,4,28.193,31.203000000000003,29.484,30.691,183.873,181.94099999999997,65.1,55.0,30.9,99.2,68.6,88.513,95.4,87.9,94.2,91.1,94.4,19.281,5,5,5,41.17
7.67,4,28.479,31.089000000000002,29.334,33.864000000000004,183.613,181.709,65.1,55.0,30.9,99.2,68.6,88.46300000000001,95.4,87.9,94.2,91.1,94.4,19.218,5,5,5,41.304
7.69,4,28.006999999999998,31.436,28.86,27.935,183.43200000000002,181.521,65.1,55.0,30.9,99.2,68.6,88.436,95.4,87.9,94.2,91.1,94.4,19.268,5,5,5,41.415
7.71,4,27.708000000000002,31.441,29.12,31.41,183.148,181.28900000000002,65.1,55.0,30.9,99.2,68.6,88.42,95.4,87.9,94.2,91.1,94.4,19.314999999999998,5,5,5,41.503
7.73,4,27.669,30.95,29.031999999999996,26.271,182.91099999999997,181.06799999999998,65.1,55.0,30.9,99.2,68.6,88.411,95.4,87.9,94.2,91.1,94.4,19.469,5,5,5,41.641999999999996
7.75,4,27.756,31.225,28.954,33.251999999999995,182.74099999999999,180.84799999999998,65.1,55.0,30.9,99.2,68.6,88.406,95.4,87.9,94.2,91.1,94.4,19.194000000000003,5,5,5,41.760999999999996
7.77,4,27.923000000000002,31.031999999999996,28.699,27.338,182.46900000000002,180.638,65.1,55.0,30.9,99.2,68.6,88.404,95.4,87.9,94.2,91.1,94.4,19.419,5,5,5,41.691
7.79,4,27.57,31.573,28.587,33.57,182.22,180.428,65.1,55.0,30.9,99.2,68.6,88.402,95.4,87.9,94.2,91.1,94.4,19.391,5,5,5,41.592
7.81,4,27.385,30.479,28.338,34.405,181.99400000000003,180.185,65.1,55.0,30.9,99.2,68.6,88.40100000000001,95.4,87.9,94.2,91.1,94.4,19.594,5,5,5,41.474000000000004
7.83,4,27.163,30.469,28.427,33.986000000000004,181.77900000000002,179.975,65.1,55.0,30.9,99.2,68.6,88.40100000000001,95.4,87.9,94.2,91.1,94.4,19.387,5,5,5,41.327
7.85,4,27.201,30.47,28.046999999999997,41.909,181.56400000000002,179.78799999999998,65.1,55.0,30.9,99.2,68.6,88.4,95.4,87.9,94.2,91.1,94.4,19.675,5,5,5,41.303
7.87,4,27.070999999999998,30.846999999999998,28.072,34.663,181.292,179.578,65.1,55.0,30.9,99.2,68.6,88.4,95.4,87.9,94.2,91.1,94.4,19.589,5,5,5,41.114000000000004
7.89,4,26.874000000000002,30.598000000000003,28.15,43.342,181.1,179.38,65.1,55.0,30.9,99.2,68.6,88.4,95.4,87.9,94.2,91.1,94.4,19.266,5,5,5,40.978
7.91,4,27.06,31.122,27.864,36.781,180.896,179.18099999999998,65.1,55.0,30.9,99.2,68.6,88.4,95.4,87.9,94.2,91.1,94.4,19.372999999999998,5,5,5,40.736000000000004
7.93,4,27.201999999999998,30.316999999999997,27.975,45.364000000000004,180.67,179.02700000000002,65.1,55.0,30.9,99.2,68.6,88.4,95.4,87.9,94.2,91.1,94.4,19.413,5,5,5,40.604
7.95,4,26.315,30.726999999999997,28.108,41.291,180.421,178.88299999999998,65.1,55.0,30.9,99.2,68.6,88.4,95.4,87.9,94.2,91.1,94.4,19.173000000000002,5,5,5,40.387
7.97,4,26.468000000000004,31.021,28.703000000000003,47.6,180.25099999999998,178.707,65.1,55.0,30.9,99.2,68.6,88.4,95.4,87.9,94.2,91.1,94.4,19.297,5,5,5,40.195
7.99,4,27.076999999999998,31.502,28.499000000000002,47.36600000000001,180.07,178.586,65.1,55.0,30.9,99.2,68.6,88.4,95.4,87.9,94.2,91.1,94.4,19.398,5,5,5,39.976
8.01,4,26.462,31.288,29.016,51.085,179.889,178.487,65.1,55.0,30.9,99.2,68.6,88.4,95.4,87.9,94.2,91.1,94.4,19.397,5,5,5,39.81
8.03,4,26.581,32.095,29.394000000000002,51.151,179.685,178.376,65.1,55.0,30.9,99.2,68.6,88.4,95.4,87.9,94.2,91.1,94.4,19.427999999999997,5,5,5,39.656
8.05,4,26.584,32.283,29.61,52.123999999999995,179.50400000000002,178.266,65.1,55.0,30.9,99.2,68.6,88.4,95.4,87.9,94.2,91.1,94.4,20.997,5,5,5,39.454
8.07,4,26.87,32.859,30.419,47.729,179.357,178.101,65.1,55.0,30.9,99.2,68.6,88.4,95.4,87.9,94.2,91.1,94.4,21.477999999999998,5,5,5,39.340999999999994
8.09,4,27.005,33.025999999999996,31.045,51.315,179.188,178.035,65.1,55.0,30.9,99.2,68.6,88.4,95.4,87.9,94.2,91.1,94.4,20.579,5,5,5,39.346000000000004
8.11,4,27.552,33.816,31.32,48.958999999999996,179.02900000000002,177.936,65.1,55.0,30.9,99.2,68.6,88.4,95.4,87.9,94.2,91.1,94.4,21.25,5,5,5,39.32
8.13,4,27.618000000000002,34.04,31.701,44.582,178.882,177.781,65.1,55.0,30.9,99.2,68.6,88.4,95.4,87.9,94.2,91.1,94.4,20.974,5,5,5,39.262
8.15,4,28.425,34.141,32.257,45.226,178.724,177.66,65.1,55.0,30.9,99.2,68.6,88.4,95.4,87.9,94.2,91.1,94.4,20.259,5,5,5,39.326
8.17,4,28.418000000000003,34.993,32.775,41.588,178.577,177.539,65.1,55.0,30.9,99.2,68.6,88.4,95.4,87.9,94.2,91.1,94.4,20.415999999999997,5,5,5,39.414
8.19,4,28.98,35.414,32.986999999999995,42.077,178.418,177.385,65.1,55.0,30.9,99.2,68.6,88.4,95.4,87.9,94.2,91.1,94.4,20.274,5,5,5,39.577
8.21,4,28.951,35.374,33.148,39.379,178.237,177.23,65.1,55.0,30.9,99.2,68.6,88.4,95.4,87.9,94.2,91.1,94.4,20.665,5,5,5,39.732
8.23,4,29.605,35.476,33.075,40.26,178.06799999999998,177.054,65.1,55.0,30.9,99.2,68.6,88.4,95.4,87.9,94.2,91.1,94.4,20.337,5,5,5,39.878
8.25,4,29.546999999999997,35.553,33.468,33.105000000000004,177.898,176.878,65.1,55.0,30.9,99.2,68.6,88.4,95.4,87.9,94.2,91.1,94.4,20.401,5,5,5,40.004000000000005
8.27,4,29.72,35.484,33.439,36.504999999999995,177.717,176.713,65.1,55.0,30.9,99.2,68.6,88.4,95.4,87.9,94.2,91.1,94.4,20.506999999999998,5,5,5,40.184
8.29,4,30.648000000000003,35.812,33.328,32.912,177.57,176.525,65.1,54.9,31.0,99.3,68.5,88.4,95.4,87.9,94.2,91.1,94.4,20.575,5,5,5,40.331
8.31,4,30.471,35.553,33.349000000000004,35.278000000000006,177.389,176.305,65.1,54.9,31.0,99.3,68.5,88.4,95.4,87.9,94.2,91.1,94.4,20.615000000000002,5,5,5,40.522
8.33,4,30.299,36.175,33.11,36.233000000000004,177.185,176.151,65.1,54.9,31.0,99.3,68.5,88.4,95.4,87.9,94.2,91.1,94.4,20.247999999999998,5,5,5,40.581999999999994
8.35,4,30.509,35.287,32.726,36.958,177.015,175.953,65.1,54.9,31.0,99.3,68.5,88.4,95.4,87.9,94.2,91.1,94.4,20.552999999999997,5,5,5,40.579
8.37,4,30.364,35.201,32.659000000000006,37.614000000000004,176.812,175.744,65.1,54.9,31.0,99.3,68.5,88.4,95.4,87.9,94.2,91.1,94.4,20.348,5,5,5,40.503
8.39,4,30.691999999999997,34.531,32.43,39.042,176.585,175.535,65.1,54.9,31.0,99.3,68.5,88.4,95.4,87.9,94.2,91.1,94.4,21.028,5,5,5,40.416
8.41,4,30.578000000000003,35.379999999999995,32.296,32.623000000000005,176.438,175.369,65.1,54.9,31.0,99.3,68.5,88.4,95.4,87.9,94.2,91.1,94.4,20.512999999999998,5,5,5,40.385999999999996
8.43,4,30.486,34.771,32.196,35.45,176.246,175.215,65.1,54.9,31.0,99.3,68.5,88.4,95.4,87.9,94.2,91.1,94.4,20.53,5,5,5,40.499
8.45,4,30.023000000000003,35.177,32.187,33.605999999999995,175.997,174.97299999999998,65.1,54.9,31.0,99.3,68.5,88.4,95.4,87.9,94.2,91.1,94.4,21.430999999999997,5,5,5,40.601
8.47,4,30.598000000000003,35.15,31.918000000000003,37.918,175.861,174.83,65.1,54.9,31.0,99.3,68.5,88.4,95.4,87.9,94.2,91.1,94.4,20.925,5,5,5,40.68300000000001
8.49,4,30.491,34.704,31.885,29.794,175.657,174.687,65.1,54.9,31.0,99.3,68.5,88.4,95.4,87.9,94.2,91.1,94.4,20.947000000000003,5,5,5,40.653999999999996
8.51,4,30.142,34.721999999999994,31.811999999999998,37.359,175.453,174.445,65.1,54.9,31.0,99.3,68.5,88.4,95.4,87.9,94.2,91.1,94.4,20.386,5,5,5,40.797
8.53,4,29.933000000000003,34.674,31.823,30.621,175.27200000000002,174.236,65.1,54.9,31.0,99.3,68.5,88.4,95.4,87.9,94.2,91.1,94.4,20.907,5,5,5,40.891
8.55,4,30.127,34.399,31.535,39.783,175.05700000000002,174.071,65.1,54.9,31.0,99.3,68.5,88.4,95.4,87.9,94.2,91.1,94.4,21.201,5,5,5,41.09
8.57,4,30.41,33.788,31.320999999999998,33.758,174.865,173.895,65.1,54.9,31.0,99.3,68.5,88.4,95.4,87.9,94.2,91.1,94.4,20.55,5,5,5,40.97
8.59,4,30.197,34.422,31.335,41.118,174.683,173.697,65.1,54.9,31.0,99.3,68.5,88.4,95.4,87.9,94.2,91.1,94.4,20.442999999999998,5,5,5,40.951
8.61,4,30.186999999999998,34.009,30.956999999999997,34.777,174.468,173.455,65.1,54.9,31.0,99.3,68.5,88.4,95.4,87.9,94.2,91.1,94.4,20.417,5,5,5,40.777
8.63,4,29.76,33.227,30.884,43.867,174.321,173.312,65.1,54.9,31.0,99.3,68.5,88.4,95.4,87.9,94.2,91.1,94.4,20.588,5,5,5,40.741
8.65,4,30.034000000000002,33.421,30.828000000000003,36.169,174.106,173.14600000000002,65.1,54.9,31.0,99.3,68.5,88.4,95.4,87.9,94.2,91.1,94.4,20.381999999999998,5,5,5,40.533
8.67,4,29.989,33.367,30.631,45.808,173.89,172.959,65.1,54.9,31.0,99.3,68.5,88.4,95.4,87.9,94.2,91.1,94.4,20.435000000000002,5,5,5,40.465999999999994
8.69,4,29.892,33.122,30.592,36.411,173.709,172.783,65.1,54.9,31.0,99.3,68.5,88.4,95.4,87.9,94.2,91.1,94.4,20.213,5,5,5,40.238
8.71,4,30.061,33.644000000000005,30.565,44.044000000000004,173.516,172.585,65.1,54.9,31.0,99.3,68.5,88.4,95.4,87.9,94.2,91.1,94.4,20.695,5,5,5,40.104
8.73,4,29.506,33.239999999999995,30.456,34.955,173.312,172.42,65.1,54.9,31.0,99.3,68.5,88.4,95.4,87.9,94.2,91.1,94.4,20.215,5,5,5,39.989000000000004
8.75,4,29.469,33.260000000000005,30.654,43.808,173.165,172.321,65.1,54.9,31.0,99.3,68.5,88.4,95.4,87.9,94.2,91.1,94.4,20.348,5,5,5,40.129000000000005
8.77,4,29.443,33.215,30.848000000000003,34.129000000000005,172.983,172.134,65.1,54.9,31.0,99.3,68.5,88.4,95.4,87.9,94.2,91.1,94.4,20.57,5,5,5,40.153000000000006
8.79,4,29.724,33.425,30.695,44.431999999999995,172.756,172.002,65.1,54.9,31.0,99.3,68.5,88.4,95.4,87.9,94.2,91.1,94.4,20.144,5,5,5,40.326
8.81,4,29.303,33.781,30.86,35.006,172.609,171.859,65.1,54.9,31.0,99.3,68.5,88.4,95.4,87.9,94.2,91.1,94.4,20.612000000000002,5,5,5,40.282
8.83,4,29.638,32.917,30.877,42.786,172.416,171.694,65.1,54.9,31.0,99.3,68.5,88.4,95.4,87.9,94.2,91.1,94.4,20.201999999999998,5,5,5,40.175
8.85,4,29.872,33.658,30.776999999999997,33.759,172.201,171.54,65.1,54.9,31.0,99.3,68.5,88.4,95.4,87.9,94.2,91.1,94.4,20.189,5,5,5,40.051
8.87,4,29.405,33.028999999999996,30.685,41.274,172.042,171.408,65.1,54.9,31.0,99.3,68.5,88.4,95.4,87.9,94.2,91.1,94.4,20.244,5,5,5,40.191
8.89,4,29.436,33.501999999999995,30.801,32.81,171.849,171.276,65.1,54.9,31.0,99.3,68.5,88.4,95.4,87.9,94.2,91.1,94.4,20.387999999999998,5,5,5,40.288
8.91,4,29.004,33.128,30.805999999999997,41.753,171.735,171.13299999999998,65.1,54.9,31.0,99.3,68.5,88.4,95.4,87.9,94.2,91.1,94.4,20.222,5,5,5,40.478
8.93,4,29.092,33.828,30.857,33.519999999999996,171.576,170.95600000000002,65.1,54.9,31.0,99.3,68.5,88.4,95.4,87.9,94.2,91.1,94.4,20.369999999999997,5,5,5,40.531
8.95,4,29.724,32.796,30.454,37.983000000000004,171.338,170.75799999999998,65.1,54.9,31.0,99.3,68.5,88.4,95.4,87.9,94.2,91.1,94.4,20.195,5,5,5,40.721999999999994
8.97,4,29.235,32.948,30.585,32.187,171.19,170.60399999999998,65.1,54.9,31.0,99.3,68.5,88.4,95.4,87.9,94.2,91.1,94.4,20.305,5,5,5,40.753
8.99,4,29.244,32.84,30.456999999999997,31.344,171.031,170.472,65.1,54.9,31.0,99.3,68.5,88.4,95.4,87.9,94.2,91.1,94.4,20.124000000000002,5,5,5,40.753
9.01,4,28.503,33.198,30.583000000000002,29.281,170.849,170.373,65.1,54.9,31.0,99.3,68.5,88.4,95.4,87.9,94.2,91.1,94.4,20.247999999999998,5,5,5,40.828
9.03,4,28.684,32.655,30.476,31.651,170.667,170.142,65.1,54.9,31.0,99.3,68.5,88.4,95.4,87.9,94.2,91.1,94.4,19.837,5,5,5,40.975
9.05,4,28.846,33.247,30.241999999999997,27.662,170.463,169.944,65.1,54.9,31.0,99.3,68.5,88.4,95.4,87.9,94.2,91.1,94.4,19.567,5,5,5,41.128
9.07,4,29.254,32.983000000000004,29.883000000000003,32.626,170.338,169.778,65.1,54.9,31.0,99.3,68.5,88.4,95.4,87.9,94.2,91.1,94.4,19.481,5,5,5,41.147
9.09,4,28.631999999999998,32.905,29.823,34.095,170.13299999999998,169.64600000000002,65.1,54.9,31.0,99.3,68.5,88.4,95.4,87.9,94.2,91.1,94.4,19.494,5,5,5,41.064
9.11,4,28.913,32.083,29.529,33.713,169.96200000000002,169.481,65.1,54.9,31.0,99.3,68.5,88.4,95.4,87.9,94.2,91.1,94.4,19.417,5,5,5,40.906
9.13,4,28.553,32.715,29.596999999999998,36.873000000000005,169.769,169.305,65.1,54.9,31.0,99.3,68.5,88.4,95.4,87.9,94.2,91.1,94.4,19.514000000000003,5,5,5,40.781
9.15,4,28.721999999999998,31.877,29.416999999999998,36.622,169.59799999999998,169.173,65.1,54.9,31.0,99.3,68.5,88.4,95.4,87.9,94.2,91.1,94.4,19.375,5,5,5,40.625
9.17,4,28.531999999999996,32.124,29.428,39.064,169.45,168.996,65.1,54.9,31.0,99.3,68.5,88.4,95.4,87.9,94.2,91.1,94.4,19.423000000000002,5,5,5,40.475
9.19,4,28.776,32.403000000000006,29.285999999999998,39.181,169.268,168.85299999999998,65.1,54.9,31.0,99.3,68.5,88.4,95.4,87.9,94.2,91.1,94.4,19.536,5,5,5,40.291
9.21,4,28.426,32.085,29.244,41.47,169.108,168.69899999999998,65.1,54.9,31.0,99.3,68.5,88.4,95.4,87.9,94.2,91.1,94.4,19.588,5,5,5,40.088
9.23,4,28.703000000000003,32.111000000000004,29.333000000000002,42.545,168.92600000000002,168.6,65.1,54.9,31.0,99.3,68.5,88.4,95.4,87.9,94.2,91.1,94.4,19.532,5,5,5,39.897
9.25,4,28.18,32.204,29.348000000000003,44.482,168.744,168.424,65.1,54.9,31.0,99.3,68.5,88.4,95.4,87.9,94.2,91.1,94.4,19.504,5,5,5,39.712
9.27,4,28.090999999999998,32.333,29.445999999999998,45.75,168.584,168.313,65.1,54.9,31.0,99.3,68.5,88.4,95.4,87.9,94.2,91.1,94.4,19.564999999999998,5,5,5,39.475
9.29,4,28.394000000000002,32.184,29.826999999999998,47.553000000000004,168.425,168.214,65.1,54.9,31.0,99.3,68.5,88.4,95.4,87.9,94.2,91.1,94.4,19.578,5,5,5,39.301
9.31,4,28.105,32.459,30.204,49.128,168.276,168.093,65.1,54.9,31.0,99.3,68.5,88.4,95.4,87.9,94.2,91.1,94.4,19.52,5,5,5,39.120999999999995
9.33,4,28.561999999999998,32.977,30.449,50.438,168.139,168.049,65.1,54.9,31.0,99.3,68.5,88.4,95.4,87.9,94.2,91.1,94.4,19.512999999999998,5,5,5,38.965
9.35,4,28.028000000000002,33.001,30.929000000000002,51.272,167.968,167.939,65.1,54.9,31.0,99.3,68.5,88.4,95.4,87.9,94.2,91.1,94.4,19.509999999999998,5,5,5,38.811
9.37,4,28.379,33.664,31.319000000000003,52.937,167.83100000000002,167.85,65.1,54.9,31.0,99.3,68.5,88.4,95.4,87.9,94.2,91.1,94.4,19.525,5,5,5,38.666
9.39,4,28.247,34.501,31.645,53.996,167.671,167.773,65.1,54.9,31.0,99.3,68.5,88.4,95.4,87.9,94.2,91.1,94.4,19.586,5,5,5,38.5
9.41,4,28.234,34.301,32.344,54.36600000000001,167.55700000000002,167.718,65.1,54.9,31.0,99.3,68.5,88.4,95.4,87.9,94.2,91.1,94.4,19.445999999999998,5,5,5,38.344
9.43,4,28.346999999999998,34.524,32.92,55.21,167.44299999999998,167.641,65.1,54.9,31.0,99.3,68.5,88.4,95.4,87.9,94.2,91.1,94.4,19.425,5,5,5,38.230000000000004
9.45,4,28.524,35.337,33.486000000000004,55.989,167.306,167.597,65.1,54.9,31.0,99.3,68.5,88.4,95.4,87.9,94.2,91.1,94.4,19.551,5,5,5,38.063
9.47,4,29.142,35.839,34.11,55.989,167.158,167.498,65.1,54.9,31.0,99.3,68.5,88.4,95.4,87.9,94.2,91.1,94.4,19.564999999999998,5,5,5,37.963
9.49,4,29.12,36.384,34.93300000000001,56.367,167.032,167.409,65.1,54.9,31.0,99.3,68.5,88.4,95.4,87.9,94.2,91.1,94.4,19.615000000000002,5,5,5,37.883
9.51,4,29.744,37.747,35.617,55.85,166.895,167.332,65.1,54.9,31.0,99.3,68.5,88.4,95.4,87.9,94.2,91.1,94.4,19.487000000000002,5,5,5,37.739000000000004
9.53,4,30.049,38.071999999999996,36.162,56.262,166.769,167.244,65.1,54.9,31.0,99.3,68.5,88.4,95.4,87.9,94.2,91.1,94.4,19.765,5,5,5,37.647
9.55,4,30.115,38.256,36.703,55.787,166.67700000000002,167.145,65.1,54.9,31.0,99.3,68.5,88.4,95.4,87.9,94.2,91.1,94.4,19.548000000000002,5,5,5,37.624
9.57,4,30.678,39.241,37.497,56.638000000000005,166.563,167.023,65.1,54.9,31.0,99.3,68.5,88.4,95.4,87.9,94.2,91.1,94.4,19.584000000000003,5,5,5,37.542
9.59,4,30.979,39.963,37.915,56.378,166.42600000000002,166.957,65.1,54.9,31.0,99.3,68.5,88.4,95.4,87.9,94.2,91.1,94.4,19.569000000000003,5,5,5,37.519999999999996
9.61,4,31.511,40.445,38.669000000000004,56.541000000000004,166.27700000000002,166.814,65.1,54.9,31.0,99.3,68.5,88.4,95.4,87.9,94.2,91.1,94.4,19.613,5,5,5,37.468
9.63,4,31.508000000000003,41.324,39.287,55.258,166.14,166.648,65.1,54.9,31.0,99.3,68.5,88.4,95.4,87.9,94.2,91.1,94.4,19.595,5,5,5,37.438
9.65,4,32.172,41.731,39.574,53.903,166.048,166.637,65.1,54.9,31.0,99.3,68.5,88.4,95.4,87.9,94.2,91.1,94.4,19.304000000000002,5,5,5,37.458
9.67,4,32.589,42.232,40.196999999999996,53.31399999999999,165.888,166.45,65.1,54.9,31.0,99.3,68.5,88.4,95.4,87.9,94.2,91.1,94.4,19.304000000000002,5,5,5,37.509
9.69,4,32.57,42.883,40.499,53.688,165.773,166.38299999999998,65.1,54.9,31.0,99.3,68.5,88.4,95.4,87.9,94.2,91.1,94.4,19.456,5,5,5,37.553
9.71,4,33.095,43.541,40.93,42.413000000000004,165.681,166.22899999999998,65.1,54.9,31.0,99.3,68.5,88.4,95.4,87.9,94.2,91.1,94.4,19.429000000000002,5,5,5,37.638999999999996
9.73,4,33.794,43.168,40.899,49.815,165.54399999999998,166.118,65.1,54.9,31.0,99.3,68.5,88.4,95.4,87.9,94.2,91.1,94.4,19.465,5,5,5,37.863
9.75,4,33.545,43.041,41.155,47.982,165.372,165.92,65.1,54.9,31.0,99.3,68.5,88.4,95.4,87.9,94.2,91.1,94.4,19.23,5,5,5,37.986000000000004
9.77,4,34.435,43.895,41.241,46.233999999999995,165.22299999999998,165.765,65.1,54.9,31.0,99.3,68.5,88.4,95.4,87.9,94.2,91.1,94.4,19.338,5,5,5,38.032
9.79,4,34.422,43.366,41.121,43.786,165.085,165.67700000000002,65.1,54.9,31.0,99.3,68.5,88.4,95.4,87.9,94.2,91.1,94.4,19.285,5,5,5,38.039
9.81,4,35.153999999999996,43.656,41.216,43.37,164.97,165.511,65.1,54.9,31.0,99.3,68.5,88.4,95.4,87.9,94.2,91.1,94.4,19.505000000000003,5,5,5,38.182
9.83,4,34.851,43.588,41.194,45.792,164.821,165.30100000000002,65.1,54.9,31.0,99.3,68.5,88.4,95.4,87.9,94.2,91.1,94.4,19.504,5,5,5,38.318
9.85,4,35.152,44.13,41.201,39.411,164.66,165.224,65.1,54.9,31.0,99.3,68.5,88.4,95.4,87.9,94.2,91.1,94.4,19.381,5,5,5,38.335
9.87,4,35.617,43.608000000000004,41.19,40.330999999999996,164.55700000000002,165.091,65.1,54.9,31.0,99.3,68.5,88.4,95.4,87.9,94.2,91.1,94.4,19.572000000000003,5,5,5,38.488
9.89,4,35.870000000000005,43.541,41.143,39.449,164.431,164.903,65.1,54.9,31.0,99.3,68.5,88.4,95.4,87.9,94.2,91.1,94.4,19.677,5,5,5,38.641999999999996
9.91,4,36.135000000000005,43.519,41.033,38.084,164.235,164.759,65.1,54.9,31.0,99.3,68.5,88.4,95.4,87.9,94.2,91.1,94.4,19.413,5,5,5,38.831
9.93,4,36.195,43.414,40.825,36.608000000000004,164.109,164.582,65.1,54.9,31.0,99.3,68.5,88.4,95.4,87.9,94.2,91.1,94.4,19.489,5,5,5,38.973
9.95,4,36.173,43.539,40.743,35.034000000000006,163.94799999999998,164.45,65.1,54.9,31.0,99.3,68.5,88.4,95.4,87.9,94.2,91.1,94.4,19.57,5,5,5,39.147
9.97,4,36.489000000000004,42.614000000000004,40.400999999999996,38.1,163.752,164.295,65.1,54.9,31.0,99.3,68.5,88.4,95.4,87.9,94.2,91.1,94.4,19.219,5,5,5,39.31
9.99,4,36.576,43.389,40.126,31.625,163.683,164.14,65.1,54.9,31.0,99.3,68.5,88.4,95.4,87.9,94.2,91.1,94.4,19.586,5,5,5,39.351
10.01,4,36.925,43.193000000000005,39.632,36.968,163.51,163.974,65.1,54.9,31.0,99.3,68.5,88.4,95.4,87.9,94.2,91.1,94.4,19.46,5,5,5,39.602
10.03,4,36.876,42.641999999999996,39.435,31.506999999999998,163.291,163.753,65.1,54.9,31.0,99.3,68.5,88.4,95.4,87.9,94.2,91.1,94.4,19.110999999999997,5,5,5,39.726
10.05,4,36.525999999999996,42.652,39.083,34.084,163.222,163.59799999999998,65.1,54.9,31.0,99.3,68.5,88.4,95.4,87.9,94.2,91.1,94.4,19.125999999999998,5,5,5,39.749
10.07,4,36.89,41.868,38.583,34.242,163.03799999999998,163.487,65.1,54.9,31.0,99.3,68.5,88.4,95.4,87.9,94.2,91.1,94.4,19.269,5,5,5,39.694
10.09,4,36.233000000000004,42.347,38.421,36.156,162.842,163.31,65.1,54.9,31.0,99.3,68.5,88.4,95.4,87.9,94.2,91.1,94.4,19.174,5,5,5,39.632
10.11,4,35.93300000000001,41.513000000000005,38.046,34.759,162.692,163.099,65.1,54.9,31.0,99.3,68.5,88.4,95.4,87.9,94.2,91.1,94.4,19.218,5,5,5,39.538
10.13,4,37.082,41.353,37.547,33.579,162.542,162.922,65.1,54.9,31.0,99.3,68.5,88.4,95.4,87.9,94.2,91.1,94.4,19.142000000000003,5,5,5,39.537
10.15,4,36.18,41.408,37.318000000000005,33.617,162.357,162.789,65.1,54.9,31.0,99.3,68.5,88.4,95.4,87.9,94.2,91.1,94.4,19.215,5,5,5,39.672
10.17,4,36.590999999999994,41.176,37.141999999999996,35.455,162.195,162.611,65.1,54.9,31.0,99.3,68.5,88.4,95.4,87.9,94.2,91.1,94.4,19.09,5,5,5,39.786
10.19,4,35.973,40.938,36.911,35.123000000000005,162.08,162.5,65.1,54.9,31.0,99.3,68.5,88.4,95.4,87.9,94.2,91.1,94.4,19.21,5,5,5,39.787
10.21,4,36.191,40.884,36.592,32.436,161.895,162.30100000000002,65.1,54.9,31.0,99.3,68.5,88.4,95.45,87.9,94.2,91.1,94.4,19.095999999999997,5,5,5,39.751
10.23,4,36.114999999999995,40.443000000000005,36.532,37.959,161.767,162.22299999999998,65.1,54.9,31.0,99.3,68.5,88.4,95.516,87.9,94.2,91.1,94.4,19.215,5,5,5,39.765
10.25,4,35.89,40.400999999999996,36.384,36.44,161.594,162.056,65.1,54.9,31.0,99.3,68.5,88.4,95.553,87.9,94.2,91.1,94.4,19.287,5,5,5,39.735
10.27,4,35.801,40.086999999999996,35.494,39.152,161.44299999999998,161.912,65.1,54.9,31.0,99.3,68.5,88.4,95.57300000000001,87.9,94.2,91.1,94.4,19.214,5,5,5,39.676
10.29,4,36.345,39.485,35.412,38.536,161.316,161.779,64.9,54.9,31.0,99.6,68.4,88.4,95.585,87.9,94.2,91.1,94.4,19.255000000000003,5,5,5,39.491
10.31,4,35.745999999999995,39.705999999999996,33.984,40.734,161.142,161.634,64.9,54.9,31.0,99.6,68.4,88.4,95.592,87.9,94.2,91.1,94.4,19.217,5,5,5,39.367
10.33,4,35.56699999999999,39.82,34.944,41.321999999999996,160.98,161.512,64.9,54.9,31.0,99.6,68.4,88.4,95.595,87.9,94.2,91.1,94.4,19.17,5,5,5,39.247
10.35,4,35.763999999999996,39.616,35.428,43.273,160.806,161.346,64.9,54.9,31.0,99.6,68.4,88.4,95.597,87.9,94.2,91.1,94.4,19.124000000000002,5,5,5,39.114000000000004
10.37,4,35.898,39.738,35.364999999999995,44.062,160.69,161.234,64.9,54.9,31.0,99.6,68.4,88.4,95.598,87.9,94.2,91.1,94.4,19.231,5,5,5,38.967
10.39,4,35.29,39.949,35.21,46.041000000000004,160.516,161.06799999999998,64.9,54.9,31.0,99.6,68.4,88.4,95.59899999999999,87.9,94.2,91.1,94.4,19.238,5,5,5,38.818
10.41,4,35.653999999999996,39.475,35.323,46.88,160.376,160.968,64.9,54.9,31.0,99.6,68.4,88.4,95.6,87.9,94.2,91.1,94.4,19.119999999999997,5,5,5,38.667
10.43,4,35.503,39.433,35.4,47.913999999999994,160.237,160.812,64.9,54.9,31.0,99.6,68.4,88.4,95.6,87.9,94.2,91.1,94.4,19.226,5,5,5,38.508
10.45,4,35.346000000000004,39.789,35.539,48.983000000000004,160.07399999999998,160.756,64.9,54.9,31.0,99.6,68.4,88.4,95.6,87.9,94.2,91.1,94.4,19.232,5,5,5,38.357
10.47,4,34.9,40.294000000000004,35.796,49.562,159.958,160.6,64.9,54.9,31.0,99.6,68.4,88.4,95.6,87.9,94.2,91.1,94.4,19.07,5,5,5,38.232
10.49,4,35.492,39.722,35.986000000000004,51.048,159.783,160.489,64.9,54.9,31.0,99.6,68.4,88.4,95.6,87.9,94.2,91.1,94.4,19.205,5,5,5,38.077
10.51,4,35.05,39.228,35.819,51.615,159.632,160.4,64.9,54.9,31.0,99.6,68.4,88.4,95.6,87.9,94.2,91.1,94.4,19.232,5,5,5,37.968
10.53,4,35.041,40.324,36.361999999999995,52.65,159.504,160.289,64.9,54.9,31.0,99.6,68.4,88.4,95.6,87.9,94.2,91.1,94.4,19.219,5,5,5,37.85
10.55,4,35.478,40.204,36.421,53.577,159.364,160.17700000000002,64.9,54.9,31.0,99.6,68.4,88.4,95.6,87.9,94.2,91.1,94.4,19.316,5,5,5,37.694
10.57,4,35.073,40.168,36.974000000000004,53.68899999999999,159.2,160.077,64.9,54.9,31.0,99.6,68.4,88.4,95.6,87.9,94.2,91.1,94.4,19.261,5,5,5,37.631
10.59,4,34.730999999999995,40.624,37.246,54.41,159.072,159.954,64.9,54.9,31.0,99.6,68.4,88.4,95.6,87.9,94.2,91.1,94.4,19.336,5,5,5,37.534000000000006
10.61,4,34.941,40.909,37.544000000000004,54.622,158.93200000000002,159.85399999999998,64.9,54.9,31.0,99.6,68.4,88.4,95.6,87.9,94.2,91.1,94.4,19.417,5,5,5,37.43300000000001
10.63,4,34.964,41.108000000000004,37.95,54.038000000000004,158.71,159.754,64.9,54.9,31.0,99.6,68.4,88.4,95.6,87.9,94.2,91.1,94.4,19.339,5,5,5,37.376999999999995
10.65,4,34.982,41.366,38.179,50.331,158.722,159.642,64.9,54.9,31.0,99.6,68.4,88.4,95.6,87.9,94.2,91.1,94.4,19.225,5,5,5,37.355000000000004
10.67,4,35.176,41.986999999999995,38.643,52.77,158.488,159.52,64.9,54.9,31.0,99.6,68.4,88.4,95.6,87.9,94.2,91.1,94.4,19.204,5,5,5,37.507
10.69,4,35.209,41.99,38.834,50.478,158.395,159.43,64.9,54.9,31.0,99.6,68.4,88.4,95.6,87.9,94.2,91.1,94.4,19.240000000000002,5,5,5,37.527
10.71,4,34.947,41.53,39.046,50.982,158.278,159.308,64.9,54.9,31.0,99.6,68.4,88.4,95.6,87.9,94.2,91.1,94.4,19.213,5,5,5,37.527
10.73,4,35.156,42.866,39.088,50.24,158.172,159.207,64.9,54.9,31.0,99.6,68.4,88.4,95.6,87.9,94.2,91.1,94.4,19.267000000000003,5,5,5,37.537
10.75,4,35.162,42.58,39.434,50.507,158.02,159.05100000000002,64.9,54.9,31.0,99.6,68.4,88.4,95.6,87.9,94.2,91.1,94.4,19.269,5,5,5,37.536
10.77,4,35.074,42.56,39.528,48.883,157.915,158.928,64.9,54.9,31.0,99.6,68.4,88.4,95.6,87.9,94.2,91.1,94.4,19.195999999999998,5,5,5,37.54
10.79,4,35.285,43.064,39.571999999999996,49.586999999999996,157.762,158.783,64.9,54.9,31.0,99.6,68.4,88.4,95.6,87.9,94.2,91.1,94.4,19.320999999999998,5,5,5,37.531
10.81,4,35.528000000000006,42.928000000000004,39.77,49.04600000000001,157.621,158.68200000000002,64.9,54.9,31.0,99.6,68.4,88.4,95.6,87.9,94.2,91.1,94.4,19.137999999999998,5,5,5,37.527
10.83,4,35.247,42.818000000000005,39.771,49.92,157.528,158.537,64.9,54.9,31.0,99.6,68.4,88.4,95.6,87.9,94.2,91.1,94.4,18.966,5,5,5,37.538
10.85,4,35.224000000000004,43.363,39.989000000000004,49.803999999999995,157.363,158.335,64.9,54.9,31.0,99.6,68.4,88.4,95.6,87.9,94.2,91.1,94.4,19.052999999999997,5,5,5,37.535
10.87,4,35.191,42.801,39.89,48.872,157.164,158.201,64.9,54.9,31.0,99.6,68.4,88.4,95.6,87.9,94.2,91.1,94.4,19.1,5,5,5,37.541
10.89,4,35.376,43.743,40.09,48.461000000000006,157.07,158.056,64.9,54.9,31.0,99.6,68.4,88.4,95.6,87.9,94.2,91.1,94.4,19.105,5,5,5,37.605999999999995
10.91,4,35.574,43.496,40.073,49.693999999999996,157.023,158.0,64.9,54.9,31.0,99.6,68.4,88.4,95.6,87.9,94.2,91.1,94.4,19.307000000000002,5,5,5,37.635000000000005
10.93,4,35.287,43.975,40.396,47.43,156.893,157.899,64.9,54.9,31.0,99.6,68.4,88.4,95.6,87.9,94.2,91.1,94.4,19.281,5,5,5,37.628
10.95,4,35.353,43.156,40.329,47.619,156.74,157.709,64.9,54.9,31.0,99.6,68.4,88.4,95.6,87.9,94.2,91.1,94.4,19.187,5,5,5,37.633
10.97,4,35.478,43.306,40.536,47.593,156.58700000000002,157.585,64.9,54.9,31.0,99.6,68.4,88.4,95.6,87.9,94.2,91.1,94.4,19.180999999999997,5,5,5,37.632
10.99,4,35.381,43.617,40.198,47.306000000000004,156.469,157.47299999999998,64.9,54.9,31.0,99.6,68.4,88.4,95.6,87.9,94.2,91.1,94.4,19.304000000000002,5,5,5,37.632
11.01,4,35.908,43.184,40.257,48.718,156.34,157.361,64.9,54.9,31.0,99.6,68.4,88.4,95.6,87.9,94.2,91.1,94.4,19.246,5,5,5,37.632
11.03,4,35.474000000000004,43.829,40.174,47.343,156.186,157.204,64.9,54.9,31.0,99.6,68.4,88.4,95.6,87.9,94.2,91.188,94.4,20.201999999999998,5,5,5,37.635999999999996
11.05,4,35.843,43.894,40.329,43.546,156.092,157.114,64.9,54.9,31.0,99.6,68.4,88.4,95.6,87.9,94.2,91.237,94.4,20.255000000000003,5,5,5,37.687
11.07,4,35.589,44.114000000000004,40.454,48.342,155.92700000000002,156.879,64.9,54.9,31.0,99.6,68.4,88.4,95.6,87.9,94.288,91.264,94.4,20.316,5,5,5,37.9
11.09,4,36.004000000000005,44.122,40.329,40.436,155.832,156.811,64.9,54.9,31.0,99.6,68.4,88.4,95.6,87.9,94.337,91.28,94.4,20.235999999999997,5,5,5,37.929
11.11,4,35.795,43.736999999999995,40.305,41.868,155.667,156.654,64.9,54.9,31.0,99.6,68.4,88.4,95.6,87.9,94.36399999999999,91.289,94.4,20.217,5,5,5,38.129999999999995
11.13,4,36.08,44.145,40.09,40.915,155.47799999999998,156.575,64.9,54.9,31.0,99.6,68.4,88.4,95.6,87.9,94.38,91.294,94.4,20.328,5,5,5,38.230999999999995
11.15,4,36.107,43.055,39.849000000000004,41.582,155.407,156.339,64.9,54.9,31.0,99.6,68.4,88.4,95.6,87.9,94.389,91.296,94.4,20.459000000000003,5,5,5,38.257
11.17,4,36.025999999999996,43.772,40.15,41.988,155.312,156.249,64.9,54.9,31.0,99.6,68.4,88.4,95.6,87.9,94.39399999999999,91.298,94.4,20.273,5,5,5,38.262
11.19,4,35.603,44.055,40.016,43.391,155.205,156.114,64.9,54.9,31.0,99.6,68.4,88.4,95.6,87.9,94.396,91.29899999999999,94.4,20.217,5,5,5,38.265
11.21,4,36.229,43.615,39.97,43.699,155.016,156.002,64.9,54.9,31.0,99.6,68.4,88.4,95.6,87.9,94.398,91.29899999999999,94.4,20.347,5,5,5,38.266999999999996
11.23,4,36.196,43.588,39.705,44.278,154.89700000000002,155.822,64.9,54.9,31.0,99.6,68.4,88.4,95.6,87.9,94.399,91.3,94.4,20.631,5,5,5,38.268
11.25,4,35.91,43.872,39.867,43.372,154.719,155.641,64.9,54.9,31.0,99.6,68.4,88.4,95.6,87.9,94.399,91.3,94.4,20.603,5,5,5,38.249
11.27,4,36.161,43.516,39.650999999999996,45.189,154.66,155.55100000000002,64.9,54.9,31.0,99.6,68.4,88.4,95.6,87.9,94.4,91.3,94.4,20.384,5,5,5,38.269000000000005
11.29,4,35.65,43.274,39.437,44.991,154.505,155.495,64.9,54.9,31.0,99.6,68.4,88.4,95.6,87.9,94.4,91.3,94.4,20.437,5,5,5,38.271
11.31,4,35.653000000000006,43.57,39.688,41.894,154.363,155.269,64.9,54.9,31.0,99.6,68.4,88.4,95.6,87.9,94.4,91.3,94.4,20.216,5,5,5,38.243
11.33,4,35.772,43.562,39.473,44.049,154.22,155.134,64.9,54.9,31.0,99.6,68.4,88.4,95.6,87.9,94.4,91.3,94.4,20.183,5,5,5,38.313
11.35,4,35.836,43.403,39.25,40.02,154.101,155.066,64.9,54.9,31.0,99.6,68.4,88.4,95.6,87.9,94.4,91.3,94.4,20.434,5,5,5,38.427
11.37,4,35.689,43.132,39.219,35.633,153.97,154.908,64.9,54.9,31.0,99.6,68.4,88.4,95.6,87.95,94.4,91.3,94.4,20.159,5,5,5,38.608000000000004
11.39,4,35.754999999999995,43.108000000000004,39.167,38.919000000000004,153.803,154.705,64.9,54.9,31.0,99.6,68.4,88.4,95.6,88.016,94.4,91.3,94.4,20.43,5,5,5,38.751999999999995
11.41,4,36.06699999999999,43.066,38.948,31.409000000000002,153.731,154.705,64.9,54.9,31.0,99.6,68.4,88.4,95.65,88.053,94.4,91.3,94.4,20.18,5,5,5,38.826
11.43,4,35.624,42.786,39.153,33.641,153.612,154.558,64.9,54.9,31.0,99.6,68.4,88.4,95.71600000000001,88.07300000000001,94.4,91.3,94.4,20.091,5,5,5,38.959
11.45,4,36.033,43.349000000000004,38.839,34.807,153.481,154.388,64.9,54.9,31.0,99.6,68.4,88.4,95.753,88.085,94.4,91.3,94.4,20.142000000000003,5,5,5,39.152
11.47,4,35.678,43.014,38.689,32.93300000000001,153.314,154.219,64.9,54.9,31.0,99.6,68.4,88.4,95.773,88.092,94.4,91.3,94.4,20.134999999999998,5,5,5,39.31699999999999
11.49,4,35.715999999999994,42.544000000000004,38.146,35.701,153.11,154.026,64.9,54.9,31.0,99.6,68.4,88.45,95.785,88.095,94.4,91.3,94.4,20.72,5,5,5,39.462
11.51,4,35.559,42.623000000000005,37.992,33.525,153.02700000000002,153.935,64.9,54.9,31.0,99.6,68.4,88.516,95.792,88.097,94.4,91.3,94.4,20.004,5,5,5,39.482
11.53,4,35.445,42.102,37.828,36.400999999999996,152.94299999999998,153.833,64.9,54.9,31.0,99.6,68.4,88.553,95.795,88.098,94.4,91.3,94.425,20.192999999999998,5,5,5,39.456
11.55,4,35.826,41.833,37.348,35.063,152.787,153.66299999999998,64.9,54.9,31.0,99.6,68.4,88.57300000000001,95.797,88.09899999999999,94.4,91.3,94.502,20.04,5,5,5,39.355000000000004
11.57,4,35.68,41.872,37.264,38.019,152.691,153.584,64.9,54.9,31.0,99.6,68.4,88.585,95.79899999999999,88.1,94.4,91.3,94.545,20.182000000000002,5,5,5,39.305
11.59,4,35.321,41.703,37.247,37.13,152.547,153.471,64.9,54.9,31.0,99.6,68.4,88.592,95.79899999999999,88.1,94.4,91.3,94.569,20.079,5,5,5,39.201
11.61,4,35.733000000000004,41.501,36.938,40.091,152.36700000000002,153.357,64.9,54.9,31.0,99.6,68.4,88.595,95.8,88.1,94.4,91.3,94.582,19.92,5,5,5,39.123000000000005
11.63,4,35.542,40.858000000000004,36.697,40.501,152.27100000000002,153.19799999999998,64.9,54.9,31.0,99.6,68.4,88.597,95.8,88.1,94.4,91.3,94.59,20.139000000000003,5,5,5,38.980999999999995
11.65,4,35.425,41.814,36.751999999999995,42.571,152.127,153.141,64.9,54.9,31.0,99.6,68.4,88.598,95.8,88.1,94.4,91.3,94.594,20.220999999999997,5,5,5,38.92
11.67,4,35.4,41.168,36.594,42.919000000000004,152.055,152.959,64.9,54.9,31.0,99.6,68.4,88.59899999999999,95.8,88.1,94.4,91.3,94.597,20.024,5,5,5,38.763000000000005
11.69,4,35.561,40.663000000000004,36.69,44.118,151.874,152.812,64.9,54.9,31.0,99.6,68.4,88.6,95.8,88.1,94.4,91.3,94.598,20.107999999999997,5,5,5,38.650999999999996
11.71,4,35.321,41.014,36.408,45.181999999999995,151.766,152.69799999999998,64.9,54.9,31.0,99.6,68.4,88.6,95.8,88.1,94.4,91.3,94.59899999999999,20.106,5,5,5,38.499
11.73,4,35.458,40.998000000000005,36.409000000000006,46.043,151.609,152.607,64.9,54.9,31.0,99.6,68.4,88.6,95.8,88.1,94.4,91.3,94.59899999999999,20.179000000000002,5,5,5,38.361999999999995
11.75,4,35.319,40.132,36.446,47.555,151.513,152.493,64.9,54.9,31.0,99.6,68.4,88.6,95.8,88.1,94.4,91.3,94.6,19.987000000000002,5,5,5,38.236000000000004
11.77,4,35.109,40.408,36.626999999999995,48.015,151.368,152.39,64.9,54.9,31.0,99.6,68.4,88.6,95.8,88.1,94.4,91.3,94.6,20.165,5,5,5,38.107
11.79,4,35.096999999999994,40.327,36.513000000000005,44.464,151.16299999999998,152.24200000000002,64.9,54.9,31.0,99.6,68.4,88.6,95.8,88.1,94.4,91.3,94.6,20.037,5,5,5,37.989000000000004
11.81,4,35.603,40.622,36.655,45.534,151.114,152.197,64.9,54.9,31.0,99.6,68.4,88.6,95.8,88.1,94.4,91.3,94.6,20.187,5,5,5,38.004999999999995
11.83,4,34.751999999999995,40.567,36.585,46.398999999999994,150.957,152.06,64.9,54.9,31.0,99.6,68.4,88.6,95.8,88.1,94.4,91.3,94.6,20.134999999999998,5,5,5,38.042
11.85,4,35.366,41.29,36.694,50.833999999999996,150.86,152.014,64.9,54.9,31.0,99.6,68.4,88.6,95.8,88.1,94.4,91.3,94.6,20.338,5,5,5,38.028999999999996
11.87,4,35.18,40.935,36.745000000000005,49.751999999999995,150.776,151.832,64.9,54.9,31.0,99.6,68.4,88.6,95.8,88.1,94.4,91.3,94.6,20.380000000000003,5,5,5,37.805
11.89,4,35.175,40.838,36.801,52.637,150.606,151.752,64.9,54.9,31.0,99.6,68.4,88.6,95.8,88.1,94.4,91.3,94.6,20.372999999999998,5,5,5,37.619
11.91,4,34.946,40.859,36.915,54.008,150.497,151.615,64.9,54.9,31.0,99.6,68.4,88.6,95.8,88.1,94.4,91.3,94.6,20.195999999999998,5,5,5,37.456
11.93,4,35.182,41.213,37.141,55.693000000000005,150.4,151.535,64.9,54.9,31.0,99.6,68.4,88.6,95.8,88.1,94.4,91.3,94.6,20.293,5,5,5,37.322
11.95,4,34.777,40.778,37.48,56.705,150.20600000000002,151.466,64.9,54.9,31.0,99.6,68.4,88.6,95.8,88.1,94.4,91.3,94.6,20.576,5,5,5,37.152
11.97,4,34.242,41.777,37.781,57.538000000000004,150.181,151.363,64.9,54.9,31.0,99.6,68.4,88.6,95.8,88.1,94.4,91.3,94.6,20.468,5,5,5,37.008
11.99,4,35.125,41.093,37.721,59.532,149.96200000000002,151.249,64.9,54.9,31.0,99.6,68.4,88.6,95.8,88.1,94.4,91.3,94.6,20.514000000000003,5,5,5,36.858000000000004
12.01,4,34.695,41.384,38.134,60.356,149.889,151.192,64.9,54.9,31.0,99.6,68.4,88.6,95.8,88.1,94.4,91.3,94.6,20.475,5,5,5,36.730999999999995
12.03,4,35.016999999999996,42.061,38.173,60.526,149.78,151.054,64.9,54.9,31.0,99.6,68.4,88.6,95.8,88.1,94.4,91.3,94.6,20.023,5,5,5,36.563
12.05,4,34.768,41.928000000000004,38.344,61.51,149.658,150.951,64.9,54.9,31.0,99.6,68.4,88.6,95.8,88.1,94.4,91.3,94.6,20.103,5,5,5,36.403999999999996
12.07,4,34.467,42.396,38.908,62.223,149.536,150.882,64.9,54.9,31.0,99.6,68.4,88.6,95.8,88.1,94.4,91.3,94.6,20.387999999999998,5,5,5,36.3
12.09,4,34.608000000000004,43.241,39.061,62.891000000000005,149.42600000000002,150.836,64.9,54.9,31.0,99.6,68.4,88.6,95.8,88.1,94.4,91.3,94.6,20.134999999999998,5,5,5,36.143
12.11,4,34.730999999999995,43.47,39.435,63.473,149.329,150.722,64.9,54.9,31.0,99.6,68.4,88.6,95.8,88.1,94.4,91.3,94.6,20.333,5,5,5,36.007
12.13,4,34.833,43.713,39.75,63.816,149.219,150.67600000000002,64.9,54.9,31.0,99.6,68.4,88.6,95.8,88.1,94.4,91.3,94.6,19.981,5,5,5,35.891
12.15,4,34.076,44.211999999999996,40.009,64.295,149.194,150.596,64.9,54.9,31.0,99.6,68.4,88.6,95.8,88.1,94.4,91.3,94.6,19.985999999999997,5,5,5,35.775
12.17,4,34.730999999999995,44.899,40.321999999999996,64.824,148.986,150.504,64.9,54.9,31.0,99.6,68.4,88.6,95.8,88.1,94.4,91.3,94.6,20.058,5,5,5,35.667
12.19,4,34.93,45.138000000000005,40.702,65.829,148.852,150.446,64.9,54.9,31.0,99.6,68.4,88.6,95.8,88.1,94.4,91.3,94.6,20.025,5,5,5,35.617
12.21,4,34.721999999999994,45.871,41.098,65.257,148.79,150.4,64.9,54.9,31.0,99.6,68.4,88.6,95.8,88.1,94.4,91.3,94.6,20.206,5,5,5,35.548
12.23,4,34.751999999999995,46.158,41.593,66.519,148.705,150.286,64.9,54.9,31.0,99.6,68.4,88.6,95.8,88.1,94.4,91.3,94.6,20.171,5,5,5,35.463
12.25,4,35.144000000000005,46.22,41.79,65.57300000000001,148.594,150.205,64.9,54.9,31.0,99.6,68.4,88.6,95.8,88.1,94.4,91.3,94.6,20.158,5,5,5,35.384
12.27,4,34.744,47.16,42.044000000000004,66.422,148.471,150.113,64.9,54.9,31.0,99.6,68.4,88.6,95.8,88.1,94.4,91.3,94.6,20.025,5,5,5,35.344
12.29,4,34.426,48.246,42.486,66.21199999999999,148.32399999999998,150.056,64.8,54.9,31.0,100.0,68.3,88.6,95.8,88.1,94.4,91.3,94.6,20.367,5,5,5,35.303
12.31,4,35.323,48.675,42.804,66.225,148.263,149.941,64.8,54.9,31.0,100.0,68.3,88.6,95.8,88.1,94.4,91.3,94.6,20.489,5,5,5,35.275999999999996
12.33,4,34.811,49.119,43.242,65.91399999999999,148.17700000000002,149.872,64.8,54.9,31.0,100.0,68.3,88.6,95.8,88.1,94.4,91.3,94.6,20.379,5,5,5,35.248000000000005
12.35,4,35.402,49.736000000000004,43.382,65.477,148.09,149.757,64.8,54.9,31.0,100.0,68.3,88.6,95.8,88.1,94.4,91.3,94.6,20.345,5,5,5,35.244
12.37,4,35.331,49.727,43.729,65.358,147.98,149.687,64.8,54.9,31.0,100.0,68.3,88.6,95.8,88.1,94.4,91.3,94.6,20.297,5,5,5,35.245000000000005
12.39,4,35.021,50.217,43.882,64.72399999999999,147.906,149.549,64.8,54.9,31.0,100.0,68.3,88.6,95.8,88.1,94.4,91.3,94.6,20.18,5,5,5,35.239999999999995
12.41,4,35.478,51.1,44.324,64.575,147.75799999999998,149.491,64.8,54.9,31.0,100.0,68.3,88.6,95.8,88.1,94.4,91.369,94.6,20.1,5,5,5,35.245000000000005
12.43,4,35.43,50.898,44.361,64.189,147.696,149.365,64.8,54.9,31.0,100.0,68.3,88.6,95.8,88.1,94.4,91.426,94.6,19.814999999999998,5,5,5,35.243
12.45,4,35.757,51.331,44.655,64.054,147.56,149.261,64.8,54.9,31.0,100.0,68.3,88.6,95.8,88.1,94.4,91.458,94.6,19.875,5,5,5,35.248000000000005
12.47,4,35.870000000000005,52.11,44.858000000000004,63.754,147.486,149.18,64.8,54.9,31.0,100.0,68.3,88.6,95.8,88.1,94.4,91.477,94.6,19.807000000000002,5,5,5,35.243
12.49,4,36.196,52.473,44.938,63.258,147.363,149.099,64.8,54.9,31.0,100.0,68.3,88.6,95.825,88.1,94.4,91.487,94.6,19.781,5,5,5,35.239000000000004
12.51,4,36.129999999999995,52.156000000000006,45.22,63.261,147.326,149.03,64.8,54.9,31.0,100.0,68.3,88.6,95.902,88.1,94.4,91.493,94.6,20.157,5,5,5,35.229
12.53,4,36.537,52.534,45.347,62.722,147.227,148.92600000000002,64.8,54.9,31.0,100.0,68.3,88.6,95.945,88.1,94.487,91.49600000000001,94.6,20.09,5,5,5,35.234
12.55,4,36.605000000000004,53.373999999999995,45.092,62.056999999999995,147.078,148.822,64.8,54.9,31.0,100.0,68.3,88.6,95.969,88.1,94.53699999999999,91.498,94.6,20.094,5,5,5,35.239000000000004
12.57,4,36.69199999999999,53.235,45.387,61.825,146.97899999999998,148.718,64.8,54.9,31.0,100.0,68.3,88.6,95.982,88.1,94.564,91.499,94.6,19.904000000000003,5,5,5,35.232
12.59,4,36.861000000000004,52.965,45.499,61.473,146.88,148.59,64.8,54.9,31.0,100.0,68.3,88.6,95.99,88.1,94.58,91.499,94.6,20.039,5,5,5,35.232
12.61,4,36.964,53.97,45.904,60.968999999999994,146.81799999999998,148.509,64.8,54.9,31.0,100.0,68.3,88.6,95.994,88.1,94.589,91.5,94.6,19.949,5,5,5,35.236000000000004
12.63,4,37.241,53.54600000000001,46.136,60.652,146.768,148.335,64.8,54.9,31.0,100.0,68.3,88.6,95.997,88.1,94.594,91.5,94.6,20.028,5,5,5,35.230000000000004
12.65,4,37.1,54.148999999999994,46.05,60.792,146.606,148.138,64.8,54.9,31.0,100.0,68.3,88.6,95.998,88.188,94.596,91.5,94.6,19.871,5,5,5,35.235
12.67,4,37.31,54.385,45.861,60.805,146.457,148.069,64.8,54.9,31.0,100.0,68.3,88.6,95.999,88.237,94.598,91.5,94.6,19.792,5,5,5,35.226
12.69,4,37.519,54.45399999999999,45.952,60.478,146.345,147.987,64.8,54.9,31.0,100.0,68.3,88.6,95.999,88.264,94.59899999999999,91.5,94.6,19.774,5,5,5,35.228
12.71,4,37.803000000000004,54.331,46.285,60.206,146.295,147.871,64.8,54.9,31.0,100.0,68.3,88.6,96.0,88.28,94.59899999999999,91.5,94.6,19.752000000000002,5,5,5,35.232
12.73,4,37.913000000000004,54.797,46.156000000000006,60.243,146.196,147.755,64.8,54.9,31.0,100.0,68.3,88.6,96.0,88.289,94.6,91.5,94.6,19.784,5,5,5,35.229
12.75,4,38.264,54.848,46.066,59.931999999999995,146.13299999999998,147.697,64.8,54.9,31.0,100.0,68.3,88.6,96.0,88.294,94.6,91.5,94.6,19.864,5,5,5,35.232
12.77,4,38.165,54.486999999999995,46.451,59.909,146.02100000000002,147.58100000000002,64.8,54.9,31.0,100.0,68.3,88.6,96.0,88.296,94.6,91.5,94.6,19.792,5,5,5,35.247
12.79,4,38.227,55.151,46.25,59.416000000000004,145.884,147.418,64.8,54.9,31.0,100.0,68.3,88.6,96.0,88.298,94.6,91.5,94.6,19.747,5,5,5,35.258
12.81,4,38.668,55.261,46.452,59.532,145.821,147.313,64.8,54.9,31.0,100.0,68.3,88.6,96.0,88.29899999999999,94.6,91.5,94.6,19.756999999999998,5,5,5,35.257
12.83,4,38.527,55.282,46.458999999999996,59.89,145.621,147.173,64.8,54.9,31.0,100.0,68.3,88.6,96.0,88.29899999999999,94.6,91.5,94.6,19.759,5,5,5,35.263000000000005
12.85,4,39.080999999999996,55.817,46.388000000000005,60.08,145.571,147.115,64.8,54.9,31.0,100.0,68.3,88.6,96.0,88.3,94.6,91.5,94.6,19.859,5,5,5,35.262
12.87,4,38.903,55.478,46.397,60.25899999999999,145.39600000000002,146.998,64.8,54.9,31.0,100.0,68.3,88.6,96.0,88.3,94.6,91.5,94.6,19.857999999999997,5,5,5,35.266999999999996
12.89,4,39.077,54.898,46.504,60.185,145.38299999999998,146.905,64.8,54.9,31.0,100.0,68.3,88.6,96.0,88.3,94.6,91.5,94.6,19.783,5,5,5,35.266
12.91,4,39.201,55.398,46.696999999999996,60.056999999999995,145.283,146.835,64.8,54.9,31.0,100.0,68.3,88.6,96.0,88.3,94.6,91.5,94.6,19.805,5,5,5,35.263000000000005
12.93,4,39.183,55.77,46.535,60.013000000000005,145.22,146.718,64.8,54.9,31.0,100.0,68.3,88.6,96.0,88.3,94.6,91.5,94.6,19.675,5,5,5,35.265
12.95,4,39.436,55.148,46.575,60.263000000000005,145.082,146.601,64.8,54.9,31.0,100.0,68.3,88.6,96.0,88.3,94.6,91.5,94.6,19.619,5,5,5,35.265
12.97,4,39.647,55.208999999999996,46.486999999999995,60.379,144.982,146.414,64.8,54.9,31.0,100.0,68.3,88.6,96.0,88.3,94.6,91.5,94.6,19.654000000000003,5,5,5,35.263000000000005
12.99,4,39.711,56.013999999999996,46.473,60.736000000000004,144.868,146.378,64.8,54.9,31.0,100.0,68.3,88.6,96.0,88.3,94.6,91.5,94.6,19.934,5,5,5,35.260999999999996
13.01,4,39.147,56.213,46.705,60.855,144.755,146.261,64.8,54.9,31.0,100.0,68.3,88.6,96.0,88.3,94.6,91.5,94.6,19.305999999999997,5,5,5,35.260999999999996
13.03,4,39.905,55.663000000000004,46.729,60.805,144.679,146.285,64.8,54.9,31.0,100.0,68.3,88.6,96.0,88.3,94.6,91.5,94.6,19.154000000000003,5,5,5,35.263999999999996
13.05,4,39.653,55.772,46.607,60.415,144.553,146.015,64.8,54.9,31.0,100.0,68.3,88.6,96.0,88.3,94.6,91.5,94.6,19.133,5,5,5,35.260999999999996
13.07,4,39.273,56.09,46.562,60.743,144.465,145.945,64.8,54.9,31.0,100.0,68.3,88.6,96.0,88.3,94.6,91.5,94.64399999999999,19.070999999999998,5,5,5,35.260999999999996
13.09,4,39.579,55.581,46.668,60.994,144.364,145.863,64.8,54.9,31.0,100.0,68.3,88.6,96.0,88.3,94.6,91.5,94.668,19.144,5,5,5,35.259
13.11,4,40.063,55.523999999999994,46.542,61.02,144.30100000000002,145.78,64.8,54.9,31.0,100.0,68.3,88.6,96.0,88.3,94.6,91.5,94.682,19.052,5,5,5,35.253
13.13,4,39.957,56.004,46.505,61.413000000000004,144.086,145.639,64.8,54.9,31.0,100.0,68.3,88.6,96.0,88.3,94.6,91.5,94.69,19.14,5,5,5,35.245999999999995
13.15,4,40.117,55.82899999999999,46.563,61.103,144.035,145.534,64.8,54.9,31.0,100.0,68.3,88.6,96.0,88.3,94.6,91.5,94.694,19.118000000000002,5,5,5,35.253
13.17,4,40.284,56.175,46.645,61.216,143.959,145.428,64.8,54.9,31.0,100.0,68.3,88.6,96.0,88.3,94.6,91.5,94.697,19.094,5,5,5,35.254000000000005
13.19,4,40.06,55.99100000000001,46.708999999999996,60.887,143.845,145.345,64.8,54.9,31.0,100.0,68.3,88.6,96.0,88.3,94.6,91.5,94.69800000000001,19.176,5,5,5,35.251
13.21,4,40.435,56.035,46.566,61.111999999999995,143.731,145.263,64.8,54.9,31.0,100.0,68.3,88.6,96.0,88.3,94.6,91.5,94.699,19.044,5,5,5,35.254000000000005
13.23,4,40.001,55.608999999999995,46.835,61.376000000000005,143.667,145.145,64.8,54.9,31.0,100.0,68.3,88.6,96.0,88.3,94.6,91.5,94.699,19.185000000000002,5,5,5,35.248000000000005
13.25,4,40.875,56.051,46.56399999999999,61.49,143.54,145.05100000000002,64.8,54.9,31.0,100.0,68.3,88.6,96.0,88.3,94.6,91.5,94.7,19.177,5,5,5,35.253
13.27,4,40.897,55.968999999999994,46.558,61.996,143.42600000000002,145.003,64.8,54.9,31.0,100.0,68.3,88.6,96.0,88.3,94.6,91.5,94.7,19.262999999999998,5,5,5,35.249
13.29,4,40.62,56.551,46.702,61.575,143.33700000000002,144.838,64.8,54.9,31.0,100.0,68.3,88.6,96.0,88.3,94.6,91.5,94.7,19.317,5,5,5,35.25
13.31,4,40.797,56.42100000000001,46.558,61.37,143.235,144.755,64.8,54.9,31.0,100.0,68.3,88.6,96.0,88.3,94.6,91.5,94.7,19.286,5,5,5,35.247
13.33,4,40.989000000000004,55.97,46.521,61.216,143.13299999999998,144.685,64.8,54.9,31.0,100.0,68.3,88.6,96.0,88.3,94.6,91.5,94.7,19.351,5,5,5,35.249
13.35,4,40.991,55.776,46.555,61.251999999999995,143.056,144.602,64.8,54.9,31.0,100.0,68.3,88.6,96.0,88.3,94.6,91.5,94.7,19.404000000000003,5,5,5,35.249
13.37,4,40.672,56.67100000000001,46.593,61.488,142.878,144.483,64.8,54.9,31.0,100.0,68.3,88.6,96.0,88.3,94.6,91.5,94.7,19.525,5,5,5,35.239999999999995
13.39,4,40.94,56.605,46.309,61.556999999999995,142.839,144.365,64.8,54.9,31.0,100.0,68.3,88.6,96.0,88.3,94.6,91.5,94.7,19.591,5,5,5,35.245999999999995
13.41,4,41.005,56.313,46.513000000000005,61.288999999999994,142.66,144.22299999999998,64.8,54.9,31.0,100.0,68.3,88.6,96.0,88.3,94.6,91.5,94.7,19.539,5,5,5,35.245000000000005
13.43,4,40.641,56.515,46.442,61.258,142.583,144.175,64.8,54.9,31.0,100.0,68.3,88.6,96.0,88.3,94.6,91.5,94.7,19.381,5,5,5,35.245999999999995
13.45,4,40.674,56.638999999999996,46.596000000000004,61.12,142.532,144.045,64.8,54.9,31.0,100.0,68.3,88.65,96.0,88.3,94.6,91.5,94.7,19.408,5,5,5,35.238
13.47,4,40.808,56.351000000000006,46.541000000000004,61.147,142.365,143.914,64.8,54.9,31.0,100.0,68.3,88.71600000000001,96.0,88.3,94.6,91.5,94.7,19.509999999999998,5,5,5,35.239999999999995
13.49,4,41.273,56.19,46.547,61.148999999999994,142.301,143.86700000000002,64.8,54.9,31.0,100.0,68.3,88.753,96.0,88.3,94.6,91.5,94.7,19.671,5,5,5,35.242
13.51,4,40.746,56.556000000000004,46.406000000000006,61.005,142.224,143.736,64.8,54.9,31.0,100.0,68.3,88.773,96.05,88.3,94.6,91.5,94.7,19.795,5,5,5,35.242
13.53,4,40.782,56.3,46.553999999999995,61.16,142.13400000000001,143.724,64.8,54.9,31.0,100.0,68.3,88.785,96.116,88.3,94.6,91.5,94.7,19.938,5,5,5,35.247
13.55,4,41.106,56.126999999999995,46.185,60.781000000000006,141.993,143.558,64.8,54.9,31.0,100.0,68.3,88.792,96.153,88.3,94.6,91.5,94.7,19.778,5,5,5,35.244
13.57,4,41.153,56.126000000000005,46.34,60.776,141.954,143.451,64.8,54.9,31.0,100.0,68.3,88.795,96.173,88.3,94.6,91.5,94.7,19.581,5,5,5,35.243
13.59,4,41.195,56.321000000000005,46.156000000000006,61.099,141.812,143.308,64.8,54.9,31.0,100.0,68.3,88.797,96.185,88.3,94.6,91.5,94.7,19.57,5,5,5,35.238
13.61,4,41.19,56.372,46.352,61.042,141.709,143.224,64.8,54.9,31.0,100.0,68.3,88.79899999999999,96.192,88.3,94.6,91.5,94.7,19.718,5,5,5,35.238
13.63,4,41.202,56.261,46.343,60.497,141.57999999999998,143.105,64.8,54.9,31.0,100.0,68.3,88.79899999999999,96.195,88.3,94.6,91.5,94.7,19.845999999999997,5,5,5,35.243
13.65,4,41.025,56.376999999999995,46.47,60.413000000000004,141.541,143.05700000000002,64.8,54.9,31.0,100.0,68.3,88.8,96.197,88.3,94.6,91.5,94.7,19.997,5,5,5,35.239000000000004
13.67,4,41.43,56.407,46.396,60.295,141.36,142.997,64.8,54.9,31.0,100.0,68.3,88.8,96.199,88.3,94.6,91.5,94.7,19.869999999999997,5,5,5,35.239999999999995
13.69,4,41.236,56.981,46.446999999999996,60.244,141.36,142.86599999999999,64.8,54.9,31.0,100.0,68.3,88.8,96.199,88.3,94.6,91.5,94.7,19.802999999999997,5,5,5,35.233000000000004
13.71,4,41.266,56.645,46.226000000000006,60.388000000000005,141.218,142.722,64.8,54.9,31.0,100.0,68.3,88.8,96.2,88.3,94.6,91.5,94.7,19.797,5,5,5,35.230999999999995
13.73,4,41.186,56.59,46.231,60.553000000000004,141.023,142.651,64.8,54.9,31.0,100.0,68.3,88.8,96.2,88.3,94.6,91.5,94.7,19.677999999999997,5,5,5,35.232
13.75,4,41.439,56.716,45.963,60.766000000000005,141.023,142.555,64.8,54.9,31.0,100.0,68.3,88.8,96.2,88.3,94.6,91.5,94.7,19.418,5,5,5,35.239999999999995
13.77,4,41.463,56.475,46.114,61.54600000000001,140.86700000000002,142.459,64.8,54.9,31.0,100.0,68.3,88.8,96.2,88.3,94.6,91.587,94.7,18.852,5,5,5,35.223
13.79,4,41.525,56.625,45.982,61.891999999999996,140.73700000000002,142.327,64.8,54.9,31.0,100.0,68.3,88.8,96.2,88.35,94.64399999999999,91.637,94.7,18.822000000000003,5,5,5,35.221999999999994
13.81,4,41.811,56.464,46.125,61.403999999999996,140.685,142.267,64.8,54.9,31.0,100.0,68.3,88.8,96.2,88.416,94.668,91.664,94.7,18.860999999999997,5,5,5,35.219
13.83,4,41.407,56.637,46.2,61.503,140.62,142.207,64.8,54.9,31.0,100.0,68.3,88.8,96.2,88.453,94.682,91.68,94.7,18.787,5,5,5,35.221999999999994
13.85,4,41.275999999999996,56.769,46.104,60.813,140.477,142.039,64.8,54.9,31.0,100.0,68.3,88.8,96.2,88.473,94.69,91.689,94.7,19.08,5,5,5,35.225
13.87,4,41.672,56.595,46.235,61.63399999999999,140.398,142.015,64.8,54.9,31.0,100.0,68.3,88.8,96.2,88.485,94.694,91.694,94.7,18.936,5,5,5,35.224000000000004
13.89,4,41.179,56.763999999999996,46.008,62.196000000000005,140.281,141.88299999999998,64.8,54.9,31.0,100.0,68.3,88.8,96.2,88.492,94.697,91.696,94.7,18.831,5,5,5,35.223
13.91,4,41.328,56.56,46.174,62.086000000000006,140.189,141.726,64.8,54.9,31.0,100.0,68.3,88.8,96.2,88.495,94.69800000000001,91.69800000000001,94.7,19.018,5,5,5,35.205
13.93,4,41.186,56.916000000000004,46.106,62.11,140.111,141.642,64.8,54.9,31.0,100.0,68.3,88.8,96.2,88.497,94.699,91.699,94.7,19.055999999999997,5,5,5,35.199
13.95,4,41.154,56.809,46.088,61.552,139.993,141.606,64.8,54.9,31.0,100.0,68.3,88.8,96.2,88.499,94.699,91.699,94.7,19.012,5,5,5,35.187
13.97,4,41.185,56.568000000000005,46.02,60.74,139.901,141.473,64.8,54.9,31.0,100.0,68.3,88.8,96.2,88.499,94.7,91.7,94.7,18.898,5,5,5,35.19199999999999
13.99,4,41.306999999999995,56.543,45.948,61.423,139.796,141.4,64.8,54.9,31.0,100.0,68.3,88.8,96.2,88.5,94.7,91.7,94.7,18.966,5,5,5,35.187
14.01,4,41.558,56.23,45.898,61.731,139.652,141.316,64.8,54.9,31.0,100.0,68.3,88.8,96.2,88.5,94.7,91.7,94.7,19.925,5,5,5,35.189
14.03,4,41.368,56.748000000000005,45.817,61.898999999999994,139.652,141.183,64.8,54.9,31.0,100.0,68.3,88.8,96.2,88.5,94.7,91.7,94.7,20.099,5,5,5,35.179
14.05,4,41.391,56.083999999999996,45.775999999999996,61.511,139.51999999999998,141.086,64.8,54.9,31.0,100.0,68.3,88.8,96.2,88.5,94.7,91.7,94.7,20.034,5,5,5,35.179
14.07,4,40.635,56.72,46.068000000000005,61.331,139.349,141.062,64.8,54.9,31.0,100.0,68.3,88.8,96.2,88.5,94.7,91.7,94.7,20.093,5,5,5,35.173
14.09,4,41.078,56.538999999999994,45.648,61.47,139.349,140.965,64.8,54.9,31.0,100.0,68.3,88.8,96.2,88.5,94.7,91.7,94.7,20.21,5,5,5,35.176
14.11,4,41.068000000000005,56.648,45.760999999999996,60.985,139.283,140.844,64.8,54.9,31.0,100.0,68.3,88.8,96.2,88.5,94.7,91.7,94.7,20.146,5,5,5,35.177
14.13,4,41.125,56.693999999999996,45.897,61.203,139.151,140.808,64.8,54.9,31.0,100.0,68.3,88.8,96.2,88.5,94.7,91.7,94.7,20.119,5,5,5,35.178
14.15,4,41.527,57.193999999999996,45.452,61.465,139.059,140.723,64.8,54.9,31.0,100.0,68.3,88.8,96.2,88.5,94.7,91.7,94.7,20.115000000000002,5,5,5,35.173
14.17,4,41.536,56.29600000000001,45.611,61.339,138.966,140.565,64.8,54.9,31.0,100.0,68.3,88.8,96.2,88.5,94.7,91.7,94.7,19.987000000000002,5,5,5,35.161
14.19,4,40.959,56.442,45.773,61.275,138.847,140.44400000000002,64.8,54.9,31.0,100.0,68.3,88.8,96.2,88.5,94.7,91.7,94.7,20.031,5,5,5,35.150999999999996
14.21,4,41.144,56.748000000000005,45.671,61.083,138.754,140.44400000000002,64.8,54.9,31.0,100.0,68.3,88.8,96.2,88.5,94.7,91.7,94.7,20.038,5,5,5,35.153999999999996
14.23,4,41.357,56.722,45.543,62.268,138.648,140.273,64.8,54.9,31.0,100.0,68.3,88.8,96.2,88.5,94.7,91.7,94.7,20.271,5,5,5,35.153999999999996
14.25,4,40.905,56.563,45.696,62.536,138.555,140.188,64.8,54.9,31.0,100.0,68.3,88.8,96.2,88.5,94.7,91.7,94.7,20.09,5,5,5,35.087
14.27,4,41.012,56.982,45.455999999999996,63.303999999999995,138.462,140.151,64.8,54.9,31.0,100.0,68.3,88.8,96.2,88.5,94.7,91.7,94.7,20.102,5,5,5,35.051
14.29,4,40.855,56.729,45.45,64.28999999999999,138.382,140.066,64.8,54.9,31.0,100.6,68.2,88.8,96.2,88.5,94.7,91.7,94.7,20.08,5,5,5,34.943
14.31,4,41.113,56.419,45.771,64.921,138.223,140.005,64.8,54.9,31.0,100.6,68.2,88.8,96.2,88.5,94.7,91.7,94.7,20.177999999999997,5,5,5,34.894999999999996
14.33,4,41.218,56.865,45.580999999999996,65.92699999999999,138.14299999999997,139.93200000000002,64.8,54.9,31.0,100.6,68.2,88.8,96.2,88.5,94.7,91.7,94.7,20.261,5,5,5,34.812
14.35,4,41.291,56.751999999999995,45.59,66.209,138.089,139.786,64.8,54.9,31.0,100.6,68.2,88.8,96.2,88.5,94.7,91.7,94.7,20.176,5,5,5,34.747
14.37,4,41.056999999999995,56.778999999999996,45.622,66.898,137.94299999999998,139.676,64.8,54.9,31.0,100.6,68.2,88.8,96.2,88.5,94.7,91.7,94.7,20.081,5,5,5,34.664
14.39,4,41.156,56.45,45.638000000000005,67.56800000000001,137.849,139.57799999999997,64.8,54.9,31.0,100.6,68.2,88.8,96.2,88.5,94.7,91.7,94.7,20.070999999999998,5,5,5,34.569
14.41,4,41.164,56.56399999999999,45.514,68.19800000000001,137.809,139.529,64.8,54.9,31.0,100.6,68.2,88.8,96.2,88.5,94.7,91.7,94.7,20.125999999999998,5,5,5,34.506
14.43,4,41.33,56.927,45.551,69.199,137.702,139.406,64.8,54.9,31.0,100.6,68.2,88.8,96.2,88.5,94.7,91.7,94.7,19.945999999999998,5,5,5,34.423
14.45,4,40.624,56.833999999999996,45.583,68.941,137.56799999999998,139.44299999999998,64.8,54.9,31.0,100.6,68.2,88.8,96.2,88.5,94.7,91.7,94.7,19.945999999999998,5,5,5,34.312
14.47,4,41.152,56.648999999999994,45.516,69.965,137.474,139.272,64.8,54.9,31.0,100.6,68.2,88.8,96.2,88.5,94.7,91.7,94.7,20.005000000000003,5,5,5,34.258
14.49,4,41.036,56.793,45.575,69.237,137.407,139.235,64.8,54.9,31.0,100.6,68.2,88.8,96.2,88.5,94.7,91.7,94.7,19.857,5,5,5,34.235
14.51,4,41.279,56.909,45.457,70.887,137.272,139.124,64.8,54.9,31.0,100.6,68.2,88.8,96.2,88.5,94.7,91.7,94.7,19.942999999999998,5,5,5,34.14
14.53,4,41.04,57.055,45.491,70.506,137.245,139.075,64.8,54.9,31.0,100.6,68.2,88.8,96.2,88.5,94.7,91.7,94.7,19.89,5,5,5,34.055
14.55,4,41.305,57.071000000000005,45.289,71.187,137.111,138.98899999999998,64.8,54.9,31.0,100.6,68.2,88.8,96.2,88.5,94.7,91.7,94.7,19.939,5,5,5,34.033
14.57,4,40.931999999999995,57.423,45.408,70.78699999999999,136.962,138.952,64.8,54.9,31.0,100.6,68.2,88.8,96.2,88.5,94.7,91.7,94.7,20.052999999999997,5,5,5,33.967
14.59,4,40.982,58.166000000000004,45.367,70.26100000000001,136.962,138.85399999999998,64.8,54.9,31.0,100.6,68.2,88.8,96.2,88.5,94.7,91.7,94.812,19.727,5,5,5,33.96
14.61,4,40.506,58.167,45.221,69.337,136.679,138.583,64.8,54.9,31.0,100.6,68.2,88.8,96.2,88.5,94.7,91.7,94.895,19.595999999999997,5,5,5,33.949
14.63,4,41.006,58.196999999999996,45.576,68.72399999999999,136.584,138.435,64.8,54.9,31.0,100.6,68.2,88.8,96.2,88.5,94.7,91.7,94.941,19.500999999999998,5,5,5,33.953
14.65,4,41.343,58.281000000000006,45.354,67.023,136.394,138.312,64.8,54.9,31.0,100.6,68.2,88.8,96.25,88.5,94.7,91.7,94.967,19.488,5,5,5,33.949
14.67,4,40.874,58.559,45.233000000000004,66.631,136.36700000000002,138.312,64.8,54.9,31.0,100.6,68.2,88.8,96.316,88.5,94.7,91.7,94.98100000000001,19.511,5,5,5,34.010999999999996
14.69,4,41.080999999999996,58.298,45.258,64.989,136.204,138.176,64.8,54.9,31.0,100.6,68.2,88.8,96.35300000000001,88.5,94.7,91.7,94.98899999999999,19.461,5,5,5,34.034000000000006
14.71,4,40.763000000000005,58.403999999999996,45.359,65.079,136.163,138.163,64.8,54.9,31.0,100.6,68.2,88.8,96.373,88.5,94.7,91.7,94.994,19.488,5,5,5,34.09
14.73,4,40.772,58.798,45.249,63.996,136.095,138.139,64.8,54.9,31.0,100.6,68.2,88.8,96.385,88.5,94.7,91.7,94.997,19.57,5,5,5,34.162
14.75,4,41.291,58.74,45.173,63.2,136.04000000000002,138.015,64.8,54.9,31.0,100.6,68.2,88.8,96.392,88.5,94.7,91.7,94.998,19.599,5,5,5,34.243
14.77,4,40.580999999999996,58.55,45.295,62.652,136.08100000000002,138.027,64.8,54.9,31.0,100.6,68.2,88.8,96.395,88.5,94.7,91.7,94.999,19.547,5,5,5,34.251999999999995
14.79,4,40.653,59.379,45.148,61.715,135.863,137.95299999999997,64.8,54.9,31.0,100.6,68.2,88.8,96.39699999999999,88.5,94.7,91.7,94.999,19.750999999999998,5,5,5,34.286
14.81,4,40.94,58.88399999999999,45.044000000000004,60.981,135.644,137.767,64.8,54.9,31.0,100.6,68.2,88.8,96.398,88.5,94.7,91.7,95.0,19.817,5,5,5,34.334
14.83,4,41.076,58.93600000000001,45.253,61.338,135.67200000000003,137.804,64.8,54.9,31.0,100.6,68.2,88.8,96.399,88.5,94.7,91.7,95.0,19.808,5,5,5,34.415
14.85,4,40.961999999999996,58.941,45.064,61.488,135.685,137.878,64.8,54.9,31.0,100.6,68.2,88.8,96.4,88.5,94.7,91.7,95.0,19.981,5,5,5,34.44
14.87,4,41.095,59.521,45.0,61.924,135.658,137.779,64.8,54.9,31.0,100.6,68.2,88.8,96.4,88.5,94.7,91.7,95.0,19.977,5,5,5,34.438
14.89,4,40.97,59.431999999999995,44.885,62.143,135.603,137.717,64.8,54.9,31.0,100.6,68.2,88.8,96.4,88.5,94.7,91.7,95.0,20.097,5,5,5,34.44
14.91,4,40.983000000000004,59.508,44.938,63.876999999999995,135.562,137.668,64.8,54.9,31.0,100.6,68.2,88.8,96.4,88.5,94.7,91.7,95.0,20.02,5,5,5,34.437
14.93,4,41.031,59.21,45.1,63.373999999999995,135.45299999999997,137.55599999999998,64.8,54.9,31.0,100.6,68.2,88.8,96.4,88.5,94.7,91.7,95.0,20.107,5,5,5,34.379000000000005
14.95,4,40.903,59.19,45.093,64.687,135.343,137.44400000000002,64.8,54.9,31.0,100.6,68.2,88.8,96.4,88.5,94.7,91.7,95.0,20.17,5,5,5,34.340999999999994
14.97,4,40.631,59.618,44.965,63.998000000000005,135.30200000000002,137.369,64.8,54.9,31.0,100.6,68.2,88.8,96.4,88.55,94.7,91.7,95.0,20.15,5,5,5,34.321
14.99,4,41.378,59.321999999999996,44.836999999999996,64.215,135.123,137.344,64.8,54.9,31.0,100.6,68.2,88.8,96.4,88.616,94.7,91.7,95.0,20.048000000000002,5,5,5,34.315
15.01,4,40.815,59.343999999999994,44.98,63.478,135.04000000000002,137.207,64.8,54.9,31.0,100.6,68.2,88.8,96.4,88.653,94.7,91.7,95.0,20.142000000000003,5,5,5,34.312
15.03,4,41.056,59.458999999999996,45.085,63.25899999999999,134.903,137.23200000000003,64.8,54.9,31.0,100.6,68.2,88.8,96.4,88.673,94.7,91.7,95.0,19.932000000000002,5,5,5,34.316
15.05,4,40.772,59.568000000000005,44.902,62.473,134.73700000000002,136.82,64.8,54.9,31.0,100.6,68.2,88.8,96.4,88.685,94.7,91.7,95.0,19.880000000000003,5,5,5,34.315
15.07,4,40.764,59.574,44.809,62.019,134.599,136.79500000000002,64.8,54.9,31.0,100.6,68.2,88.8,96.4,88.692,94.78699999999999,91.7,95.0,20.059,5,5,5,34.31
15.09,4,41.179,59.575,45.006,61.775,134.668,136.87,64.8,54.9,31.0,100.6,68.2,88.8,96.4,88.695,94.837,91.7,95.0,19.906,5,5,5,34.315
15.11,4,41.012,59.468999999999994,45.03,61.224,134.515,136.67000000000002,64.8,54.9,31.0,100.6,68.2,88.8,96.4,88.697,94.86399999999999,91.7,95.0,19.989,5,5,5,34.321
15.13,4,40.894,59.309,44.927,60.85,134.488,136.745,64.8,54.9,31.0,100.6,68.2,88.8,96.4,88.699,94.88,91.7,95.0,19.862000000000002,5,5,5,34.326
15.15,4,40.993,59.542,44.841,60.405,134.293,136.54500000000002,64.8,54.9,31.0,100.6,68.2,88.8,96.4,88.699,94.889,91.7,95.0,19.939,5,5,5,34.34
15.17,4,41.084,59.81399999999999,44.676,60.902,134.30700000000002,136.494,64.8,54.9,31.0,100.6,68.2,88.8,96.4,88.7,94.89399999999999,91.7,95.0,19.783,5,5,5,34.384
15.19,4,41.248000000000005,59.303999999999995,44.707,60.215,134.28,136.532,64.8,54.9,31.0,100.6,68.2,88.8,96.4,88.7,94.896,91.7,95.0,19.855,5,5,5,34.409000000000006
15.21,4,40.94,59.831,44.725,60.111000000000004,134.196,136.43200000000002,64.8,54.9,31.0,100.6,68.2,88.8,96.4,88.7,94.898,91.7,95.0,19.927,5,5,5,34.43
15.23,4,40.85,59.931999999999995,44.618,59.871,134.14100000000002,136.356,64.8,54.9,31.0,100.6,68.2,88.8,96.4,88.7,94.899,91.7,95.0,19.874000000000002,5,5,5,34.44199999999999
15.25,4,40.981,59.602,44.628,59.953,134.001,136.30599999999998,64.8,54.9,31.0,100.6,68.2,88.8,96.4,88.7,94.899,91.7,95.0,19.750999999999998,5,5,5,34.445
15.27,4,40.971,60.073,44.711999999999996,59.571999999999996,133.959,136.231,64.8,54.9,31.0,100.6,68.2,88.8,96.4,88.7,94.9,91.7,95.0,19.701999999999998,5,5,5,34.479
15.29,4,40.88,59.551,44.726,59.51,133.86200000000002,136.092,64.8,54.9,31.0,100.6,68.2,88.85,96.4,88.7,94.9,91.7,95.0,19.613,5,5,5,34.488
15.31,4,40.972,59.91,44.39,59.568000000000005,133.75,136.067,64.8,54.9,31.0,100.6,68.2,88.916,96.4,88.7,94.9,91.725,95.0,19.525,5,5,5,34.507
15.33,4,40.687,59.708999999999996,44.648,59.37,133.61,135.86599999999999,64.8,54.9,31.0,100.6,68.2,88.953,96.4,88.7,94.9,91.80199999999999,95.0,19.289,5,5,5,34.509
15.35,4,40.683,60.108000000000004,44.59,59.336000000000006,133.596,135.84,64.8,54.9,31.0,100.6,68.2,88.973,96.4,88.7,94.9,91.845,95.0,19.162,5,5,5,34.510999999999996
15.37,4,40.535,59.799,44.284,59.425,133.512,135.727,64.8,54.9,31.0,100.6,68.2,88.985,96.4,88.7,94.9,91.869,95.0,19.021,5,5,5,34.515
15.39,4,40.595,59.743,44.518,60.827,133.372,135.651,64.8,54.9,31.0,100.6,68.2,88.992,96.4,88.7,94.9,91.882,95.0,19.374000000000002,5,5,5,34.513000000000005
15.41,4,40.799,60.137,44.299,61.74100000000001,133.344,135.575,64.8,54.9,31.0,100.6,68.2,88.995,96.4,88.7,94.9,91.89,95.0,19.500999999999998,5,5,5,34.521
15.43,4,40.945,59.803999999999995,44.443000000000005,62.924,133.316,135.48700000000002,64.8,54.9,31.0,100.6,68.2,88.997,96.4,88.7,94.9,91.89399999999999,95.0,19.083,5,5,5,34.503
15.45,4,40.558,59.91,44.419000000000004,62.963,133.175,135.436,64.8,54.9,31.0,100.6,68.2,88.999,96.4,88.7,94.9,91.89699999999999,95.0,19.137999999999998,5,5,5,34.437
15.47,4,40.321999999999996,60.103,44.375,64.881,133.048,135.29700000000003,64.8,54.9,31.0,100.6,68.2,88.999,96.4,88.7,94.9,91.898,95.0,19.195999999999998,5,5,5,34.352
15.49,4,40.516999999999996,59.761,44.369,64.799,132.978,135.233,64.8,54.9,31.0,100.6,68.2,89.0,96.4,88.7,94.9,91.899,95.0,19.092,5,5,5,34.305
15.51,4,40.914,59.756,44.295,66.015,132.89299999999997,135.17000000000002,64.8,54.9,31.0,100.6,68.2,89.0,96.4,88.7,94.9,91.899,95.0,19.008,5,5,5,34.260000000000005
15.53,4,40.518,59.611000000000004,44.234,65.283,132.865,135.18200000000002,64.8,54.9,31.0,100.6,68.2,89.0,96.4,88.7,94.9,91.9,95.0,19.05,5,5,5,34.251999999999995
15.55,4,40.591,59.917,44.204,65.787,132.738,135.055,64.8,54.9,31.0,100.6,68.2,89.0,96.4,88.7,94.9,91.9,95.0,19.087,5,5,5,34.235
15.57,4,40.573,59.898,44.218,64.63,132.61,134.916,64.8,54.9,31.0,100.6,68.2,89.0,96.4,88.7,94.9,91.9,95.0,18.740000000000002,5,5,5,34.235
15.59,4,40.239000000000004,60.236000000000004,44.163000000000004,64.445,132.525,134.865,64.8,54.9,31.0,100.6,68.2,89.0,96.4,88.7,94.9,91.9,95.0,18.747,5,5,5,34.236000000000004
15.61,4,40.463,59.873000000000005,44.063,63.321999999999996,132.454,134.814,64.8,54.9,31.0,100.6,68.2,89.0,96.4,88.7,94.9,91.9,95.0,18.892000000000003,5,5,5,34.239999999999995
15.63,4,40.481,60.244,44.069,63.221000000000004,132.35500000000002,134.712,64.8,54.9,31.0,100.6,68.2,89.0,96.4,88.7,94.9,91.9,95.0,18.82,5,5,5,34.242
15.65,4,40.400999999999996,60.06399999999999,43.896,62.692,132.298,134.67399999999998,64.8,54.9,31.0,100.6,68.2,89.0,96.4,88.7,94.9,91.9,95.0,18.884999999999998,5,5,5,34.249
15.67,4,40.681,59.996,44.041,62.593,132.19799999999998,134.571,64.8,54.9,31.0,100.6,68.2,89.0,96.4,88.7,94.9,91.9,95.0,18.84,5,5,5,34.245000000000005
15.69,4,40.311,59.269,44.012,61.592,132.17000000000002,134.51999999999998,64.8,54.9,31.0,100.6,68.2,89.0,96.4,88.7,94.9,91.9,95.0,18.852,5,5,5,34.251999999999995
15.71,4,40.37,60.193000000000005,43.876999999999995,61.028,132.084,134.43099999999998,64.8,54.9,31.0,100.6,68.2,89.0,96.4,88.7,94.9,91.9,95.0,18.865000000000002,5,5,5,34.272
15.73,4,40.398,59.552,43.745,61.036,131.942,134.316,64.8,54.9,31.0,100.6,68.2,89.0,96.4,88.7,94.9,91.9,95.0,18.881,5,5,5,34.282
15.75,4,40.510999999999996,59.59,43.999,60.663999999999994,131.813,134.252,64.8,54.9,31.0,100.6,68.2,89.0,96.4,88.7,94.9,91.9,95.0,19.0,5,5,5,34.3
15.77,4,40.431,60.022,43.703,60.507,131.827,134.124,64.8,54.9,31.0,100.6,68.2,89.0,96.4,88.7,94.9,91.9,95.0,19.089,5,5,5,34.32
15.79,4,40.396,59.856,43.808,60.206,131.67000000000002,133.996,64.8,54.9,31.0,100.6,68.2,89.0,96.4,88.7,94.9,91.9,95.0,19.119999999999997,5,5,5,34.33
15.81,4,40.802,59.498000000000005,43.727,60.227,131.655,134.02100000000002,64.8,54.9,31.0,100.6,68.2,89.0,96.4,88.7,94.9,91.9,95.0,19.287,5,5,5,34.335
15.83,4,40.541,60.217,43.494,60.266999999999996,131.541,133.97,64.8,54.9,31.0,100.6,68.2,89.0,96.45,88.7,94.9,91.9,95.0,19.054000000000002,5,5,5,34.351
15.85,4,40.3,60.176,43.729,60.206,131.498,133.829,64.8,54.9,31.0,100.6,68.2,89.0,96.516,88.7,94.9,91.9,95.0,19.422,5,5,5,34.364999999999995
15.87,4,40.025999999999996,60.162,43.721,60.258,131.454,133.7,64.8,54.9,31.0,100.6,68.2,89.0,96.553,88.7,94.9,91.9,95.0,19.942,5,5,5,34.359
15.89,4,40.324,59.983000000000004,43.688,60.05,131.35399999999998,133.764,64.8,54.9,31.0,100.6,68.2,89.0,96.57300000000001,88.7,94.9,91.9,95.0,19.614,5,5,5,34.372
15.91,4,40.242,59.847,43.548,59.961000000000006,131.267,133.713,64.8,54.9,31.0,100.6,68.2,89.0,96.585,88.7,94.9,91.9,95.0,19.679000000000002,5,5,5,34.39
15.93,4,40.133,59.683,43.498000000000005,59.923,131.18099999999998,133.648,64.8,54.9,31.0,100.6,68.2,89.0,96.592,88.7,94.9,91.9,95.0,20.000999999999998,5,5,5,34.403000000000006
15.95,4,39.943000000000005,59.996,43.576,59.607,131.051,133.51999999999998,64.8,54.9,31.0,100.6,68.2,89.0,96.595,88.7,94.9,91.9,95.0,19.847,5,5,5,34.42
15.97,4,39.703,59.855,43.262,59.707,131.022,133.533,64.8,54.9,31.0,100.6,68.2,89.0,96.597,88.7,94.9,91.9,95.0,19.734,5,5,5,34.432
15.99,4,40.024,59.733000000000004,43.378,59.516999999999996,130.964,133.39100000000002,64.8,54.9,31.0,100.6,68.2,89.0,96.598,88.7,94.9,91.9,95.0,18.96,5,5,5,34.435
16.01,4,40.012,59.972,43.571999999999996,59.968999999999994,130.863,133.3,64.8,54.9,31.0,100.6,68.2,89.0,96.59899999999999,88.7,94.9,91.9,95.0,18.816,5,5,5,34.428
16.03,4,40.156,60.093999999999994,43.332,59.996,130.805,133.20999999999998,64.8,54.9,31.0,100.6,68.2,89.0,96.6,88.7,94.9,91.9,95.0,18.92,5,5,5,34.431
16.05,4,39.792,59.412,43.476,60.108999999999995,130.70299999999997,133.119,64.8,54.9,31.0,100.6,68.2,89.0,96.6,88.7,94.9,91.9,95.0,18.879,5,5,5,34.438
16.07,4,39.797,59.736999999999995,43.5,60.373999999999995,130.67399999999998,133.067,64.8,54.9,31.0,100.6,68.2,89.0,96.6,88.7,94.9,91.9,95.0,18.881999999999998,5,5,5,34.444
16.09,4,39.994,59.985,43.406,60.169,130.558,133.041,64.8,54.9,31.0,100.6,68.2,89.0,96.6,88.7,94.9,91.9,95.0,18.879,5,5,5,34.438
16.11,4,40.178000000000004,59.801,43.344,60.063,130.5,132.873,64.8,54.9,31.0,100.6,68.2,89.0,96.6,88.7,94.9,91.9,95.0,19.014000000000003,5,5,5,34.431
16.13,4,39.749,60.051,43.403,60.227,130.369,132.834,64.8,54.9,31.0,100.6,68.2,89.0,96.6,88.7,94.9,91.9,95.0,19.2,5,5,5,34.43300000000001
16.15,4,39.658,59.81399999999999,43.179,60.547,130.282,132.808,64.8,54.9,31.0,100.6,68.2,89.0,96.6,88.7,94.9,91.9,95.0,19.32,5,5,5,34.434
16.17,4,40.005,60.066,43.085,60.916000000000004,130.19400000000002,132.79500000000002,64.8,54.9,31.0,100.6,68.2,89.0,96.6,88.7,94.9,91.9,95.0,19.58,5,5,5,34.438
16.19,4,39.438,59.81100000000001,43.221,60.83,130.15,132.626,64.8,54.9,31.0,100.6,68.2,89.0,96.6,88.7,94.9,91.9,95.0,19.616,5,5,5,34.437
16.21,4,39.728,59.696000000000005,43.008,60.78,130.062,132.613,64.8,54.9,31.0,100.6,68.2,89.0,96.6,88.7,94.9,91.9,95.0,19.668,5,5,5,34.43300000000001
16.23,4,39.942,59.586999999999996,42.967,60.788000000000004,129.945,132.574,64.8,54.9,31.0,100.6,68.2,89.0,96.6,88.7,94.9,91.9,95.0,19.738,5,5,5,34.434
16.25,4,39.167,59.645,42.977,60.583,129.901,132.44400000000002,64.8,54.9,31.0,100.6,68.2,89.0,96.6,88.7,94.9,91.9,95.0,19.775,5,5,5,34.438
16.27,4,39.396,59.739,43.008,60.717,129.872,132.392,64.8,54.9,31.0,100.6,68.2,89.0,96.6,88.7,94.9,91.9,95.0,19.865000000000002,5,5,5,34.438
16.29,4,39.385999999999996,59.748000000000005,42.938,60.961999999999996,129.887,132.26100000000002,64.8,55.0,31.0,100.9,68.1,89.0,96.6,88.7,94.9,91.9,95.0,19.843,5,5,5,34.441
16.31,4,39.202,59.725,43.044000000000004,61.167,129.784,132.313,64.8,55.0,31.0,100.9,68.1,89.0,96.6,88.7,94.9,91.9,95.0,19.711,5,5,5,34.438
16.33,4,38.94,59.871,43.003,61.225,129.57799999999997,132.17000000000002,64.8,55.0,31.0,100.9,68.1,89.0,96.6,88.75,94.9,91.9,95.0,19.863,5,5,5,34.437
16.35,4,40.004,59.669,42.768,60.978,129.519,132.10399999999998,64.8,55.0,31.0,100.9,68.1,89.0,96.6,88.816,94.9,91.9,95.0,20.119999999999997,5,5,5,34.43300000000001
16.37,4,39.681999999999995,59.376999999999995,42.948,60.77,129.371,132.0,64.8,55.0,31.0,100.9,68.1,89.0,96.6,88.85300000000001,94.9,91.9,95.0,19.869,5,5,5,34.436
16.39,4,39.284,59.63,42.94,60.813,129.371,131.816,64.8,55.0,31.0,100.9,68.1,89.0,96.6,88.873,94.9,91.9,95.0,20.217,5,5,5,34.439
16.41,4,39.591,59.35,42.900999999999996,61.037,129.371,131.829,64.8,55.0,31.0,100.9,68.1,89.0,96.6,88.885,94.9,91.9,95.0,20.141,5,5,5,34.438
16.43,4,39.289,59.544,42.972,61.23,129.312,131.803,64.8,55.0,31.0,100.9,68.1,89.0,96.6,88.892,94.9,91.9,95.0,20.08,5,5,5,34.435
16.45,4,39.332,59.537,42.782,61.619,129.10500000000002,131.67200000000003,64.8,55.0,31.0,100.9,68.1,89.0,96.6,88.895,94.9,91.9,95.0,20.075,5,5,5,34.439
16.47,4,39.477,59.963,42.616,61.12,129.061,131.724,64.8,55.0,31.0,100.9,68.1,89.0,96.6,88.89699999999999,94.9,91.9,95.0,20.054000000000002,5,5,5,34.437
16.49,4,39.126999999999995,59.342,42.787,60.879,129.01600000000002,131.64499999999998,64.8,55.0,31.0,100.9,68.1,89.0,96.6,88.898,94.9,91.9,95.025,19.944000000000003,5,5,5,34.44
16.51,4,39.561,59.117,42.64,60.77,128.868,131.527,64.8,55.0,31.0,100.9,68.1,89.0,96.6,88.899,94.9,91.9,95.102,20.04,5,5,5,34.437
16.53,4,38.921,59.773,42.458,60.913999999999994,128.778,131.44799999999998,64.8,55.0,31.0,100.9,68.1,89.0,96.6,88.9,94.9,91.9,95.145,20.075,5,5,5,34.439
16.55,4,39.433,59.309,42.645,60.843,128.748,131.356,64.8,55.0,31.0,100.9,68.1,89.0,96.6,88.9,94.9,91.9,95.169,20.087,5,5,5,34.435
16.57,4,39.321999999999996,59.217,42.549,61.037,128.704,131.303,64.8,55.0,31.0,100.9,68.1,89.0,96.6,88.9,94.9,91.9,95.182,19.89,5,5,5,34.437
16.59,4,39.649,59.162,42.533,61.451,128.57,131.14499999999998,64.8,55.0,31.0,100.9,68.1,89.0,96.6,88.9,94.9,91.9,95.19,19.847,5,5,5,34.44
16.61,4,38.907,59.036,42.635,61.309,128.405,131.14499999999998,64.8,55.0,31.0,100.9,68.1,89.0,96.6,88.9,94.9,91.9,95.194,19.655,5,5,5,34.438
16.63,4,38.926,59.102,42.65,60.768,128.405,131.065,64.8,55.0,31.0,100.9,68.1,89.0,96.6,88.9,94.9,91.9,95.197,19.692,5,5,5,34.439
16.65,4,39.138000000000005,59.283,42.464,60.563,128.45,131.092,64.8,55.0,31.0,100.9,68.1,89.0,96.6,88.9,94.9,91.9,95.19800000000001,19.473,5,5,5,34.443
16.67,4,39.146,59.353,42.7,60.763000000000005,128.285,130.933,64.8,55.0,31.0,100.9,68.1,89.0,96.6,88.9,94.9,91.9,95.199,19.519,5,5,5,34.44199999999999
16.69,4,38.979,59.295,42.524,60.744,128.225,130.946,64.8,55.0,31.0,100.9,68.1,89.0,96.6,88.9,94.9,91.9,95.199,19.320999999999998,5,5,5,34.445
16.71,4,38.875,59.528,42.475,60.863,128.225,130.86700000000002,64.8,55.0,31.0,100.9,68.1,89.0,96.6,88.9,94.9,91.9,95.2,19.107999999999997,5,5,5,34.441
16.73,4,38.657,59.391999999999996,42.266999999999996,61.068000000000005,128.15,130.814,64.8,55.0,31.0,100.9,68.1,89.0,96.6,88.9,94.987,91.9,95.2,19.125,5,5,5,34.44199999999999
16.75,4,38.632,59.854,42.299,61.26,128.015,130.562,64.8,55.0,31.0,100.9,68.1,89.0,96.6,88.9,95.03699999999999,91.9,95.2,19.034,5,5,5,34.437
16.77,4,39.037,59.04,42.496,60.961000000000006,128.0,130.601,64.8,55.0,31.0,100.9,68.1,89.0,96.6,88.9,95.064,91.9,95.2,18.925,5,5,5,34.441
16.79,4,39.044000000000004,59.297,42.192,60.81399999999999,127.84899999999999,130.628,64.8,55.0,31.0,100.9,68.1,89.0,96.6,88.9,95.08,91.9,95.2,19.002000000000002,5,5,5,34.443
16.81,4,39.115,58.831,42.268,60.456,127.774,130.442,64.8,55.0,31.0,100.9,68.1,89.0,96.6,88.9,95.089,91.9,95.2,18.842,5,5,5,34.44
16.83,4,38.766999999999996,58.812,42.268,60.042,127.66799999999999,130.322,64.8,55.0,31.0,100.9,68.1,89.0,96.6,88.9,95.094,91.9,95.2,18.684,5,5,5,34.441
16.85,4,38.733000000000004,58.041000000000004,42.14,61.053000000000004,127.65299999999999,130.402,64.8,55.0,31.0,100.9,68.1,89.0,96.6,88.9,95.096,91.9,95.2,18.783,5,5,5,34.44199999999999
16.87,4,39.109,58.81399999999999,42.046,61.373999999999995,127.54700000000001,130.269,64.8,55.0,31.0,100.9,68.1,89.0,96.6,88.9,95.098,91.9,95.2,19.159,5,5,5,34.44
16.89,4,38.663000000000004,58.483999999999995,41.937,61.341,127.471,130.162,64.8,55.0,31.0,100.9,68.1,89.0,96.6,88.9,95.09899999999999,91.9,95.2,18.83,5,5,5,34.438
16.91,4,38.72,58.913999999999994,42.027,60.62,127.258,130.135,64.8,55.0,31.0,100.9,68.1,89.0,96.6,88.9,95.09899999999999,91.9,95.2,18.747,5,5,5,34.437
16.93,4,38.251,58.867,41.864000000000004,61.013999999999996,127.137,130.135,64.8,55.0,31.0,100.9,68.1,89.0,96.6,88.9,95.1,91.9,95.2,18.562,5,5,5,34.437
16.95,4,38.095,59.315,42.181999999999995,61.06100000000001,127.258,129.961,64.8,55.0,31.0,100.9,68.1,89.0,96.6,88.9,95.1,91.9,95.2,18.659,5,5,5,34.434
16.97,4,38.624,59.361000000000004,41.861,61.106,127.182,129.961,64.8,55.0,31.0,100.9,68.1,89.0,96.6,88.9,95.1,91.9,95.2,18.689999999999998,5,5,5,34.438
16.99,4,38.659,59.248999999999995,41.909,61.476000000000006,127.152,129.841,64.8,55.0,31.0,100.9,68.1,89.0,96.6,88.9,95.1,91.9,95.2,19.32,5,5,5,34.436
17.01,4,38.055,59.277,41.981,61.652,127.015,129.69299999999998,64.8,55.0,31.0,100.9,68.1,89.0,96.6,88.9,95.1,91.9,95.2,19.244999999999997,5,5,5,34.438
17.03,4,38.051,59.526,41.821999999999996,61.695,126.95299999999999,129.653,64.8,55.0,31.0,100.9,68.1,89.0,96.6,88.9,95.1,91.9,95.2,19.164,5,5,5,34.437
17.05,4,38.089,58.898999999999994,41.882,61.168,126.93799999999999,129.599,64.8,55.0,31.0,100.9,68.1,89.0,96.6,88.9,95.1,91.9,95.2,19.239,5,5,5,34.439
17.07,4,37.787,58.945,42.022,60.882,126.86200000000001,129.559,64.8,55.0,31.0,100.9,68.1,89.0,96.6,88.9,95.1,91.9,95.2,19.25,5,5,5,34.439
17.09,4,38.059,58.979,41.615,60.817,126.785,129.49099999999999,64.8,55.0,31.0,100.9,68.1,89.0,96.6,88.9,95.1,91.9,95.2,19.277,5,5,5,34.438
17.11,4,38.047,58.437,41.727,60.915,126.73899999999999,129.397,64.8,55.0,31.0,100.9,68.1,89.0,96.6,88.9,95.1,91.9,95.2,19.226,5,5,5,34.441
17.13,4,38.141999999999996,59.019,41.8,61.147,126.77,129.343,64.8,55.0,31.0,100.9,68.1,89.0,96.6,88.9,95.1,91.9,95.2,19.212,5,5,5,34.44
17.15,4,37.858000000000004,59.25899999999999,41.821,61.309,126.57,129.35700000000003,64.8,55.0,31.0,100.9,68.1,89.0,96.6,88.9,95.1,91.9,95.2,19.197000000000003,5,5,5,34.439
17.17,4,38.023,58.966,41.657,61.515,126.432,129.249,64.8,55.0,31.0,100.9,68.1,89.0,96.6,88.9,95.1,91.9,95.2,19.213,5,5,5,34.438
17.19,4,38.058,58.816,41.861,60.941,126.478,129.195,64.8,55.0,31.0,100.9,68.1,89.0,96.6,88.9,95.1,91.9,95.2,19.268,5,5,5,34.434
17.21,4,37.917,59.141999999999996,41.734,60.9,126.309,129.1,64.8,55.0,31.0,100.9,68.1,89.0,96.6,88.9,95.1,91.9,95.2,19.355,5,5,5,34.437
17.23,4,37.42,59.053000000000004,41.693000000000005,60.768,126.29299999999999,129.208,64.8,55.0,31.0,100.9,68.1,89.0,96.6,88.9,95.1,91.9,95.2,19.356,5,5,5,34.437
17.25,4,37.748000000000005,58.793,41.51,60.76,126.23100000000001,129.07299999999998,64.8,55.0,31.0,100.9,68.1,89.087,96.6,88.9,95.1,91.9,95.2,19.3,5,5,5,34.435
17.27,4,37.302,59.206,41.501,60.968999999999994,126.10799999999999,129.033,64.8,55.0,31.0,100.9,68.1,89.137,96.6,88.9,95.1,92.031,95.2,19.338,5,5,5,34.444
17.29,4,37.705,58.744,41.551,61.103,126.12299999999999,128.897,64.8,55.0,31.0,100.9,68.1,89.164,96.6,88.9,95.1,92.105,95.2,19.217,5,5,5,34.44
17.31,4,37.729,58.559,41.49,61.427,125.92200000000001,128.856,64.8,55.0,31.0,100.9,68.1,89.18,96.6,88.9,95.1,92.14699999999999,95.2,19.165,5,5,5,34.44
17.33,4,37.559,58.753,41.477,61.073,125.891,128.73399999999998,64.8,55.0,31.0,100.9,68.1,89.189,96.6,88.9,95.1,92.17,95.2,19.281,5,5,5,34.441
17.35,4,37.464,58.253,41.582,61.978,125.86,128.69400000000002,64.8,55.0,31.0,100.9,68.1,89.194,96.6,88.9,95.1,92.183,95.2,19.147,5,5,5,34.44199999999999
17.37,4,37.381,58.56399999999999,41.518,63.166000000000004,125.829,128.69400000000002,64.8,55.0,31.0,100.9,68.1,89.196,96.6,88.9,95.1,92.19,95.2,19.177,5,5,5,34.43
17.39,4,37.564,58.608000000000004,41.41,63.26,125.766,128.639,64.8,55.0,31.0,100.9,68.1,89.19800000000001,96.6,88.9,95.1,92.195,95.2,19.302999999999997,5,5,5,34.339
17.41,4,37.488,58.70399999999999,41.445,64.667,125.626,128.571,64.8,55.0,31.0,100.9,68.1,89.199,96.6,88.9,95.1,92.197,95.2,19.242,5,5,5,34.294
17.43,4,37.298,58.772,41.515,64.856,125.564,128.435,64.8,55.0,31.0,100.9,68.1,89.199,96.694,88.9,95.1,92.19800000000001,95.2,19.179000000000002,5,5,5,34.254000000000005
17.45,4,37.192,58.738,41.400999999999996,66.418,125.439,128.34,64.8,55.0,31.0,100.9,68.1,89.2,96.78399999999999,88.9,95.1,92.199,95.2,19.142000000000003,5,5,5,34.236999999999995
17.47,4,36.94,58.42,41.454,66.234,125.361,128.27100000000002,64.8,55.0,31.0,100.9,68.1,89.2,96.835,88.9,95.1,92.199,95.2,19.206,5,5,5,34.111999999999995
17.49,4,37.039,58.948,41.134,68.109,125.42299999999999,128.29899999999998,64.8,55.0,31.0,100.9,68.1,89.2,96.863,88.9,95.1,92.2,95.2,19.252000000000002,5,5,5,34.042
17.51,4,36.923,58.452,41.372,67.45,125.18799999999999,128.135,64.8,55.0,31.0,100.9,68.1,89.2,96.87899999999999,88.9,95.1,92.2,95.2,19.278,5,5,5,33.971000000000004
17.53,4,36.909000000000006,58.231,41.191,69.127,125.28200000000001,128.189,64.8,55.0,31.0,100.9,68.1,89.2,96.888,88.9,95.1,92.2,95.2,19.116,5,5,5,33.945
17.55,4,37.338,58.351000000000006,41.225,67.90100000000001,125.07799999999999,128.121,64.8,55.0,31.0,100.9,68.1,89.2,96.893,88.9,95.1,92.2,95.2,18.985999999999997,5,5,5,33.849000000000004
17.57,4,37.095,58.63,41.227,68.35499999999999,125.141,128.189,64.8,55.0,31.0,100.9,68.1,89.2,96.896,88.9,95.1,92.2,95.2,18.959000000000003,5,5,5,33.840999999999994
17.59,4,36.9,58.68899999999999,41.354,67.517,125.015,128.012,64.8,55.0,31.0,100.9,68.1,89.2,96.898,88.9,95.1,92.2,95.2,19.201,5,5,5,33.836
17.61,4,37.076,58.328,41.043,67.018,124.984,127.95700000000001,64.8,55.0,31.0,100.9,68.1,89.2,96.899,88.9,95.1,92.2,95.2,19.28,5,5,5,33.826
17.63,4,36.516999999999996,58.448,41.352,65.877,124.905,127.916,64.8,55.0,31.0,100.9,68.1,89.2,96.899,88.9,95.1,92.2,95.2,19.227,5,5,5,33.828
17.65,4,36.595,58.141000000000005,41.173,65.294,124.905,127.84700000000001,64.8,55.0,31.0,100.9,68.1,89.2,96.9,88.9,95.1,92.2,95.2,19.122,5,5,5,33.833
17.67,4,36.826,58.158,41.089,64.277,124.637,127.792,64.8,55.0,31.0,100.9,68.1,89.2,96.9,88.9,95.1,92.2,95.2,19.125,5,5,5,33.851
17.69,4,36.305,58.335,41.172,64.197,124.431,127.338,64.8,55.0,31.0,100.9,68.1,89.2,96.9,88.9,95.1,92.2,95.2,18.982999999999997,5,5,5,33.900999999999996
17.71,4,36.075,58.703,41.285,63.763000000000005,124.335,127.31,64.8,55.0,31.0,100.9,68.1,89.2,96.9,88.9,95.1,92.2,95.2,18.934,5,5,5,33.934
17.73,4,36.284000000000006,58.909,40.815,63.283,124.383,127.338,64.8,55.0,31.0,100.9,68.1,89.2,96.9,88.9,95.1,92.2,95.2,19.129,5,5,5,33.953
17.75,4,36.415,58.422,41.010999999999996,62.528999999999996,124.14399999999999,127.116,64.8,55.0,31.0,100.9,68.1,89.2,96.9,88.9,95.1,92.2,95.2,19.067,5,5,5,33.980999999999995
17.77,4,36.557,58.575,40.89,62.308,124.14399999999999,126.978,64.8,55.0,31.0,100.9,68.1,89.2,96.9,88.9,95.1,92.2,95.2,19.026,5,5,5,34.025999999999996
17.79,4,36.657,58.948,41.041,61.828,123.95200000000001,127.04700000000001,64.8,55.0,31.0,100.9,68.1,89.2,96.9,88.9,95.1,92.2,95.2,19.055,5,5,5,34.03
17.81,4,35.968,58.335,40.954,60.953,124.096,127.061,64.8,55.0,31.0,100.9,68.1,89.2,96.9,88.9,95.1,92.2,95.2,19.107999999999997,5,5,5,34.081
17.83,4,36.119,58.845,41.05,60.445,124.096,127.213,64.8,55.0,31.0,100.9,68.1,89.2,96.9,88.9,95.1,92.2,95.2,19.064999999999998,5,5,5,34.138999999999996
17.85,4,35.884,58.668,40.937,60.102,124.19200000000001,127.17200000000001,64.8,55.0,31.0,100.9,68.1,89.2,96.9,88.9,95.1,92.2,95.2,18.990000000000002,5,5,5,34.185
17.87,4,35.973,58.213,40.924,59.86,124.19200000000001,127.227,64.8,55.0,31.0,100.9,68.1,89.2,96.9,88.9,95.1,92.2,95.2,19.141,5,5,5,34.235
17.89,4,35.789,58.946999999999996,40.967,59.52,124.04799999999999,127.17200000000001,64.8,55.0,31.0,100.9,68.1,89.2,96.9,88.9,95.1,92.2,95.2,19.087,5,5,5,34.249
17.91,4,36.057,58.46,40.81,59.397,124.016,127.13,64.8,55.0,31.0,100.9,68.1,89.2,96.9,88.9,95.1,92.2,95.2,19.128,5,5,5,34.245000000000005
17.93,4,35.954,58.123999999999995,40.911,58.928000000000004,123.95200000000001,126.895,64.8,55.0,31.0,100.9,68.1,89.2,96.9,88.9,95.1,92.2,95.2,19.212,5,5,5,34.269000000000005
17.95,4,35.93300000000001,58.781000000000006,40.945,58.873000000000005,123.85600000000001,126.895,64.8,55.0,31.0,100.9,68.1,89.2,96.9,88.9,95.1,92.2,95.2,19.195999999999998,5,5,5,34.28
17.97,4,35.965999999999994,58.351000000000006,40.885999999999996,58.748999999999995,123.84,126.936,64.8,55.0,31.0,100.9,68.1,89.2,96.9,88.9,95.1,92.2,95.2,19.244,5,5,5,34.283
17.99,4,35.921,58.233000000000004,40.875,58.599,123.728,126.78299999999999,64.8,55.0,31.0,100.9,68.1,89.2,96.9,88.9,95.1,92.2,95.2,20.017000000000003,5,5,5,34.3
18.01,4,35.879000000000005,58.303999999999995,40.954,59.946999999999996,123.68,126.78299999999999,64.8,55.0,31.0,100.9,68.1,89.2,96.9,88.9,95.1,92.2,95.2,18.459000000000003,5,5,5,34.311
18.03,4,36.05,58.42100000000001,40.814,61.082,123.535,126.756,64.8,55.0,31.0,100.9,68.1,89.2,96.9,88.9,95.1,92.2,95.2,18.659,5,5,5,34.313
18.05,4,36.134,57.661,40.488,62.505,123.59899999999999,126.65799999999999,64.8,55.0,31.0,100.9,68.1,89.2,96.9,88.95,95.1,92.2,95.2,18.856,5,5,5,34.291
18.07,4,35.678,58.376000000000005,40.655,63.623000000000005,123.47,126.64399999999999,64.8,55.0,31.0,100.9,68.1,89.2,96.9,89.016,95.1,92.2,95.2,17.817999999999998,5,5,5,34.247
18.09,4,35.291,58.545,40.739000000000004,63.81399999999999,123.43799999999999,126.53299999999999,64.8,55.0,31.0,100.9,68.1,89.2,96.9,89.053,95.1,92.2,95.2,17.265,5,5,5,34.22
18.11,4,35.626999999999995,58.04,40.663000000000004,65.393,123.374,126.53299999999999,64.8,55.0,31.0,100.9,68.1,89.2,96.9,89.07300000000001,95.1,92.2,95.2,18.055999999999997,5,5,5,34.120999999999995
18.13,4,35.655,57.784,40.806999999999995,65.72399999999999,123.29299999999999,126.365,64.8,55.0,31.0,100.9,68.1,89.2,96.9,89.085,95.1,92.2,95.2,17.949,5,5,5,34.045
18.15,4,36.098,58.316,40.451,66.828,123.212,126.337,64.8,55.0,31.0,100.9,68.1,89.2,96.9,89.092,95.1,92.2,95.2,16.897,5,5,5,34.013000000000005
18.17,4,35.68,58.063,40.389,67.132,123.163,126.39299999999999,64.8,55.0,31.0,100.9,68.1,89.2,96.9,89.095,95.1,92.2,95.2,17.314,5,5,5,33.948
18.19,4,35.306,58.27,40.602,68.299,123.115,126.23899999999999,64.8,55.0,31.0,100.9,68.1,89.2,96.9,89.097,95.1,92.2,95.2,17.609,5,5,5,33.857
18.21,4,35.559,57.977,40.358000000000004,68.561,122.985,126.197,64.8,55.0,31.0,100.9,68.1,89.2,96.9,89.098,95.1,92.2,95.2,16.639000000000003,5,5,5,33.819
18.23,4,35.721000000000004,58.193000000000005,40.444,69.98,123.01700000000001,126.141,64.8,55.0,31.0,100.9,68.1,89.2,96.9,89.09899999999999,95.1,92.2,95.2,16.125,5,5,5,33.758
18.25,4,35.47,58.16,40.483000000000004,70.285,122.822,126.015,64.8,55.0,31.0,100.9,68.1,89.2,96.9,89.1,95.1,92.2,95.2,17.312,5,5,5,33.708
18.27,4,35.382,58.133,40.518,71.77199999999999,122.838,126.141,64.8,55.0,31.0,100.9,68.1,89.2,96.9,89.1,95.1,92.2,95.2,17.088,5,5,5,33.655
18.29,4,35.379000000000005,58.035,40.429,70.947,122.708,126.057,64.9,55.0,31.1,101.2,68.1,89.2,96.9,89.1,95.1,92.2,95.2,16.0,5,5,5,33.604
18.31,4,35.382,57.64,40.413000000000004,71.84899999999999,122.691,125.88799999999999,64.9,55.0,31.1,101.2,68.1,89.2,96.9,89.1,95.1,92.2,95.2,16.804000000000002,5,5,5,33.564
18.33,4,35.019999999999996,58.028999999999996,40.441,69.908,122.65899999999999,125.86,64.9,55.0,31.1,101.2,68.1,89.2,96.9,89.1,95.1,92.2,95.2,17.203,5,5,5,33.521
18.35,4,35.699,58.073,40.292,70.40899999999999,122.265,125.635,64.9,55.0,31.1,101.2,68.1,89.2,96.9,89.1,95.1,92.2,95.2,16.418,5,5,5,33.519000000000005
18.37,4,35.30800000000001,57.971000000000004,40.329,69.852,122.199,125.522,64.9,55.0,31.1,101.2,68.1,89.2,96.9,89.1,95.1,92.2,95.2,16.055999999999997,5,5,5,33.509
18.39,4,34.861999999999995,58.63,40.171,67.80799999999999,122.199,125.536,64.9,55.0,31.1,101.2,68.1,89.2,96.9,89.1,95.1,92.2,95.2,16.884999999999998,5,5,5,33.507
18.41,4,35.007,57.945,40.28,67.275,121.96799999999999,125.167,64.9,55.0,31.1,101.2,68.1,89.2,96.9,89.1,95.1,92.2,95.2,16.64,5,5,5,33.519999999999996
18.43,4,34.486999999999995,58.05,40.338,66.10300000000001,122.001,125.281,64.9,55.0,31.1,101.2,68.1,89.2,96.9,89.1,95.1,92.2,95.2,15.964,5,5,5,33.56
18.45,4,34.498000000000005,57.56100000000001,40.282,65.257,121.935,125.054,64.9,55.0,31.1,101.2,68.1,89.2,96.9,89.1,95.1,92.2,95.2,16.65,5,5,5,33.607
18.47,4,34.461,57.653,40.409,64.575,121.819,125.182,64.9,55.0,31.1,101.2,68.1,89.2,96.9,89.1,95.1,92.2,95.2,17.195,5,5,5,33.658
18.49,4,34.965,57.453,39.883,64.102,121.869,125.08200000000001,64.9,55.0,31.1,101.2,68.1,89.2,96.9,89.1,95.1,92.2,95.2,16.042,5,5,5,33.71
18.51,4,35.174,58.058,40.053000000000004,62.922,121.72,125.096,64.9,55.0,31.1,101.2,68.1,89.2,96.9,89.1,95.1,92.2,95.2,15.557,5,5,5,33.762
18.53,4,34.677,57.781000000000006,40.175,61.81,121.70299999999999,125.139,64.9,55.0,31.1,101.2,68.1,89.2,96.9,89.1,95.1,92.2,95.2,17.393,5,5,5,33.829
18.55,4,34.47,57.566,40.111999999999995,60.652,121.587,124.84,64.9,55.0,31.1,101.2,68.1,89.2,96.9,89.1,95.1,92.2,95.2,17.110999999999997,5,5,5,33.879999999999995
18.57,4,34.434,57.433,40.189,60.369,121.637,124.76899999999999,64.9,55.0,31.1,101.2,68.1,89.2,96.9,89.1,95.1,92.2,95.2,15.963,5,5,5,33.952
18.59,4,34.416,58.037,40.086,59.812,121.47,124.726,64.9,55.0,31.1,101.2,68.1,89.2,96.9,89.1,95.1,92.2,95.2,16.901,5,5,5,34.018
18.61,4,34.493,57.817,40.17,59.38399999999999,121.286,124.554,64.9,55.0,31.1,101.2,68.1,89.2,96.9,89.1,95.1,92.2,95.2,17.475,5,5,5,34.033
18.63,4,34.194,58.227,40.135,58.762,121.26899999999999,124.654,64.9,55.0,31.1,101.2,68.1,89.2,96.9,89.1,95.1,92.2,95.2,16.362000000000002,5,5,5,34.08
18.65,4,33.884,58.229,39.983000000000004,58.467,121.303,124.79700000000001,64.9,55.0,31.1,101.2,68.1,89.2,96.9,89.1,95.1,92.2,95.2,15.982999999999999,5,5,5,34.143
18.67,4,34.385000000000005,58.026,40.001999999999995,57.989,121.32,124.64,64.9,55.0,31.1,101.2,68.1,89.2,96.9,89.1,95.1,92.2,95.2,17.360999999999997,5,5,5,34.21
18.69,4,34.144000000000005,58.068999999999996,40.06,57.768,121.236,124.54,64.9,55.0,31.1,101.2,68.1,89.2,96.9,89.1,95.1,92.2,95.26899999999999,17.189999999999998,5,5,5,34.249
18.71,4,34.66,58.055,39.854,58.75899999999999,121.42,124.64,64.9,55.0,31.1,101.2,68.1,89.2,96.9,89.1,95.1,92.2,95.32600000000001,15.548,5,5,5,34.244
18.73,4,34.292,57.663000000000004,39.953,59.271,121.387,124.726,64.9,55.0,31.1,101.2,68.1,89.2,96.9,89.1,95.1,92.2,95.358,15.789000000000001,5,5,5,34.245000000000005
18.75,4,34.101,58.036,40.006,60.928000000000004,121.353,124.711,64.9,55.0,31.1,101.2,68.1,89.2,96.9,89.1,95.1,92.2,95.377,16.249000000000002,5,5,5,34.25
18.77,4,34.08,58.09,39.900999999999996,61.419,121.286,124.711,64.9,55.0,31.1,101.2,68.1,89.2,96.9,89.1,95.1,92.2,95.387,15.419,5,5,5,34.251999999999995
18.79,4,34.048,57.882,39.975,63.478,121.236,124.64,64.9,55.0,31.1,101.2,68.1,89.2,96.9,89.1,95.1,92.2,95.393,15.024,5,5,5,34.213
18.81,4,33.620000000000005,57.558,39.936,63.391000000000005,121.169,124.54,64.9,55.0,31.1,101.2,68.1,89.2,96.9,89.1,95.1,92.2,95.396,16.067,5,5,5,34.104
18.83,4,34.006,57.975,39.722,64.58699999999999,121.102,124.568,64.9,55.0,31.1,101.2,68.1,89.2,96.9,89.1,95.1,92.2,95.398,15.902000000000001,5,5,5,34.045
18.85,4,34.072,57.128,39.804,62.733999999999995,121.001,124.425,64.9,55.0,31.1,101.2,68.1,89.2,96.9,89.1,95.1,92.2,95.399,15.056000000000001,5,5,5,34.033
18.87,4,34.032,57.475,39.751,63.607,120.9,124.25299999999999,64.9,55.0,31.1,101.2,68.1,89.2,96.9,89.1,95.1,92.2,95.399,16.02,5,5,5,34.021
18.89,4,33.632,57.553000000000004,39.645,62.33,120.917,124.22399999999999,64.9,55.0,31.1,101.2,68.1,89.2,96.9,89.1,95.125,92.2,95.4,16.274,5,5,5,34.019999999999996
18.91,4,33.594,57.589,39.596,62.07899999999999,120.833,124.195,64.9,55.0,31.1,101.2,68.1,89.2,96.9,89.1,95.202,92.2,95.4,15.296,5,5,5,34.019999999999996
18.93,4,33.574,57.333999999999996,39.74,61.903999999999996,120.78200000000001,124.109,64.9,55.0,31.1,101.2,68.1,89.2,96.9,89.1,95.245,92.2,95.4,14.931000000000001,5,5,5,34.016999999999996
18.95,4,33.176,57.988,39.718,63.1,120.74799999999999,124.094,64.9,55.0,31.1,101.2,68.1,89.2,96.9,89.1,95.26899999999999,92.2,95.4,16.304000000000002,5,5,5,34.027
18.97,4,33.478,57.731,39.529,64.248,120.681,124.08,64.9,55.0,31.1,101.2,68.1,89.2,96.9,89.1,95.282,92.2,95.4,15.695,5,5,5,34.028999999999996
18.99,4,33.32,57.588,39.786,64.797,120.698,124.12299999999999,64.9,55.0,31.1,101.2,68.1,89.2,96.9,89.1,95.29,92.2,95.4,16.412,5,5,5,33.986999999999995
19.01,4,33.311,57.665,39.655,66.083,120.681,124.008,64.9,55.0,31.1,101.2,68.1,89.2,96.9,89.1,95.294,92.2,95.4,15.433,5,5,5,33.956999999999994
19.03,4,33.788,57.41,39.565,65.723,120.613,123.921,64.9,55.0,31.1,101.2,68.1,89.2,96.9,89.1,95.297,92.2,95.4,15.003,5,5,5,33.894000000000005
19.05,4,33.29,57.891999999999996,39.698,67.255,120.40899999999999,123.921,64.9,55.0,31.1,101.2,68.1,89.2,96.9,89.1,95.298,92.2,95.4,16.000999999999998,5,5,5,33.840999999999994
19.07,4,32.646,57.471000000000004,39.731,66.149,120.39200000000001,123.87799999999999,64.9,55.0,31.1,101.2,68.1,89.2,96.9,89.1,95.29899999999999,92.2,95.4,15.398,5,5,5,33.81699999999999
19.09,4,33.129999999999995,57.675,39.493,66.322,120.494,123.71799999999999,64.9,55.0,31.1,101.2,68.1,89.2,96.9,89.1,95.29899999999999,92.2,95.4,14.66,5,5,5,33.804
19.11,4,32.989999999999995,57.32899999999999,39.327,65.17,120.375,123.87799999999999,64.9,55.0,31.1,101.2,68.1,89.2,96.9,89.1,95.3,92.2,95.4,15.747,5,5,5,33.806
19.13,4,32.891,57.418,39.494,65.166,120.35799999999999,123.82,64.9,55.0,31.1,101.2,68.1,89.2,96.9,89.1,95.3,92.2,95.4,14.919,5,5,5,33.803
19.15,4,32.835,57.528,39.356,63.845,120.324,123.689,64.9,55.0,31.1,101.2,68.1,89.2,96.9,89.1,95.3,92.2,95.4,14.636000000000001,5,5,5,33.801
19.17,4,32.656,57.544,39.416,63.75899999999999,120.171,123.71799999999999,64.9,55.0,31.1,101.2,68.1,89.2,96.9,89.1,95.3,92.2,95.4,15.694,5,5,5,33.8
19.19,4,32.677,57.521,39.497,62.92,120.03399999999999,123.588,64.9,55.0,31.1,101.2,68.1,89.2,96.9,89.1,95.3,92.2,95.4,15.468,5,5,5,33.821
19.21,4,32.552,56.925,39.419000000000004,63.033,119.932,123.384,64.9,55.0,31.1,101.2,68.1,89.2,96.9,89.1,95.3,92.2,95.4,14.754,5,5,5,33.831
19.23,4,32.773,56.858000000000004,39.54,62.574,119.914,123.32600000000001,64.9,55.0,31.1,101.2,68.1,89.2,96.9,89.1,95.3,92.2,95.4,15.588,5,5,5,33.835
19.25,4,32.499,57.217,39.341,62.505,119.829,123.195,64.9,55.0,31.1,101.2,68.1,89.2,96.9,89.1,95.3,92.2,95.4,14.566,5,5,5,33.869
19.27,4,32.324,57.104,39.356,61.725,119.743,123.29700000000001,64.9,55.0,31.1,101.2,68.1,89.2,96.9,89.1,95.3,92.2,95.4,14.297,5,5,5,33.908
19.29,4,32.397,56.925,39.184,61.619,119.67399999999999,123.07799999999999,64.9,55.0,31.1,101.2,68.1,89.2,96.9,89.1,95.3,92.2,95.4,15.347000000000001,5,5,5,33.938
19.31,6,32.333,56.632,39.167,61.31100000000001,119.605,123.09299999999999,64.9,55.0,31.1,101.2,68.1,89.2,96.9,89.1,95.3,92.2,95.4,14.424,5,5,5,33.956999999999994
19.33,6,32.515,57.126999999999995,39.801,56.493,119.691,123.06299999999999,64.9,55.0,31.1,101.2,68.1,89.2,96.9,89.1,95.3,92.2,95.4,14.652999999999999,5,5,5,33.974000000000004
19.35,6,32.694,56.903,39.656,58.071999999999996,119.67399999999999,123.06299999999999,64.9,55.0,31.1,101.2,68.1,89.2,96.9,89.1,95.3,92.2,95.4,15.890999999999998,5,5,5,34.191
19.37,6,32.459,56.283,39.753,50.988,119.588,123.03399999999999,64.9,55.0,31.1,101.2,68.1,89.2,96.9,89.1,95.3,92.2,95.4,14.891,5,5,5,34.565
19.39,6,31.995,56.918,39.596,39.755,119.415,123.01899999999999,64.9,55.0,31.1,101.2,68.1,89.2,96.9,89.1,95.3,92.2,95.4,14.51,5,5,5,35.884
19.41,6,31.905,56.519,39.641999999999996,31.91,119.398,122.87299999999999,64.9,55.0,31.1,101.2,68.1,89.2,96.9,89.1,95.3,92.2,95.4,15.495999999999999,5,5,5,37.432
19.43,6,31.785999999999998,56.538999999999994,39.598,26.583000000000002,119.27600000000001,122.667,64.9,55.0,31.1,101.2,68.1,89.2,96.9,89.1,95.3,92.2,95.4,14.381,5,5,5,38.858000000000004
19.45,6,31.91,56.48,39.747,38.561,119.45,122.785,64.9,55.0,31.1,101.2,68.1,89.2,96.9,89.1,95.3,92.2,95.4,14.602,5,5,5,39.984
19.47,6,31.834,56.443999999999996,39.864000000000004,46.041000000000004,119.45,122.54899999999999,64.9,55.0,31.1,101.2,68.1,89.2,96.9,89.1,95.3,92.2,95.4,15.599,5,5,5,40.759
19.49,6,32.314,55.632,39.723,54.178000000000004,119.346,122.49,64.9,55.0,31.1,101.2,68.1,89.2,96.9,89.1,95.3,92.2,95.4,14.7,5,5,5,41.281
19.51,6,31.721,55.661,39.857,59.471000000000004,119.363,122.32799999999999,64.9,55.0,31.1,101.2,68.1,89.2,96.9,89.1,95.3,92.2,95.4,14.517000000000001,5,5,5,41.709
19.53,6,32.010999999999996,54.618,39.69,56.81399999999999,119.259,122.12100000000001,64.9,55.0,31.1,101.2,68.1,89.2,96.9,89.1,95.3,92.2,95.4,15.658,5,5,5,42.022
19.55,6,32.009,54.363,39.904,57.316,119.137,121.928,64.9,55.0,31.1,101.2,68.1,89.2,96.9,89.1,95.3,92.2,95.4,14.716000000000001,5,5,5,42.251999999999995
19.57,6,31.869,53.648,39.851,59.198,119.20700000000001,121.779,64.9,55.0,31.1,101.2,68.1,89.2,96.9,89.1,95.3,92.2,95.4,14.664,5,5,5,42.473
19.59,6,31.493000000000002,53.19,39.775999999999996,53.71,119.19,121.868,64.9,55.0,31.1,101.2,68.1,89.2,96.9,89.1,95.3,92.2,95.4,15.543,5,5,5,42.624
19.61,6,32.262,52.282,39.895,60.06100000000001,118.99799999999999,121.64399999999999,64.9,55.0,31.1,101.2,68.1,89.2,96.9,89.1,95.3,92.2,95.4,14.793,5,5,5,42.745
19.63,6,31.904,51.622,39.878,62.431000000000004,119.068,121.64399999999999,64.9,55.0,31.1,101.2,68.1,89.2,96.9,89.1,95.3,92.2,95.4,14.567,5,5,5,42.872
19.65,6,31.82,51.347,39.953,58.111000000000004,118.859,121.51,64.9,55.0,31.1,101.2,68.1,89.2,96.9,89.1,95.3,92.2,95.4,15.272,5,5,5,43.02
19.67,6,31.805,51.063,39.829,59.016000000000005,118.98100000000001,121.465,64.9,55.0,31.1,101.2,68.1,89.2,96.9,89.1,95.3,92.2,95.4,14.786,5,5,5,43.145
19.69,6,31.89,51.06,39.771,59.542,118.789,121.48,64.9,55.0,31.1,101.2,68.1,89.2,96.9,89.1,95.3,92.2,95.4,14.488999999999999,5,5,5,43.287
19.71,6,31.379,50.367,39.791,58.544,118.824,121.405,64.9,55.0,31.1,101.2,68.1,89.2,96.9,89.1,95.3,92.2,95.4,15.267999999999999,5,5,5,43.442
19.73,6,31.824,49.977,39.789,58.803000000000004,118.75399999999999,121.104,64.9,55.0,31.1,101.2,68.1,89.2,96.9,89.1,95.3,92.2,95.4,14.738999999999999,5,5,5,43.588
19.75,6,31.555999999999997,49.619,39.714,58.351000000000006,118.525,121.165,64.9,55.0,31.1,101.2,68.1,89.2,96.9,89.1,95.3,92.2,95.4,14.578,5,5,5,43.746
19.77,6,31.326,49.63,39.760999999999996,57.957,118.596,121.195,64.9,55.0,31.1,101.2,68.1,89.2,96.9,89.1,95.3,92.2,95.4,15.687000000000001,5,5,5,43.914
19.79,6,31.358,49.92,39.876999999999995,62.155,118.49,121.18,64.9,55.0,31.1,101.2,68.1,89.2,96.9,89.1,95.3,92.2,95.4,14.842,5,5,5,44.054
19.81,6,31.601,49.216,39.842,60.405,118.508,121.074,64.9,55.0,31.1,101.2,68.1,89.2,96.9,89.1,95.3,92.2,95.4,14.568999999999999,5,5,5,44.205999999999996
19.83,6,31.641,49.265,39.919000000000004,59.13,118.561,121.104,64.9,55.0,31.1,101.2,68.1,89.2,96.9,89.1,95.3,92.2,95.4,15.392000000000001,5,5,5,44.376
19.85,6,31.493000000000002,49.773999999999994,40.053000000000004,60.846000000000004,118.33200000000001,120.954,64.9,55.0,31.1,101.2,68.1,89.2,96.9,89.1,95.3,92.2,95.4,14.732999999999999,5,5,5,44.543
19.87,6,31.01,49.248000000000005,39.813,60.297,118.367,120.999,64.9,55.0,31.1,101.2,68.1,89.2,96.9,89.1,95.3,92.2,95.4,14.519,5,5,5,44.673
19.89,6,31.435,49.571999999999996,39.735,62.049,118.455,120.89299999999999,64.9,55.0,31.1,101.2,68.1,89.28699999999999,96.9,89.1,95.3,92.2,95.4,15.671,5,5,5,44.866
19.91,6,31.355,49.586000000000006,39.713,62.598,118.243,120.89299999999999,64.9,55.0,31.1,101.2,68.1,89.337,96.9,89.1,95.3,92.2,95.4,14.627,5,5,5,45.015
19.93,6,31.701999999999998,48.908,39.668,59.394,118.243,120.939,64.9,55.0,31.1,101.2,68.1,89.36399999999999,96.9,89.1,95.3,92.2,95.4,14.474,5,5,5,45.19
19.95,6,31.436999999999998,48.965,39.598,60.89,118.102,120.818,64.9,55.0,31.1,101.2,68.1,89.38,96.98700000000001,89.1,95.3,92.2,95.4,15.307,5,5,5,45.339
19.97,6,31.377,48.912,39.696,60.254,118.04799999999999,120.802,64.9,55.0,31.1,101.2,68.1,89.389,97.037,89.1,95.3,92.2,95.4,14.634,5,5,5,45.521
19.99,6,30.998,48.635,39.555,62.169,118.084,120.712,64.9,55.0,31.1,101.2,68.1,89.39399999999999,97.064,89.1,95.3,92.2,95.4,14.956,5,5,5,45.705999999999996
20.01,6,31.201999999999998,48.542,39.442,64.66,117.995,120.712,64.9,55.0,31.1,101.2,68.1,89.396,97.08,89.1,95.3,92.2,95.4,15.432,5,5,5,45.861
20.03,6,30.377,48.7,39.632,61.089,118.031,120.666,64.9,55.0,31.1,101.2,68.1,89.398,97.089,89.1,95.3,92.2,95.4,14.677,5,5,5,46.03
20.05,6,31.112,48.912,39.22,62.325,117.94200000000001,120.56,64.9,55.0,31.1,101.2,68.1,89.399,97.094,89.1,95.3,92.2,95.4,14.343,5,5,5,46.187
20.07,6,30.575,48.31100000000001,39.23,61.668,117.764,120.59,64.9,55.0,31.1,101.2,68.1,89.399,97.096,89.1,95.3,92.2,95.4,15.454,5,5,5,46.333
20.09,6,30.881999999999998,47.847,39.393,62.875,117.74600000000001,120.514,64.9,55.0,31.1,101.2,68.1,89.4,97.098,89.1,95.3,92.2,95.4,14.753,5,5,5,46.474000000000004
20.11,6,30.523000000000003,48.585,39.501999999999995,63.243,117.656,120.42299999999999,64.9,55.0,31.1,101.2,68.1,89.4,97.09899999999999,89.1,95.3,92.2,95.4,14.367,5,5,5,46.657
20.13,6,30.829,48.43600000000001,39.406,59.25899999999999,117.71,120.301,64.9,55.0,31.1,101.2,68.1,89.4,97.09899999999999,89.1,95.3,92.2,95.4,15.527999999999999,5,5,5,46.818000000000005
20.15,6,30.728,48.211000000000006,39.306999999999995,63.998000000000005,117.74600000000001,120.39299999999999,64.9,55.0,31.1,101.2,68.1,89.4,97.1,89.1,95.3,92.2,95.4,15.385,5,5,5,46.978
20.17,6,30.614,48.497,39.327,60.728,117.585,120.33200000000001,64.9,55.0,31.1,101.2,68.1,89.4,97.1,89.1,95.3,92.2,95.4,14.714,5,5,5,47.098
20.19,6,30.191,48.409,39.33,61.96,117.67399999999999,120.33200000000001,64.9,55.0,31.1,101.2,68.1,89.4,97.1,89.1,95.3,92.2,95.4,15.6,5,5,5,47.28
20.21,6,29.748,47.876000000000005,39.406,64.979,117.495,120.33200000000001,64.9,55.0,31.1,101.2,68.1,89.4,97.1,89.1,95.3,92.2,95.4,15.81,5,5,5,47.409
20.23,6,30.035,47.928000000000004,39.260999999999996,62.593,117.495,120.24,64.9,55.0,31.1,101.2,68.1,89.4,97.1,89.1,95.3,92.2,95.4,14.825,5,5,5,47.562
20.25,6,30.35,48.206,39.034,63.038000000000004,117.369,120.103,64.9,55.0,31.1,101.2,68.1,89.4,97.1,89.1,95.3,92.2,95.4,15.062999999999999,5,5,5,47.698
20.27,6,30.213,48.133,39.251,63.409,117.369,120.01100000000001,64.9,55.0,31.1,101.2,68.1,89.4,97.1,89.1,95.3,92.2,95.4,15.821,5,5,5,47.818000000000005
20.29,6,30.235,48.278,39.145,61.42,117.225,119.965,65.0,55.0,31.0,101.3,67.9,89.4,97.1,89.1,95.3,92.2,95.4,14.923,5,5,5,47.946999999999996
20.31,6,30.131,47.34,39.149,65.55,117.225,119.919,65.0,55.0,31.0,101.3,67.9,89.4,97.1,89.1,95.3,92.2,95.4,14.607000000000001,5,5,5,48.078
20.33,6,30.186,47.585,39.086999999999996,64.363,117.171,119.949,65.0,55.0,31.0,101.3,67.9,89.4,97.1,89.1,95.3,92.2,95.4,15.687999999999999,5,5,5,48.211
20.35,6,29.569000000000003,47.348,39.121,63.233999999999995,117.027,119.85700000000001,65.0,55.0,31.0,101.3,67.9,89.4,97.1,89.1,95.3,92.2,95.4,15.33,5,5,5,48.332
20.37,6,30.461,47.705,39.004,64.38499999999999,117.06299999999999,119.704,65.0,55.0,31.0,101.3,67.9,89.4,97.1,89.1,95.3,92.2,95.4,14.724,5,5,5,48.451
20.39,6,30.035,46.852,38.931999999999995,63.952,116.936,119.734,65.0,55.0,31.0,101.3,67.9,89.4,97.1,89.1,95.3,92.2,95.4,15.679,5,5,5,48.57
20.41,6,29.967,47.373000000000005,39.109,65.03800000000001,116.91799999999999,119.765,65.0,55.0,31.0,101.3,67.9,89.4,97.1,89.1,95.3,92.2,95.4,15.763,5,5,5,48.708
20.43,6,29.738000000000003,47.183,39.069,66.84,116.954,119.596,65.0,55.0,31.0,101.3,67.9,89.4,97.1,89.1,95.3,92.2,95.4,14.872,5,5,5,48.812
20.45,6,29.71,47.29600000000001,39.054,63.845,116.791,119.53399999999999,65.0,55.0,31.0,101.3,67.9,89.4,97.1,89.1,95.3,92.2,95.4,15.640999999999998,5,5,5,48.967
20.47,6,29.2,46.92100000000001,39.082,63.982,116.97200000000001,119.596,65.0,55.0,31.0,101.3,67.9,89.4,97.1,89.1,95.3,92.2,95.4,15.835999999999999,5,5,5,49.077
20.49,6,29.635,47.367,38.585,63.107,116.736,119.565,65.0,55.0,31.0,101.3,67.9,89.4,97.1,89.1,95.3,92.2,95.4,14.968,5,5,5,49.196
20.51,6,29.515,47.013000000000005,39.007,64.641,116.736,119.47200000000001,65.0,55.0,31.0,101.3,67.9,89.4,97.1,89.1,95.3,92.2,95.4,14.976,5,5,5,49.319
20.53,6,29.62,47.413999999999994,38.799,65.311,116.62700000000001,119.441,65.0,55.0,31.0,101.3,67.9,89.4,97.1,89.169,95.3,92.2,95.4,15.869000000000002,5,5,5,49.409
20.55,6,29.664,47.32899999999999,38.868,64.416,116.554,119.37899999999999,65.0,55.0,31.0,101.3,67.9,89.4,97.1,89.226,95.3,92.2,95.4,15.123,5,5,5,49.57
20.57,6,29.430999999999997,46.922,38.946999999999996,63.513999999999996,116.59,119.45700000000001,65.0,55.0,31.0,101.3,67.9,89.4,97.1,89.258,95.3,92.2,95.4,14.801,5,5,5,49.669000000000004
20.59,6,29.287,47.026,38.866,63.742,116.499,119.348,65.0,55.0,31.0,101.3,67.9,89.4,97.1,89.277,95.3,92.2,95.4,15.754000000000001,5,5,5,49.809
20.61,6,29.116999999999997,46.943000000000005,38.902,63.178999999999995,116.444,119.348,65.0,55.0,31.0,101.3,67.9,89.4,97.1,89.28699999999999,95.3,92.2,95.4,15.644,5,5,5,49.927
20.63,6,29.159000000000002,46.235,38.804,65.97399999999999,116.29700000000001,119.395,65.0,55.0,31.0,101.3,67.9,89.4,97.1,89.293,95.3,92.2,95.4,14.695,5,5,5,50.024
20.65,6,28.609,46.843,38.884,64.506,116.389,119.31700000000001,65.0,55.0,31.0,101.3,67.9,89.4,97.1,89.296,95.3,92.2,95.4,15.772,5,5,5,50.157
20.67,6,28.846,46.463,38.703,64.331,116.37100000000001,119.22399999999999,65.0,55.0,31.0,101.3,67.9,89.4,97.1,89.298,95.3,92.26899999999999,95.4,15.897,5,5,5,50.251
20.69,6,28.873,46.298,38.847,63.512,116.18700000000001,119.116,65.0,55.0,31.0,101.3,67.9,89.4,97.1,89.29899999999999,95.3,92.32600000000001,95.4,14.832,5,5,5,50.373000000000005
20.71,6,28.901999999999997,46.381,38.775999999999996,62.878,116.242,119.24,65.0,55.0,31.0,101.3,67.9,89.4,97.1,89.29899999999999,95.3,92.358,95.4,15.399000000000001,5,5,5,50.506
20.73,6,28.688000000000002,46.853,38.667,66.564,116.113,119.178,65.0,55.0,31.0,101.3,67.9,89.4,97.1,89.3,95.3,92.377,95.4,16.024,5,5,5,50.597
20.75,6,28.559,46.508,38.708,65.316,116.132,119.131,65.0,55.0,31.0,101.3,67.9,89.4,97.1,89.3,95.3,92.387,95.4,15.08,5,5,5,50.711999999999996
20.77,6,28.491999999999997,46.611000000000004,38.76,64.363,116.113,119.147,65.0,55.0,31.0,101.3,67.9,89.4,97.1,89.3,95.3,92.393,95.4,14.865,5,5,5,50.813
20.79,6,28.438000000000002,46.528999999999996,38.719,65.891,115.984,119.069,65.0,55.0,31.0,101.3,67.9,89.4,97.1,89.3,95.3,92.396,95.4,15.899000000000001,5,5,5,50.897
20.81,6,29.013,46.536,38.839,63.898,115.947,119.022,65.0,55.0,31.0,101.3,67.9,89.4,97.1,89.3,95.3,92.398,95.4,15.374,5,5,5,50.998999999999995
20.83,6,28.404,46.541000000000004,38.802,67.33699999999999,115.855,118.96,65.0,55.0,31.0,101.3,67.9,89.4,97.1,89.3,95.3,92.399,95.4,14.871,5,5,5,51.093999999999994
20.85,6,28.115,46.602,38.718,67.589,115.947,118.835,65.0,55.0,31.0,101.3,67.9,89.4,97.1,89.3,95.3,92.399,95.4,15.630999999999998,5,5,5,51.178000000000004
20.87,6,28.134,46.903,38.65,65.503,115.87299999999999,118.866,65.0,55.0,31.0,101.3,67.9,89.4,97.1,89.3,95.3,92.4,95.4,15.835999999999999,5,5,5,51.29600000000001
20.89,6,28.14,46.325,38.73,66.098,115.743,118.82,65.0,55.0,31.0,101.3,67.9,89.4,97.1,89.3,95.3,92.4,95.4,14.862,5,5,5,51.379
20.91,6,27.706,46.285,38.688,65.172,115.743,118.71,65.0,55.0,31.0,101.3,67.9,89.4,97.1,89.3,95.3,92.4,95.4,15.565999999999999,5,5,5,51.457
20.93,6,28.21,46.516000000000005,38.678000000000004,67.08600000000001,115.632,118.695,65.0,55.0,31.0,101.3,67.9,89.4,97.1,89.3,95.3,92.4,95.4,15.924000000000001,5,5,5,51.558
20.95,6,28.706999999999997,46.104,38.488,70.217,115.595,118.757,65.0,55.0,31.0,101.3,67.9,89.4,97.1,89.3,95.3,92.4,95.4,15.052999999999999,5,5,5,51.641999999999996
20.97,6,28.005,46.277,38.546,67.09,115.557,118.679,65.0,55.0,31.0,101.3,67.9,89.4,97.1,89.3,95.3,92.4,95.4,15.052,5,5,5,51.745
20.99,6,28.112,46.012,38.664,67.08699999999999,115.501,118.601,65.0,55.0,31.0,101.3,67.9,89.4,97.1,89.3,95.3,92.4,95.4,15.318,5,5,5,51.835
21.01,6,28.515,45.975,38.685,66.012,115.632,118.726,65.0,55.0,31.0,101.3,67.9,89.4,97.1,89.3,95.3,92.4,95.4,14.272,5,5,5,51.937
21.03,6,27.725,45.537,38.74,66.956,115.539,118.459,65.0,55.0,31.0,101.3,67.9,89.4,97.1,89.3,95.3,92.4,95.4,13.827,5,5,5,52.038000000000004
21.05,6,27.910999999999998,45.786,38.577,69.211,115.40799999999999,118.491,65.0,55.0,31.0,101.3,67.9,89.4,97.1,89.3,95.3,92.4,95.4,13.968,5,5,5,52.122
21.07,6,27.913,45.938,38.433,68.74000000000001,115.445,118.475,65.0,55.0,31.0,101.3,67.9,89.4,97.1,89.3,95.3,92.4,95.4,12.462,5,5,5,52.246
21.09,6,28.024,45.953,38.649,68.078,115.40799999999999,118.302,65.0,55.0,31.0,101.3,67.9,89.4,97.1,89.3,95.3,92.4,95.4,12.805,5,5,5,52.373999999999995
21.11,6,27.968000000000004,45.725,38.547,68.005,115.314,118.318,65.0,55.0,31.0,101.3,67.9,89.4,97.1,89.3,95.3,92.4,95.4,12.786000000000001,5,5,5,52.463
21.13,6,28.093000000000004,46.338,38.347,67.037,115.314,118.396,65.0,55.0,31.0,101.3,67.9,89.4,97.1,89.3,95.3,92.4,95.4,11.844,5,5,5,52.596000000000004
21.15,6,27.779,45.0,38.51,71.042,115.23899999999999,118.302,65.0,55.0,31.0,101.3,67.9,89.4,97.1,89.3,95.3,92.4,95.4,12.197,5,5,5,52.743
21.17,6,27.984,45.535,38.711999999999996,68.66300000000001,115.146,118.27,65.0,55.0,31.0,101.3,67.9,89.4,97.1,89.3,95.3,92.4,95.4,11.963999999999999,5,5,5,52.856
21.19,6,27.403000000000002,45.843,38.668,68.37899999999999,115.07,118.176,65.0,55.0,31.0,101.3,67.9,89.4,97.1,89.3,95.3,92.4,95.4,11.475,5,5,5,53.004
21.21,6,28.055,45.655,38.687,69.226,115.014,118.11200000000001,65.0,55.0,31.0,101.3,67.9,89.4,97.1,89.3,95.3,92.4,95.4,12.322,5,5,5,53.129
21.23,6,27.496,45.529,38.74,67.156,114.976,118.12799999999999,65.0,55.0,31.0,101.3,67.9,89.4,97.1,89.3,95.3,92.4,95.4,11.581,5,5,5,53.286
21.25,6,27.651,45.516,38.504,70.17,115.10799999999999,118.11200000000001,65.0,55.0,31.0,101.3,67.9,89.4,97.1,89.3,95.3,92.4,95.4,11.277000000000001,5,5,5,53.428000000000004
21.27,6,27.56,45.38,38.541,69.874,114.995,118.065,65.0,55.0,31.0,101.3,67.9,89.4,97.1,89.3,95.3,92.4,95.4,12.113,5,5,5,53.59
21.29,6,28.046,44.969,38.658,68.465,114.882,117.97,65.0,55.0,31.0,101.3,67.9,89.4,97.1,89.3,95.3,92.4,95.4,11.21,5,5,5,53.718
21.31,6,26.958000000000002,45.568000000000005,38.405,69.33800000000001,114.919,117.954,65.0,55.0,31.0,101.3,67.9,89.4,97.1,89.3,95.3,92.4,95.4,10.84,5,5,5,53.871
21.33,6,27.224,45.439,38.431,68.958,114.90100000000001,117.92299999999999,65.0,55.0,31.0,101.3,67.9,89.4,97.1,89.3,95.3,92.4,95.4,11.483,5,5,5,54.038000000000004
21.35,6,27.52,45.061,38.586,70.765,114.76799999999999,117.954,65.0,55.0,31.0,101.3,67.9,89.4,97.1,89.3,95.3,92.4,95.4,10.119,5,5,5,54.19
21.37,6,27.288,45.111,38.51,73.949,114.73,117.93799999999999,65.0,55.0,31.0,101.3,67.9,89.4,97.1,89.3,95.3,92.4,95.4,10.605,5,5,5,54.335
21.39,6,27.166999999999998,45.518,38.368,70.392,114.57799999999999,117.74799999999999,65.0,55.0,31.0,101.3,67.9,89.4,97.1,89.3,95.3,92.4,95.4,10.998,5,5,5,54.488
21.41,6,27.278000000000002,45.354,38.578,70.314,114.73,117.92299999999999,65.0,55.0,31.0,101.3,67.9,89.4,97.1,89.3,95.3,92.4,95.4,9.898,5,5,5,54.663999999999994
21.43,6,27.574,45.091,38.343,69.444,114.635,117.73200000000001,65.0,55.0,31.0,101.3,67.9,89.4,97.1,89.3,95.3,92.4,95.4,10.529,5,5,5,54.869
21.45,6,26.885,45.677,38.524,70.74,114.616,117.73200000000001,65.0,55.0,31.0,101.3,67.9,89.4,97.1,89.3,95.3,92.4,95.4,10.697,5,5,5,55.004
21.47,6,27.095,45.051,38.387,72.751,114.57799999999999,117.74799999999999,65.0,55.0,31.0,101.3,67.9,89.4,97.1,89.3,95.3,92.4,95.4,10.032,5,5,5,55.158
21.49,6,26.891,45.101,38.607,70.97,114.57799999999999,117.652,65.0,55.0,31.0,101.3,67.9,89.4,97.1,89.3,95.3,92.4,95.4,10.92,5,5,5,55.318000000000005
21.51,6,26.541999999999998,44.926,38.396,70.682,114.38799999999999,117.7,65.0,55.0,31.0,101.3,67.9,89.4,97.1,89.3,95.3,92.4,95.4,10.689,5,5,5,55.503
21.53,6,26.478,44.56,38.501,70.23,114.48299999999999,117.493,65.0,55.0,31.0,101.3,67.9,89.4,97.1,89.3,95.3,92.4,95.4,10.25,5,5,5,55.66
21.55,6,27.053,44.992,38.454,69.925,114.34899999999999,117.477,65.0,55.0,31.0,101.3,67.9,89.4,97.1,89.3,95.3,92.4,95.4,11.219999999999999,5,5,5,55.849
21.57,6,26.849,45.402,38.421,74.542,114.235,117.445,65.0,55.0,31.0,101.3,67.9,89.4,97.1,89.3,95.3,92.4,95.4,10.477,5,5,5,55.996
21.59,6,26.54,44.869,38.433,72.979,114.292,117.365,65.0,55.0,31.0,101.3,67.9,89.4,97.1,89.3,95.3,92.4,95.4,10.27,5,5,5,56.159
21.61,6,26.589000000000002,45.001,38.469,70.308,114.12,117.413,65.0,55.0,31.0,101.3,67.9,89.4,97.1,89.3,95.3,92.4,95.4,10.934999999999999,5,5,5,56.333999999999996
21.63,6,26.801,45.027,38.326,72.15100000000001,114.12,117.397,65.0,55.0,31.0,101.3,67.9,89.4,97.1,89.3,95.3,92.4,95.4,10.001999999999999,5,5,5,56.488
21.65,6,26.281999999999996,44.672,38.51,69.21,114.139,117.301,65.0,55.0,31.0,101.3,67.9,89.4,97.1,89.3,95.3,92.4,95.4,10.407,5,5,5,56.658
21.67,6,26.031,43.885999999999996,38.431,72.91199999999999,114.06200000000001,117.301,65.0,55.0,31.0,101.3,67.9,89.4,97.1,89.3,95.3,92.4,95.4,10.780000000000001,5,5,5,56.833
21.69,6,25.796,44.905,38.534,71.62899999999999,113.985,117.301,65.0,55.0,31.0,101.3,67.9,89.4,97.1,89.3,95.3,92.4,95.4,9.623999999999999,5,5,5,56.992
21.71,6,26.815,44.606,38.346,70.539,113.985,117.31700000000001,65.0,55.0,31.0,101.3,67.9,89.4,97.1,89.3,95.3,92.4,95.4,10.518,5,5,5,57.175
21.73,6,26.309,44.566,38.479,71.582,113.811,117.26899999999999,65.0,55.0,31.0,101.3,67.9,89.4,97.1,89.3,95.3,92.4,95.4,10.597000000000001,5,5,5,57.339
21.75,6,26.103,44.446,38.516999999999996,69.315,113.889,117.124,65.0,55.0,31.0,101.3,67.9,89.4,97.1,89.3,95.3,92.4,95.4,9.937999999999999,5,5,5,57.527
21.77,6,26.436,44.516999999999996,38.521,71.917,113.792,117.156,65.0,55.0,31.0,101.3,67.9,89.4,97.1,89.3,95.3,92.4,95.4,10.818999999999999,5,5,5,57.696999999999996
21.79,6,26.64,44.26,38.406,74.293,113.773,117.18799999999999,65.0,55.0,31.0,101.3,67.9,89.4,97.1,89.3,95.3,92.4,95.4,10.453,5,5,5,57.855
21.81,6,26.31,44.309,38.510999999999996,70.457,113.889,117.09200000000001,65.0,55.0,31.0,101.3,67.9,89.4,97.1,89.3,95.3,92.4,95.4,10.253,5,5,5,58.035
21.83,6,26.129,44.353,38.289,71.436,113.501,117.06,65.0,55.0,31.0,101.3,67.9,89.4,97.1,89.3,95.3,92.4,95.4,11.218,5,5,5,58.2
21.85,6,26.068,44.688,38.367,70.542,113.54,116.979,65.0,55.0,31.0,101.3,67.9,89.4,97.1,89.3,95.3,92.4,95.4,10.509,5,5,5,58.38
21.87,6,26.116,44.468,38.286,71.46600000000001,113.54,117.02799999999999,65.0,55.0,31.0,101.3,67.9,89.4,97.1,89.3,95.3,92.4,95.4,10.306000000000001,5,5,5,58.57899999999999
21.89,6,25.965,44.521,38.655,74.763,113.637,116.882,65.0,55.0,31.0,101.3,67.9,89.4,97.1,89.3,95.3,92.4,95.4,10.928,5,5,5,58.717
21.91,6,26.016,44.064,38.44,72.62899999999999,113.462,116.85,65.0,55.0,31.0,101.3,67.9,89.4,97.1,89.3,95.3,92.4,95.4,10.332999999999998,5,5,5,58.93
21.93,6,25.926,43.875,38.659,71.682,113.48200000000001,116.85,65.0,55.0,31.0,101.3,67.9,89.4,97.1,89.3,95.3,92.4,95.4,10.269,5,5,5,59.102
21.95,6,25.822,44.665,38.287,70.153,113.42299999999999,116.802,65.0,55.0,31.0,101.3,67.9,89.4,97.1,89.3,95.3,92.4,95.4,10.254999999999999,5,5,5,59.25
21.97,6,25.932,44.63,38.414,71.233,113.365,116.624,65.0,55.0,31.0,101.3,67.9,89.4,97.1,89.3,95.3,92.4,95.4,10.264,5,5,5,59.445
21.99,6,25.729,44.041,38.279,75.547,113.365,116.60700000000001,65.0,55.0,31.0,101.3,67.9,89.4,97.1,89.3,95.3,92.4,95.4,10.877,5,5,5,59.63
22.01,6,25.691,44.387,38.361,73.593,113.365,116.68799999999999,65.0,55.0,31.0,101.3,67.9,89.4,97.1,89.3,95.3,92.4,95.4,9.844999999999999,5,5,5,59.79600000000001
22.03,6,25.528000000000002,44.166,38.065,71.065,113.149,116.59100000000001,65.0,55.0,31.0,101.3,67.9,89.4,97.1,89.3,95.3,92.4,95.4,9.094,5,5,5,59.986999999999995
22.05,6,25.464000000000002,43.904,38.373000000000005,72.9,113.169,116.396,65.0,55.0,31.0,101.3,67.9,89.4,97.1,89.3,95.3,92.4,95.4,9.849,5,5,5,60.168
22.07,6,25.717,44.024,38.341,70.44,113.11,116.38,65.0,55.0,31.0,101.3,67.9,89.4,97.1,89.3,95.3,92.4,95.4,10.032,5,5,5,60.328
22.09,6,26.009,43.789,38.159,75.26,113.13,116.494,65.0,55.0,31.0,101.3,67.9,89.4,97.1,89.3,95.3,92.4,95.4,9.507,5,5,5,60.54
22.11,6,25.849,43.952,38.229,74.337,113.051,116.331,65.0,55.0,31.0,101.3,67.9,89.4,97.1,89.3,95.3,92.4,95.4,9.356,5,5,5,60.711000000000006
22.13,6,25.523000000000003,43.654,38.433,72.188,113.09100000000001,116.363,65.0,55.0,31.0,101.3,67.9,89.4,97.1,89.3,95.3,92.4,95.4,9.365,5,5,5,60.888999999999996
22.15,6,25.17,44.079,38.129,73.234,113.012,116.38,65.0,55.0,31.0,101.3,67.9,89.4,97.1,89.3,95.3,92.4,95.4,9.622,5,5,5,61.043
22.17,6,25.609,43.815,38.229,70.908,113.012,116.29799999999999,65.0,55.0,31.0,101.3,67.9,89.4,97.1,89.3,95.3,92.4,95.4,9.411000000000001,5,5,5,61.243
22.19,6,25.212,43.725,38.188,73.438,112.973,116.118,65.0,55.0,31.0,101.3,67.9,89.4,97.1,89.3,95.3,92.4,95.4,9.283999999999999,5,5,5,61.395
22.21,6,24.998,44.188,38.251999999999995,75.135,112.89399999999999,116.16799999999999,65.0,55.0,31.0,101.3,67.9,89.4,97.1,89.3,95.3,92.4,95.4,9.533000000000001,5,5,5,61.548
22.23,6,24.812,43.754,38.235,71.342,112.835,116.135,65.0,55.0,31.0,101.3,67.9,89.4,97.1,89.3,95.3,92.4,95.4,9.515,5,5,5,61.726000000000006
22.25,6,24.851,43.681999999999995,38.304,71.908,112.874,115.98700000000001,65.0,55.0,31.0,101.3,67.9,89.4,97.1,89.3,95.3,92.4,95.4,8.457,5,5,5,61.902
22.27,6,25.09,43.395,38.108000000000004,71.266,112.71600000000001,116.02,65.0,55.0,31.0,101.3,67.9,89.4,97.1,89.3,95.3,92.4,95.4,9.231,5,5,5,62.075
22.29,6,25.08,43.54,38.055,72.53,112.696,115.98700000000001,65.1,55.1,31.1,101.3,67.8,89.4,97.1,89.3,95.3,92.4,95.4,9.914,5,5,5,62.261
22.31,6,24.634,43.378,38.016,75.215,112.676,116.037,65.1,55.1,31.1,101.3,67.8,89.4,97.1,89.3,95.3,92.4,95.4,9.251999999999999,5,5,5,62.417
22.33,6,24.623,43.545,38.141,72.033,112.59700000000001,115.971,65.1,55.1,31.1,101.3,67.8,89.4,97.1,89.3,95.3,92.4,95.4,8.708,5,5,5,62.608000000000004
22.35,6,25.038,43.725,38.063,72.265,112.59700000000001,115.93799999999999,65.1,55.1,31.1,101.3,67.8,89.4,97.1,89.3,95.3,92.4,95.4,9.163,5,5,5,62.773
22.37,6,24.660999999999998,43.055,38.005,71.15899999999999,112.557,115.87200000000001,65.1,55.1,31.1,101.3,67.8,89.4,97.1,89.3,95.3,92.4,95.4,9.528,5,5,5,62.968999999999994
22.39,6,24.574,43.384,38.103,71.617,112.617,115.823,65.1,55.1,31.1,101.3,67.8,89.4,97.1,89.3,95.3,92.4,95.4,9.364,5,5,5,63.152
22.41,6,24.266,43.496,38.162,74.714,112.617,115.774,65.1,55.1,31.1,101.3,67.8,89.4,97.1,89.3,95.3,92.4,95.4,9.077,5,5,5,63.321000000000005
22.43,6,24.801,43.271,38.302,72.28699999999999,112.51799999999999,115.757,65.1,55.1,31.1,101.3,67.8,89.4,97.1,89.3,95.3,92.4,95.4,9.187000000000001,5,5,5,63.493
22.45,6,24.319000000000003,43.728,38.219,72.304,112.398,115.54299999999999,65.1,55.1,31.1,101.3,67.8,89.4,97.1,89.3,95.3,92.4,95.4,9.242,5,5,5,63.692
22.47,6,24.329,43.356,38.243,71.90899999999999,112.458,115.609,65.1,55.1,31.1,101.3,67.8,89.4,97.1,89.3,95.3,92.4,95.487,8.891,5,5,5,63.87
22.49,6,24.374000000000002,43.092,38.082,71.145,112.338,115.72399999999999,65.1,55.1,31.1,101.3,67.8,89.4,97.1,89.3,95.3,92.4,95.53699999999999,8.974,5,5,5,64.044
22.51,6,24.654,43.248000000000005,37.912,75.48899999999999,112.35799999999999,115.64200000000001,65.1,55.1,31.1,101.3,67.8,89.4,97.1,89.3,95.3,92.4,95.564,9.543,5,5,5,64.268
22.53,6,24.177,43.0,37.989000000000004,74.581,112.35799999999999,115.691,65.1,55.1,31.1,101.3,67.8,89.4,97.1,89.3,95.3,92.4,95.58,8.709,5,5,5,64.45
22.55,6,24.157,43.12,37.85,72.45100000000001,112.23899999999999,115.675,65.1,55.1,31.1,101.3,67.8,89.4,97.1,89.3,95.3,92.4,95.589,7.9879999999999995,5,5,5,64.63300000000001
22.57,6,24.133,43.172,37.867,73.77199999999999,112.05799999999999,115.64200000000001,65.1,55.1,31.1,101.3,67.8,89.4,97.1,89.3,95.3,92.4,95.594,8.971,5,5,5,64.796
22.59,6,23.753,42.686,37.868,70.854,112.279,115.57600000000001,65.1,55.1,31.1,101.3,67.8,89.4,97.1,89.3,95.3,92.4,95.596,9.690000000000001,5,5,5,64.99000000000001
22.61,6,24.187,43.059,38.115,74.567,112.15899999999999,115.57600000000001,65.1,55.1,31.1,101.3,67.8,89.4,97.1,89.3,95.3,92.4,95.598,8.786999999999999,5,5,5,65.18
22.63,6,24.245,42.826,38.018,73.96600000000001,112.179,115.52600000000001,65.1,55.1,31.1,101.3,67.8,89.4,97.1,89.3,95.3,92.4,95.59899999999999,8.737,5,5,5,65.325
22.65,6,24.146,43.24,37.917,71.567,112.098,115.41,65.1,55.1,31.1,101.3,67.8,89.4,97.1,89.3,95.3,92.4,95.59899999999999,9.213999999999999,5,5,5,65.49000000000001
22.67,6,23.665,42.899,37.787,72.839,112.07799999999999,115.46,65.1,55.1,31.1,101.3,67.8,89.4,97.1,89.3,95.3,92.4,95.6,9.254999999999999,5,5,5,65.66300000000001
22.69,6,23.692,42.635,37.936,70.62899999999999,112.098,115.39399999999999,65.1,55.1,31.1,101.3,67.8,89.4,97.1,89.3,95.3,92.4,95.6,9.043,5,5,5,65.83699999999999
22.71,6,23.924,42.308,37.843,72.98899999999999,112.139,115.14399999999999,65.1,55.1,31.1,101.3,67.8,89.4,97.1,89.3,95.3,92.4,95.6,8.937,5,5,5,66.00399999999999
22.73,6,23.465999999999998,42.635999999999996,37.918,76.404,112.038,115.26100000000001,65.1,55.1,31.1,101.3,67.8,89.4,97.1,89.3,95.3,92.4,95.6,9.030000000000001,5,5,5,66.185
22.75,6,23.441,43.022,37.958,72.1,111.917,115.14399999999999,65.1,55.1,31.1,101.3,67.8,89.4,97.1,89.3,95.3,92.4,95.6,9.072,5,5,5,66.35499999999999
22.77,6,23.967,42.914,38.037,71.336,111.897,115.061,65.1,55.1,31.1,101.3,67.8,89.4,97.1,89.3,95.3,92.4,95.6,8.362,5,5,5,66.499
22.79,6,24.093,42.488,37.88,71.079,111.77600000000001,115.161,65.1,55.1,31.1,101.3,67.8,89.4,97.1,89.3,95.3,92.4,95.6,8.978,5,5,5,66.67
22.81,6,23.528,42.385999999999996,38.005,71.982,111.796,115.14399999999999,65.1,55.1,31.1,101.3,67.8,89.4,97.1,89.3,95.35,92.4,95.6,9.798,5,5,5,66.864
22.83,6,23.718,42.431,37.982,74.627,111.736,115.061,65.1,55.1,31.1,101.3,67.8,89.4,97.1,89.3,95.416,92.4,95.6,9.166,5,5,5,67.06
22.85,6,23.57,42.125,37.887,71.868,111.87700000000001,115.094,65.1,55.1,31.1,101.3,67.8,89.4,97.1,89.3,95.453,92.4,95.6,8.086,5,5,5,67.235
22.87,6,23.727,42.397,37.777,72.737,111.87700000000001,115.161,65.1,55.1,31.1,101.3,67.8,89.4,97.1,89.3,95.473,92.4,95.6,9.02,5,5,5,67.41
22.89,6,23.641,42.415,37.645,70.26899999999999,111.71600000000001,114.961,65.1,55.1,31.1,101.3,67.8,89.4,97.1,89.3,95.485,92.4,95.6,9.559999999999999,5,5,5,67.58
22.91,6,23.418,41.973,37.626999999999995,71.683,111.71600000000001,114.89399999999999,65.1,55.1,31.1,101.3,67.8,89.4,97.1,89.3,95.492,92.4,95.6,8.758,5,5,5,67.77600000000001
22.93,6,22.925,42.576,37.911,75.248,111.553,115.02799999999999,65.1,55.1,31.1,101.3,67.8,89.4,97.1,89.3,95.495,92.4,95.6,8.644,5,5,5,67.94800000000001
22.95,6,23.262,42.243,37.749,73.298,111.594,114.76,65.1,55.1,31.1,101.3,67.8,89.4,97.1,89.3,95.497,92.4,95.6,8.91,5,5,5,68.14500000000001
22.97,6,23.573,42.097,37.733000000000004,72.27600000000001,111.594,114.743,65.1,55.1,31.1,101.3,67.8,89.4,97.1,89.3,95.499,92.4,95.6,8.937,5,5,5,68.30799999999999
22.99,6,23.167,42.266,37.742,73.348,111.411,114.81,65.1,55.1,31.1,101.3,67.8,89.4,97.1,89.3,95.499,92.4,95.6,9.318000000000001,5,5,5,68.481
23.01,6,23.512,41.838,37.628,70.566,111.553,114.81,65.1,55.1,31.1,101.3,67.8,89.4,97.1,89.3,95.5,92.4,95.6,8.214,5,5,5,68.678
23.03,6,23.271,42.022,37.757,75.252,111.47200000000001,114.777,65.1,55.1,31.1,101.3,67.8,89.4,97.1,89.3,95.5,92.4,95.6,9.18,5,5,5,68.861
23.05,6,22.739,41.635999999999996,37.705999999999996,75.219,111.492,114.82700000000001,65.1,55.1,31.1,101.3,67.8,89.4,97.1,89.3,95.5,92.4,95.6,9.52,5,5,5,69.07
23.07,6,22.988,42.305,37.613,71.97,111.51299999999999,114.693,65.1,55.1,31.1,101.3,67.8,89.4,97.1,89.3,95.5,92.4,95.6,8.759,5,5,5,69.251
23.09,6,22.817,41.794000000000004,37.609,73.264,111.391,114.625,65.1,55.1,31.1,101.3,67.8,89.4,97.1,89.3,95.5,92.4,95.6,9.161000000000001,5,5,5,69.398
23.11,6,22.522000000000002,42.305,37.766999999999996,70.757,111.391,114.709,65.1,55.1,31.1,101.3,67.8,89.4,97.1,89.3,95.5,92.4,95.6,9.855,5,5,5,69.584
23.13,6,22.715999999999998,42.2,37.7,73.553,111.309,114.64200000000001,65.1,55.1,31.1,101.3,67.8,89.4,97.1,89.3,95.5,92.4,95.6,9.146,5,5,5,69.775
23.15,6,23.05,41.803000000000004,37.711999999999996,74.846,111.24799999999999,114.59200000000001,65.1,55.1,31.1,101.3,67.8,89.4,97.1,89.3,95.5,92.4,95.6,9.221,5,5,5,69.96000000000001
23.17,6,22.63,41.77,37.389,72.113,111.227,114.575,65.1,55.1,31.1,101.3,67.8,89.4,97.1,89.3,95.5,92.4,95.6,10.049,5,5,5,70.12899999999999
23.19,6,22.532,42.174,37.665,72.74,111.26799999999999,114.44,65.1,55.1,31.1,101.3,67.8,89.4,97.1,89.3,95.5,92.4,95.6,9.391,5,5,5,70.285
23.21,6,22.485,42.31,37.614000000000004,71.515,111.00200000000001,114.55799999999999,65.1,55.1,31.1,101.3,67.8,89.4,97.1,89.3,95.5,92.4,95.6,9.224,5,5,5,70.47999999999999
23.23,6,22.637999999999998,41.578,37.754,72.649,111.145,114.42299999999999,65.1,55.1,31.1,101.3,67.8,89.4,97.1,89.3,95.5,92.4,95.6,10.364,5,5,5,70.65299999999999
23.25,6,22.102999999999998,41.536,37.546,75.675,111.06299999999999,114.37299999999999,65.1,55.1,31.1,101.3,67.8,89.4,97.1,89.3,95.5,92.4,95.6,9.097,5,5,5,70.809
23.27,6,22.119,41.717,37.516,72.515,110.919,114.55799999999999,65.1,55.1,31.1,101.3,67.8,89.4,97.1,89.3,95.5,92.4,95.6,9.121,5,5,5,70.983
23.29,6,22.427,41.677,37.561,71.173,111.04299999999999,114.406,65.1,55.1,31.1,101.3,67.8,89.4,97.1,89.3,95.5,92.4,95.6,9.876000000000001,5,5,5,71.15899999999999
23.31,6,22.51,41.727,37.525,70.187,110.961,114.37299999999999,65.1,55.1,31.1,101.3,67.8,89.4,97.1,89.3,95.5,92.4,95.6,9.455,5,5,5,71.35300000000001
23.33,6,22.269000000000002,41.711999999999996,37.643,71.12899999999999,110.98100000000001,114.305,65.1,55.1,31.1,101.3,67.8,89.4,97.1,89.3,95.5,92.4,95.6,9.111,5,5,5,71.513
23.35,6,22.507,41.638000000000005,37.523,73.878,110.919,114.084,65.1,55.1,31.1,101.3,67.8,89.4,97.1,89.3,95.5,92.4,95.6,9.512,5,5,5,71.697
23.37,6,22.43,41.568000000000005,37.579,71.238,110.816,114.169,65.1,55.1,31.1,101.3,67.8,89.4,97.1,89.3,95.5,92.4,95.6,9.631,5,5,5,71.874
23.39,6,21.521,42.067,37.787,71.562,110.919,114.118,65.1,55.1,31.1,101.3,67.8,89.4,97.1,89.3,95.5,92.4,95.6,8.899,5,5,5,72.066
23.41,6,21.899,41.68,37.611,71.09100000000001,110.816,114.23700000000001,65.1,55.1,31.1,101.3,67.8,89.4,97.1,89.3,95.5,92.4,95.6,9.474,5,5,5,72.218
23.43,6,21.99,41.433,37.633,70.855,110.69200000000001,114.084,65.1,55.1,31.1,101.3,67.8,89.4,97.1,89.3,95.5,92.4,95.6,9.727,5,5,5,72.423
23.45,6,21.774,41.713,37.55,75.66,110.816,114.084,65.1,55.1,31.1,101.3,67.8,89.4,97.1,89.3,95.5,92.4,95.6,8.705,5,5,5,72.619
23.47,6,21.957,41.679,37.475,74.759,110.69200000000001,114.084,65.1,55.1,31.1,101.3,67.8,89.4,97.1,89.3,95.5,92.4,95.6,9.564,5,5,5,72.782
23.49,6,21.695,41.126,37.714,72.324,110.69200000000001,113.897,65.1,55.1,31.1,101.3,67.8,89.4,97.1,89.3,95.5,92.4,95.6,9.757,5,5,5,72.96100000000001
23.51,6,21.927,41.762,37.507,74.039,110.52600000000001,113.88,65.1,55.1,31.1,101.3,67.8,89.4,97.1,89.3,95.5,92.4,95.6,9.056000000000001,5,5,5,73.125
23.53,6,22.024,41.49,37.402,70.862,110.609,113.914,65.1,55.1,31.1,101.3,67.8,89.4,97.1,89.3,95.5,92.4,95.6,9.59,5,5,5,73.329
23.55,6,21.842,41.553000000000004,37.672,74.604,110.464,113.863,65.1,55.1,31.1,101.3,67.8,89.4,97.1,89.3,95.5,92.4,95.6,10.143,5,5,5,73.50399999999999
23.57,6,21.932000000000002,41.66,37.532,73.737,110.40100000000001,113.897,65.1,55.1,31.1,101.3,67.8,89.4,97.1,89.3,95.5,92.4,95.6,9.732,5,5,5,73.707
23.59,6,21.340999999999998,41.641,37.64,71.362,110.42200000000001,113.795,65.1,55.1,31.1,101.3,67.8,89.4,97.1,89.3,95.5,92.4,95.6,9.588000000000001,5,5,5,73.894
23.61,6,21.944000000000003,40.994,37.388000000000005,73.286,110.609,113.81200000000001,65.1,55.1,31.1,101.3,67.8,89.4,97.1,89.3,95.5,92.4,95.6,10.212,5,5,5,74.063
23.63,6,21.51,41.102,37.635,71.074,110.42200000000001,113.726,65.1,55.1,31.1,101.3,67.8,89.4,97.1,89.3,95.5,92.4,95.6,9.818999999999999,5,5,5,74.256
23.65,6,21.312,41.302,37.666,73.068,110.36,113.675,65.1,55.1,31.1,101.3,67.8,89.4,97.1,89.3,95.5,92.4,95.6,9.514,5,5,5,74.444
23.67,6,21.747,41.406,37.571999999999996,76.189,110.464,113.65799999999999,65.1,55.1,31.1,101.3,67.8,89.4,97.1,89.3,95.5,92.4,95.6,10.417000000000002,5,5,5,74.615
23.69,6,21.389,41.084,37.611,72.99600000000001,110.318,113.60600000000001,65.1,55.1,31.1,101.3,67.8,89.4,97.1,89.3,95.5,92.4,95.6,9.893,5,5,5,74.796
23.71,6,21.5,41.279,37.552,71.547,110.15,113.69200000000001,65.1,55.1,31.1,101.3,67.8,89.4,97.1,89.3,95.5,92.4,95.6,9.392,5,5,5,74.96600000000001
23.73,6,21.257,40.994,37.394,71.314,110.15,113.45200000000001,65.1,55.1,31.1,101.3,67.8,89.4,97.1,89.3,95.5,92.4,95.6,10.039,5,5,5,75.127
23.75,6,21.192999999999998,40.5,37.426,71.952,110.234,113.331,65.1,55.1,31.1,101.3,67.8,89.4,97.1,89.3,95.5,92.4,95.6,9.772,5,5,5,75.291
23.77,6,21.259,41.203,37.417,74.304,110.171,113.641,65.1,55.1,31.1,101.3,67.8,89.4,97.1,89.3,95.5,92.4,95.6,9.184999999999999,5,5,5,75.453
23.79,6,21.817999999999998,41.342,37.425,71.029,110.213,113.45200000000001,65.1,55.1,31.1,101.3,67.8,89.4,97.1,89.3,95.5,92.4,95.6,9.672,5,5,5,75.655
23.81,6,21.112000000000002,40.38,37.384,72.00399999999999,110.171,113.521,65.1,55.1,31.1,101.3,67.8,89.4,97.1,89.3,95.5,92.4,95.6,9.722,5,5,5,75.848
23.83,6,21.227,41.247,37.556,69.676,110.088,113.29700000000001,65.1,55.1,31.1,101.3,67.8,89.4,97.1,89.3,95.5,92.4,95.6,8.966000000000001,5,5,5,76.016
23.85,6,21.077,41.138000000000005,37.31,70.138,110.088,113.469,65.1,55.1,31.1,101.3,67.8,89.4,97.1,89.3,95.5,92.4,95.6,9.617,5,5,5,76.19800000000001
23.87,6,21.248,40.84,37.466,74.501,109.94,113.366,65.1,55.1,31.1,101.3,67.8,89.4,97.1,89.3,95.5,92.4,95.6,9.953,5,5,5,76.384
23.89,6,21.305,40.525,37.293,72.023,110.024,113.45200000000001,65.1,55.1,31.1,101.3,67.8,89.4,97.1,89.3,95.5,92.4,95.6,8.897,5,5,5,76.545
23.91,6,21.366,40.893,37.298,70.194,109.98200000000001,113.245,65.1,55.1,31.1,101.3,67.8,89.4,97.1,89.3,95.5,92.4,95.6,9.746,5,5,5,76.73100000000001
23.93,6,21.107,40.577,37.324,71.733,109.94,113.262,65.1,55.1,31.1,101.3,67.8,89.4,97.1,89.3,95.5,92.4,95.6,9.879,5,5,5,76.89699999999999
23.95,6,20.639000000000003,40.674,37.685,70.084,110.045,113.383,65.1,55.1,31.1,101.3,67.8,89.4,97.1,89.3,95.5,92.4,95.6,9.573,5,5,5,77.09100000000001
23.97,6,20.814,40.545,37.368,74.514,109.961,113.366,65.1,55.1,31.1,101.3,67.8,89.4,97.1,89.3,95.5,92.4,95.6,10.342,5,5,5,77.237
23.99,6,20.961,40.619,37.43,74.435,109.898,113.262,65.1,55.1,31.1,101.3,67.8,89.4,97.1,89.3,95.5,92.4,95.6,9.972,5,5,5,77.432
24.01,6,20.684,40.389,37.498000000000005,71.945,109.898,113.245,65.1,55.1,31.1,101.3,67.8,89.4,97.1,89.3,95.5,92.4,95.6,9.612,5,5,5,77.607
24.03,6,20.535,40.46,37.457,72.941,109.771,113.055,65.1,55.1,31.1,101.3,67.8,89.4,97.1,89.3,95.5,92.4,95.6,10.382000000000001,5,5,5,77.795
24.05,6,20.585,40.333,37.298,70.296,109.708,113.228,65.1,55.1,31.1,101.3,67.8,89.4,97.1,89.3,95.5,92.4,95.6,9.939,5,5,5,77.958
24.07,6,20.735,40.385,37.496,73.357,109.85600000000001,113.141,65.1,55.1,31.1,101.3,67.8,89.4,97.1,89.3,95.5,92.4,95.6,9.678,5,5,5,78.178
24.09,6,20.853,40.205,37.196,74.027,109.729,112.95100000000001,65.1,55.1,31.1,101.3,67.8,89.4,97.1,89.3,95.5,92.4,95.6,10.189,5,5,5,78.372
24.11,6,20.881999999999998,40.45,37.382,71.563,109.729,113.055,65.1,55.1,31.1,101.3,67.8,89.4,97.1,89.3,95.5,92.4,95.6,9.861,5,5,5,78.543
24.13,6,20.53,40.287,37.273,71.971,109.665,112.93299999999999,65.1,55.1,31.1,101.3,67.8,89.4,97.1,89.3,95.5,92.4,95.6,9.669,5,5,5,78.734
24.15,6,20.493000000000002,40.367,37.369,71.046,109.665,112.794,65.1,55.1,31.1,101.3,67.8,89.4,97.1,89.3,95.5,92.4,95.6,10.404,5,5,5,78.937
24.17,6,20.25,39.998000000000005,37.368,72.479,109.665,112.86399999999999,65.1,55.1,31.1,101.3,67.8,89.4,97.1,89.3,95.5,92.4,95.6,9.93,5,5,5,79.104
24.19,6,20.579,40.12,37.323,75.904,109.432,112.898,65.1,55.1,31.1,101.3,67.8,89.4,97.1,89.3,95.5,92.4,95.6,9.957,5,5,5,79.295
24.21,6,20.411,40.016,37.211999999999996,72.572,109.51700000000001,112.86399999999999,65.1,55.1,31.1,101.3,67.8,89.4,97.1,89.3,95.5,92.4,95.6,10.265,5,5,5,79.467
24.23,6,20.169,40.763000000000005,37.315,71.233,109.45299999999999,112.95100000000001,65.1,55.1,31.1,101.3,67.8,89.4,97.1,89.3,95.5,92.4,95.6,9.365,5,5,5,79.645
24.25,6,19.949,40.545,37.35,70.268,109.45299999999999,112.86399999999999,65.1,55.1,31.1,101.3,67.8,89.4,97.1,89.3,95.5,92.4,95.6,9.908000000000001,5,5,5,79.814
24.27,6,20.209000000000003,40.216,37.573,71.141,109.389,112.759,65.1,55.1,31.1,101.3,67.8,89.4,97.1,89.3,95.5,92.4,95.6,10.207,5,5,5,79.987
24.29,6,19.485,40.284,37.345,73.789,109.538,112.602,65.1,55.1,31.1,101.1,67.6,89.4,97.1,89.3,95.5,92.4,95.6,9.336,5,5,5,80.166
24.31,6,19.903,39.789,37.259,70.564,109.495,112.637,65.1,55.1,31.1,101.1,67.6,89.4,97.1,89.3,95.5,92.4,95.6,9.971,5,5,5,80.33800000000001
24.33,6,20.078,39.211999999999996,37.305,70.934,109.432,112.759,65.1,55.1,31.1,101.1,67.6,89.4,97.1,89.3,95.5,92.4,95.6,10.031,5,5,5,80.499
24.35,6,20.005000000000003,39.968,37.293,69.722,109.325,112.70700000000001,65.1,55.1,31.1,101.1,67.6,89.4,97.1,89.3,95.5,92.4,95.6,9.091000000000001,5,5,5,80.692
24.37,6,19.732,39.675,37.47,69.676,109.196,112.67200000000001,65.1,55.1,31.1,101.1,67.6,89.4,97.1,89.3,95.5,92.4,95.6,9.936,5,5,5,80.891
24.39,6,20.043,39.825,37.213,74.35600000000001,109.303,112.654,65.1,55.1,31.1,101.1,67.6,89.4,97.1,89.3,95.5,92.4,95.6,10.068000000000001,5,5,5,81.062
24.41,6,20.114,39.834,37.251999999999995,72.649,109.06700000000001,112.602,65.1,55.1,31.1,101.1,67.6,89.4,97.1,89.3,95.5,92.4,95.6,9.258,5,5,5,81.243
24.43,6,19.828,40.179,37.251999999999995,70.348,109.26100000000001,112.56700000000001,65.1,55.1,31.1,101.1,67.6,89.4,97.1,89.3,95.5,92.4,95.6,9.931000000000001,5,5,5,81.40899999999999
24.45,6,19.764000000000003,39.757,37.13,72.293,109.132,112.55,65.1,55.1,31.1,101.1,67.6,89.4,97.1,89.3,95.5,92.4,95.6,9.93,5,5,5,81.60300000000001
24.47,6,19.673000000000002,39.983000000000004,37.274,69.359,109.196,112.49700000000001,65.1,55.1,31.1,101.1,67.6,89.4,97.1,89.3,95.5,92.4,95.6,9.327,5,5,5,81.777
24.49,6,19.75,39.929,37.321,73.617,109.175,112.514,65.1,55.1,31.1,101.1,67.6,89.4,97.1,89.3,95.5,92.4,95.6,10.025,5,5,5,81.972
24.51,6,19.557000000000002,39.958,37.211999999999996,73.077,109.00299999999999,112.39200000000001,65.1,55.1,31.1,101.1,67.6,89.4,97.1,89.3,95.5,92.4,95.6,10.024000000000001,5,5,5,82.14
24.53,6,19.848,39.655,37.065,71.145,109.00299999999999,112.321,65.1,55.1,31.1,101.1,67.6,89.4,97.1,89.3,95.5,92.4,95.6,9.553999999999998,5,5,5,82.317
24.55,6,19.706,39.921,37.162,71.70100000000001,109.28200000000001,112.444,65.1,55.1,31.1,101.1,67.6,89.4,97.1,89.3,95.5,92.4,95.6,10.305,5,5,5,82.486
24.57,6,19.707,39.365,37.177,69.76100000000001,109.11,112.286,65.1,55.1,31.1,101.1,67.6,89.4,97.1,89.3,95.5,92.4,95.6,10.056000000000001,5,5,5,82.699
24.59,6,19.796,39.497,37.231,72.31,109.00299999999999,112.251,65.1,55.1,31.1,101.1,67.6,89.4,97.1,89.3,95.5,92.4,95.6,9.716999999999999,5,5,5,82.883
24.61,6,19.396,39.647,37.294000000000004,75.124,108.93799999999999,112.145,65.1,55.1,31.1,101.1,67.6,89.4,97.1,89.3,95.5,92.4,95.6,10.555,5,5,5,83.054
24.63,6,19.84,39.509,37.062,71.708,108.895,112.304,65.1,55.1,31.1,101.1,67.6,89.4,97.1,89.3,95.5,92.4,95.6,10.215,5,5,5,83.247
24.65,6,19.671,39.283,37.24,71.774,108.98100000000001,112.145,65.1,55.1,31.1,101.1,67.6,89.4,97.1,89.3,95.5,92.4,95.6,9.812999999999999,5,5,5,83.462
24.67,6,18.959000000000003,39.975,37.07,70.943,108.83,112.304,65.1,55.1,31.1,101.1,67.6,89.4,97.1,89.3,95.5,92.4,95.6,10.940000000000001,5,5,5,83.61399999999999
24.69,6,19.215,39.285,37.078,71.818,108.852,112.286,65.1,55.1,31.1,101.1,67.6,89.4,97.1,89.3,95.5,92.4,95.6,10.288,5,5,5,83.801
24.71,6,19.265,39.144,37.05,73.134,108.787,112.11,65.1,55.1,31.1,101.1,67.6,89.4,97.1,89.3,95.5,92.4,95.6,9.972,5,5,5,83.98100000000001
24.73,6,19.215,39.258,37.214,71.212,108.787,112.198,65.1,55.1,31.1,101.1,67.6,89.4,97.1,89.3,95.5,92.4,95.6,10.838999999999999,5,5,5,84.158
24.75,6,19.049,39.27,37.259,71.855,108.809,112.075,65.1,55.1,31.1,101.1,67.6,89.4,97.1,89.3,95.5,92.4,95.6,10.254999999999999,5,5,5,84.334
24.77,6,19.285,39.056,37.14,69.46300000000001,108.65700000000001,112.021,65.1,55.1,31.1,101.1,67.6,89.4,97.1,89.3,95.5,92.4,95.6,10.039,5,5,5,84.514
24.79,6,19.139000000000003,39.389,37.107,70.051,108.52600000000001,111.986,65.1,55.1,31.1,101.1,67.6,89.4,97.1,89.3,95.5,92.4,95.6,10.852,5,5,5,84.695
24.81,6,19.438,39.086999999999996,37.02,74.851,108.65700000000001,112.09200000000001,65.1,55.1,31.1,101.1,67.6,89.4,97.1,89.3,95.5,92.4,95.6,10.148,5,5,5,84.85600000000001
24.83,6,19.129,39.114000000000004,37.073,72.22399999999999,108.744,111.86200000000001,65.1,55.1,31.1,101.1,67.6,89.4,97.1,89.3,95.5,92.4,95.6,10.023,5,5,5,85.044
24.85,6,18.744,38.931999999999995,37.106,70.083,108.439,111.986,65.1,55.1,31.1,101.1,67.6,89.4,97.1,89.3,95.5,92.4,95.6,10.544,5,5,5,85.203
24.87,6,18.727,39.233000000000004,37.063,70.96600000000001,108.613,111.86200000000001,65.1,55.1,31.1,101.1,67.6,89.4,97.1,89.3,95.5,92.4,95.6,10.113,5,5,5,85.38
24.89,6,18.284,38.965,37.098,69.17699999999999,108.505,111.649,65.1,55.1,31.1,101.1,67.6,89.4,97.1,89.3,95.5,92.4,95.6,9.911000000000001,5,5,5,85.547
24.91,6,18.942,38.472,37.196,73.355,108.59200000000001,111.88,65.1,55.1,31.1,101.1,67.6,89.4,97.1,89.3,95.5,92.4,95.6,10.386,5,5,5,85.76100000000001
24.93,6,18.398,39.18,37.007,73.063,108.54799999999999,111.809,65.1,55.1,31.1,101.1,67.6,89.4,97.1,89.3,95.5,92.4,95.6,9.628,5,5,5,85.903
24.95,6,18.799,39.379,37.154,70.91199999999999,108.48299999999999,111.684,65.1,55.1,31.1,101.1,67.6,89.4,97.1,89.3,95.5,92.4,95.6,10.004999999999999,5,5,5,86.089
24.97,6,18.939999999999998,38.758,37.015,72.10600000000001,108.52600000000001,111.684,65.1,55.1,31.1,101.1,67.6,89.4,97.1,89.3,95.5,92.4,95.6,10.353,5,5,5,86.27199999999999
24.99,6,18.703,38.882,37.014,69.3,108.461,111.72,65.1,55.1,31.1,101.1,67.6,89.4,97.1,89.3,95.5,92.4,95.6,9.762,5,5,5,86.469
25.01,6,18.602,39.111,37.076,72.632,108.374,111.666,65.1,55.1,31.1,101.1,67.6,89.4,97.1,89.3,95.5,92.4,95.6,9.913,5,5,5,86.638
25.03,6,18.603,39.095,37.191,73.305,108.242,111.666,65.1,55.1,31.1,101.1,67.6,89.4,97.1,89.3,95.5,92.4,95.6,10.463,5,5,5,86.824
25.05,6,18.540999999999997,38.839,37.211,70.73100000000001,108.461,111.541,65.1,55.1,31.1,101.1,67.6,89.4,97.1,89.3,95.5,92.4,95.6,9.794,5,5,5,87.013
25.07,6,18.883,39.095,36.979,71.622,108.374,111.57700000000001,65.1,55.1,31.1,101.1,67.6,89.4,97.1,89.3,95.5,92.4,95.6,9.978,5,5,5,87.205
25.09,6,18.411,38.729,36.885000000000005,71.02199999999999,108.22,111.541,65.1,55.1,31.1,101.1,67.6,89.4,97.1,89.3,95.5,92.4,95.6,10.279,5,5,5,87.355
25.11,6,18.459000000000003,39.083,37.062,72.238,108.352,111.506,65.1,55.1,31.1,101.1,67.6,89.4,97.1,89.3,95.5,92.4,95.6,9.727,5,5,5,87.57
25.13,6,18.6,38.665,36.766999999999996,75.423,108.088,111.57700000000001,65.1,55.1,31.1,101.1,67.6,89.4,97.1,89.3,95.5,92.4,95.6,9.922,5,5,5,87.75399999999999
25.15,6,18.351,38.67,36.92,72.043,108.154,111.613,65.1,55.1,31.1,101.1,67.6,89.4,97.1,89.3,95.5,92.4,95.6,10.492,5,5,5,87.956
25.17,6,18.187,38.878,36.883,71.077,108.242,111.45200000000001,65.1,55.1,31.1,101.1,67.6,89.4,97.1,89.3,95.5,92.4,95.6,9.727,5,5,5,88.145
25.19,6,18.636,38.899,36.985,70.10300000000001,108.154,111.47,65.1,55.1,31.1,101.1,67.6,89.4,97.1,89.3,95.5,92.4,95.6,9.986,5,5,5,88.307
25.21,6,18.194000000000003,38.547,36.833,71.173,108.11,111.57700000000001,65.1,55.1,31.1,101.1,67.6,89.4,97.1,89.3,95.5,92.4,95.6,10.156,5,5,5,88.488
25.23,6,18.654000000000003,38.235,36.986999999999995,73.508,108.088,111.32700000000001,65.1,55.1,31.1,101.1,67.6,89.4,97.1,89.3,95.5,92.4,95.6,9.443999999999999,5,5,5,88.658
25.25,6,18.18,38.766,36.821,70.384,108.044,111.45200000000001,65.1,55.1,31.1,101.1,67.6,89.4,97.1,89.3,95.5,92.4,95.6,9.961,5,5,5,88.831
25.27,6,18.094,38.851,36.763000000000005,70.6,108.066,111.345,65.1,55.1,31.1,101.1,67.6,89.4,97.1,89.3,95.5,92.4,95.6,10.306000000000001,5,5,5,88.983
25.29,6,18.106,38.2,36.869,70.115,108.066,111.36200000000001,65.1,55.1,31.1,101.1,67.6,89.4,97.1,89.3,95.5,92.4,95.6,9.571000000000002,5,5,5,89.158
25.31,6,17.935000000000002,38.439,36.974000000000004,69.706,108.0,111.291,65.1,55.1,31.1,101.1,67.6,89.4,97.1,89.3,95.5,92.4,95.6,10.052,5,5,5,89.34100000000001
25.33,6,17.711,38.143,37.091,74.506,107.934,111.18299999999999,65.1,55.1,31.1,101.1,67.6,89.4,97.1,89.3,95.5,92.4,95.6,10.133,5,5,5,89.541
25.35,6,18.387999999999998,37.876,37.114000000000004,72.15,107.912,111.273,65.1,55.1,31.1,101.1,67.6,89.4,97.1,89.3,95.5,92.4,95.6,9.469999999999999,5,5,5,89.706
25.37,6,17.985999999999997,38.24,36.831999999999994,69.905,107.779,111.291,65.1,55.1,31.1,101.1,67.6,89.4,97.1,89.3,95.5,92.4,95.6,9.818000000000001,5,5,5,89.859
25.39,6,18.14,38.69,36.671,71.26100000000001,107.867,111.111,65.1,55.1,31.1,101.1,67.6,89.4,97.1,89.3,95.5,92.4,95.6,10.184000000000001,5,5,5,90.061
25.41,6,17.833,38.02,36.80800000000001,68.281,108.022,111.255,65.1,55.1,31.1,101.1,67.6,89.4,97.1,89.3,95.5,92.4,95.6,9.216000000000001,5,5,5,90.251
25.43,6,17.421,38.113,36.974000000000004,72.30199999999999,107.823,111.18299999999999,65.1,55.1,31.1,101.1,67.6,89.4,97.1,89.3,95.5,92.4,95.6,9.908999999999999,5,5,5,90.417
25.45,6,17.715,38.221,36.973,70.518,107.845,111.219,65.1,55.1,31.1,101.1,67.6,89.4,97.1,89.3,95.5,92.4,95.6,10.242999999999999,5,5,5,90.584
25.47,6,17.853,37.745,36.878,68.261,107.867,111.111,65.1,55.1,31.1,101.1,67.6,89.4,97.1,89.3,95.5,92.4,95.6,9.588999999999999,5,5,5,90.768
25.49,6,17.676,37.751999999999995,36.878,70.118,107.62299999999999,111.021,65.1,55.1,31.1,101.1,67.6,89.4,97.1,89.3,95.5,92.4,95.6,9.911000000000001,5,5,5,90.941
25.51,6,17.406,38.318000000000005,36.906,68.368,107.62299999999999,111.147,65.1,55.1,31.1,101.1,67.6,89.4,97.1,89.3,95.5,92.4,95.6,10.376000000000001,5,5,5,91.11399999999999
25.53,6,17.519,38.051,36.743,71.449,107.66799999999999,111.18299999999999,65.1,55.1,31.1,101.1,67.6,89.4,97.1,89.3,95.5,92.4,95.6,9.296,5,5,5,91.296
25.55,6,17.365000000000002,37.745,36.898,74.142,107.712,110.84,65.1,55.1,31.1,101.1,67.6,89.4,97.1,89.3,95.5,92.4,95.6,9.872,5,5,5,91.47
25.57,6,17.402,37.925,36.845,71.688,107.579,111.057,65.1,55.1,31.1,101.1,67.6,89.4,97.1,89.3,95.5,92.4,95.6,10.371,5,5,5,91.656
25.59,6,17.6,38.191,36.844,70.471,107.53399999999999,110.93,65.1,55.1,31.1,101.1,67.6,89.4,97.1,89.3,95.5,92.4,95.6,9.381,5,5,5,91.865
25.61,6,17.537,37.391999999999996,36.891999999999996,69.98100000000001,107.4,110.912,65.1,55.1,31.1,101.1,67.6,89.4,97.1,89.3,95.5,92.4,95.6,9.823,5,5,5,92.041
25.63,6,17.727,37.45,36.956999999999994,71.10300000000001,107.46700000000001,110.84,65.1,55.1,31.1,101.1,67.6,89.4,97.1,89.3,95.5,92.4,95.6,10.355,5,5,5,92.211
25.65,6,17.351,37.74,36.719,73.50399999999999,107.53399999999999,110.84,65.1,55.1,31.1,101.1,67.6,89.4,97.1,89.3,95.5,92.4,95.6,9.113,5,5,5,92.39200000000001
25.67,7,17.838,37.777,36.743,70.29,107.355,110.803,65.1,55.1,31.1,101.1,67.6,89.4,97.1,89.3,95.5,92.4,95.6,9.886,5,5,5,92.62100000000001
25.69,7,17.250999999999998,37.641999999999996,36.95,64.68299999999999,107.37700000000001,110.912,65.1,55.1,31.1,101.1,67.6,89.4,97.1,89.3,95.5,92.4,95.6,10.008,5,5,5,92.837
25.71,7,17.290999999999997,37.948,36.891,51.806000000000004,107.4,110.85799999999999,65.1,55.1,31.1,101.1,67.6,89.4,97.1,89.3,95.5,92.4,95.6,9.08,5,5,5,93.396
25.73,7,17.712,37.812,36.772,39.86,107.46700000000001,110.694,65.1,55.1,31.1,101.1,67.6,89.4,97.1,89.3,95.5,92.4,95.6,9.791,5,5,5,94.095
25.75,7,17.492,37.671,36.747,31.994,107.085,110.64,65.1,55.1,31.1,101.1,67.6,89.4,97.1,89.3,95.5,92.4,95.6,10.041,5,5,5,94.696
25.77,7,17.302,37.633,36.854,26.796999999999997,107.22,110.803,65.1,55.1,31.1,101.1,67.6,89.4,97.1,89.3,95.5,92.4,95.6,9.213000000000001,5,5,5,95.131
25.79,7,17.547,37.535,36.805,19.852,107.15299999999999,110.384,65.1,55.1,31.1,101.1,67.6,89.4,97.1,89.3,95.5,92.4,95.6,9.892,5,5,5,95.40799999999999
25.81,7,17.16,37.653,36.555,14.729,107.10799999999999,110.439,65.1,55.1,31.1,101.1,67.6,89.4,97.1,89.3,95.5,92.4,95.6,10.103,5,5,5,95.62100000000001
25.83,7,17.569000000000003,37.741,36.56,11.604,107.13,110.585,65.1,55.1,31.1,101.1,67.6,89.4,97.1,89.3,95.5,92.4,95.6,9.158000000000001,5,5,5,95.76100000000001
25.85,7,17.502000000000002,37.387,36.369,9.318000000000001,106.72200000000001,110.219,65.1,55.1,31.1,101.1,67.6,89.4,97.1,89.3,95.5,92.4,95.6,9.832,5,5,5,96.025
25.87,7,17.082,37.25,36.522,7.6530000000000005,106.791,110.311,65.1,55.1,31.1,101.1,67.6,89.4,97.1,89.3,95.5,92.4,95.6,10.026,5,5,5,96.292
25.89,7,16.822000000000003,37.762,36.503,6.991,107.10799999999999,110.311,65.1,55.1,31.1,101.1,67.6,89.4,97.1,89.3,95.5,92.4,95.6,8.925,5,5,5,96.542
25.91,7,17.352,37.399,36.388999999999996,6.322,106.995,110.45700000000001,65.1,55.1,31.1,101.1,67.6,89.4,97.1,89.3,95.5,92.4,95.6,9.834,5,5,5,96.814
25.93,7,16.869999999999997,37.318000000000005,36.324,24.715999999999998,107.13,110.384,65.1,55.1,31.1,101.1,67.6,89.4,97.1,89.3,95.5,92.4,95.6,9.405000000000001,5,5,5,97.01700000000001
25.95,7,17.042,37.273,36.432,19.033,106.995,110.421,65.1,55.1,31.1,101.1,67.6,89.4,97.1,89.3,95.5,92.4,95.6,9.786999999999999,5,5,5,97.185
25.97,7,16.898,37.164,36.203,14.093,106.949,110.585,65.1,55.1,31.1,101.1,67.6,89.4,97.1,89.3,95.5,92.4,95.6,10.171,5,5,5,97.329
25.99,7,17.112000000000002,37.676,36.263999999999996,11.015,106.904,110.40299999999999,65.1,55.1,31.1,101.1,67.6,89.4,97.1,89.3,95.5,92.4,95.6,9.803999999999998,5,5,5,97.40700000000001
26.01,7,16.824,37.573,36.108000000000004,9.013,106.949,110.311,65.1,55.1,31.1,101.1,67.6,89.4,97.1,89.3,95.5,92.4,95.6,9.646,5,5,5,97.50200000000001
26.03,7,16.66,36.932,36.124,7.552,106.995,110.366,65.1,55.1,31.1,101.1,67.6,89.4,97.1,89.3,95.5,92.4,95.6,10.202000000000002,5,5,5,97.571
26.05,7,16.793,36.653000000000006,35.939,6.553,106.904,110.348,65.1,55.1,31.1,101.1,67.6,89.4,97.1,89.3,95.5,92.4,95.6,9.573,5,5,5,97.63799999999999
26.07,7,16.711,36.952,35.891999999999996,5.714,106.60799999999999,110.146,65.1,55.1,31.1,101.1,67.6,89.4,97.1,89.3,95.5,92.4,95.6,8.934,5,5,5,97.663
26.09,7,16.629,37.37,35.854,5.63,106.859,110.09100000000001,65.1,55.1,31.1,101.1,67.6,89.4,97.1,89.3,95.5,92.4,95.6,9.646,5,5,5,97.695
26.11,7,16.823,37.254,36.263999999999996,12.434000000000001,106.81299999999999,110.09100000000001,65.1,55.1,31.1,101.1,67.6,89.4,97.1,89.3,95.5,92.4,95.6,9.86,5,5,5,97.75200000000001
26.13,7,16.526,37.226,36.311,10.174,106.76799999999999,109.99799999999999,65.1,55.1,31.1,101.1,67.6,89.4,97.1,89.3,95.5,92.4,95.6,9.612,5,5,5,97.802
26.15,7,16.661,37.119,35.91,8.566,106.791,110.109,65.1,55.1,31.1,101.1,67.6,89.4,97.1,89.3,95.5,92.4,95.6,9.418,5,5,5,97.851
26.17,7,16.619,36.807,36.003,7.274,106.81299999999999,110.09100000000001,65.1,55.1,31.1,101.1,67.6,89.4,97.1,89.3,95.5,92.4,95.6,10.121,5,5,5,97.88799999999999
26.19,7,16.744999999999997,37.102,36.086,6.522,106.7,109.88799999999999,65.1,55.1,31.1,101.1,67.6,89.4,97.1,89.3,95.5,92.4,95.6,9.447,5,5,5,97.92399999999999
26.21,7,16.694000000000003,37.176,35.931,5.687,106.631,109.962,65.1,55.1,31.1,101.1,67.6,89.4,97.1,89.3,95.5,92.4,95.6,8.751000000000001,5,5,5,97.96799999999999
26.23,7,16.724,36.947,36.120999999999995,5.656,106.72200000000001,109.943,65.1,55.1,31.1,101.1,67.6,89.4,97.1,89.3,95.5,92.4,95.6,9.358,5,5,5,98.0
26.25,7,16.156,36.67,36.031,9.902000000000001,106.54,109.943,65.1,55.1,31.1,101.1,67.6,89.4,97.1,89.3,95.5,92.4,95.6,9.690000000000001,5,5,5,98.022
26.27,7,16.277,36.831,36.213,8.356,106.60799999999999,109.943,65.1,55.1,31.1,101.1,67.6,89.4,97.1,89.3,95.5,92.4,95.6,9.33,5,5,5,98.083
26.29,7,16.298000000000002,37.245,35.994,6.777,106.654,109.851,65.0,55.0,31.1,100.6,67.7,89.4,97.1,89.3,95.5,92.4,95.6,9.315999999999999,5,5,5,98.10700000000001
26.31,7,16.558,36.986000000000004,35.96,6.487,106.56299999999999,109.99799999999999,65.0,55.0,31.1,100.6,67.7,89.4,97.1,89.3,95.5,92.4,95.6,10.193999999999999,5,5,5,98.165
26.33,7,15.799000000000001,36.124,36.084,6.252,106.402,109.88799999999999,65.0,55.0,31.1,100.6,67.7,89.4,97.1,89.3,95.5,92.4,95.6,9.396,5,5,5,98.214
26.35,7,16.610999999999997,36.687,35.789,5.476,106.585,109.814,65.0,55.0,31.1,100.6,67.7,89.4,97.1,89.3,95.5,92.4,95.6,8.814,5,5,5,98.249
26.37,7,16.434,37.084,35.771,5.259,106.60799999999999,109.869,65.0,55.0,31.1,100.6,67.7,89.4,97.1,89.3,95.5,92.4,95.6,9.451,5,5,5,98.275
26.39,7,16.320999999999998,36.58,35.846999999999994,6.718,106.51700000000001,109.869,65.0,55.0,31.1,100.6,67.7,89.4,97.1,89.3,95.5,92.4,95.6,9.334,5,5,5,98.321
26.41,7,16.250999999999998,36.434,35.884,6.769,106.448,109.88799999999999,65.0,55.0,31.1,100.6,67.7,89.4,97.1,89.3,95.5,92.4,95.6,9.32,5,5,5,98.375
26.43,7,15.87,36.46,35.838,7.468999999999999,106.402,109.869,65.0,55.0,31.1,100.6,67.7,89.4,97.1,89.3,95.5,92.4,95.6,9.365,5,5,5,98.43
26.45,7,15.753,36.337,35.888000000000005,7.6850000000000005,106.402,109.647,65.0,55.0,31.1,100.6,67.7,89.4,97.1,89.3,95.5,92.4,95.6,10.036999999999999,5,5,5,98.522
26.47,7,16.292,36.471999999999994,35.802,9.053999999999998,106.37899999999999,109.758,65.0,55.0,31.1,100.6,67.7,89.4,97.1,89.3,95.5,92.4,95.6,9.282,5,5,5,98.61399999999999
26.49,7,16.372,36.263000000000005,35.883,8.8,106.448,109.869,65.0,55.0,31.1,100.6,67.7,89.4,97.1,89.3,95.5,92.4,95.6,8.906,5,5,5,98.676
26.51,7,15.387,37.029,35.947,9.725,106.51700000000001,109.777,65.0,55.0,31.1,100.6,67.7,89.4,97.1,89.3,95.5,92.4,95.6,9.397,5,5,5,98.786
26.53,7,15.869000000000002,36.459,35.962,10.584,106.149,109.59100000000001,65.0,55.0,31.1,100.6,67.7,89.4,97.1,89.3,95.5,92.4,95.6,9.509,5,5,5,98.915
26.55,7,15.890999999999998,36.109,35.92,13.191,106.103,109.814,65.0,55.0,31.1,100.6,67.7,89.4,97.1,89.3,95.5,92.4,95.6,9.137,5,5,5,99.11399999999999
26.57,7,15.749,36.213,35.715,14.34,106.21799999999999,109.516,65.0,55.0,31.1,100.6,67.7,89.4,97.1,89.3,95.5,92.4,95.6,9.271,5,5,5,99.375
26.59,7,15.639000000000001,36.519000000000005,35.725,17.615000000000002,106.195,109.42299999999999,65.0,55.0,31.1,100.6,67.7,89.4,97.1,89.3,95.5,92.4,95.6,9.975,5,5,5,99.67200000000001
26.61,7,16.134999999999998,35.894999999999996,35.8,19.074,106.17200000000001,109.62799999999999,65.0,55.0,31.1,100.6,67.7,89.4,97.1,89.3,95.5,92.4,95.6,9.468,5,5,5,100.03299999999999
26.63,7,15.614,35.891,35.875,21.401,106.241,109.42299999999999,65.0,55.0,31.1,100.6,67.7,89.4,97.1,89.3,95.5,92.4,95.6,9.018,5,5,5,100.454
26.65,7,15.857999999999999,36.426,35.765,22.278,106.195,109.44200000000001,65.0,55.0,31.1,100.6,67.7,89.4,97.1,89.3,95.5,92.4,95.6,9.344,5,5,5,100.889
26.67,7,15.347000000000001,35.80800000000001,35.652,21.678,106.149,109.44200000000001,65.0,55.0,31.1,100.6,67.7,89.4,97.1,89.3,95.5,92.4,95.6,9.75,5,5,5,101.426
26.69,7,15.42,35.882,35.625,21.692,106.079,109.404,65.0,55.0,31.1,100.6,67.7,89.4,97.1,89.3,95.5,92.4,95.6,9.015,5,5,5,101.955
26.71,7,15.274000000000001,36.5,35.861000000000004,19.917,106.079,109.721,65.0,55.0,31.1,100.6,67.7,89.4,97.1,89.3,95.5,92.4,95.6,9.617,5,5,5,102.544
26.73,7,15.374,36.175,35.641999999999996,15.31,105.89399999999999,109.42299999999999,65.0,55.0,31.1,100.6,67.7,89.4,97.1,89.3,95.5,92.4,95.6,10.312999999999999,5,5,5,103.10700000000001
26.75,7,15.636,35.626,35.825,11.684000000000001,106.103,109.198,65.0,55.0,31.1,100.6,67.7,89.4,97.1,89.3,95.5,92.4,95.6,9.469999999999999,5,5,5,103.605
26.77,7,15.797,36.105999999999995,35.730000000000004,9.705,105.94,109.179,65.0,55.0,31.1,100.6,67.7,89.4,97.1,89.3,95.5,92.4,95.6,9.257,5,5,5,104.04299999999999
26.79,7,15.424000000000001,36.101,35.658,8.45,105.426,108.897,65.0,55.0,31.1,100.6,67.7,89.4,97.1,89.3,95.5,92.4,95.6,9.39,5,5,5,104.319
26.81,7,15.607999999999999,35.663,35.809,6.959,105.49600000000001,108.916,65.0,55.0,31.1,100.6,67.7,89.4,97.1,89.3,95.5,92.4,95.6,9.530000000000001,5,5,5,104.477
26.83,7,15.280999999999999,35.782,35.961,5.991,105.59,108.954,65.0,55.0,31.1,100.6,67.7,89.4,97.1,89.3,95.5,92.4,95.6,8.379,5,5,5,104.55
26.85,7,15.645999999999999,36.088,35.587,5.54,105.426,109.01,65.0,55.0,31.1,100.6,67.7,89.4,97.1,89.3,95.5,92.4,95.6,9.032,5,5,5,104.64200000000001
26.87,8,15.276,35.826,35.91,4.88,105.61399999999999,108.897,65.0,55.0,31.1,100.6,67.7,89.4,97.1,89.3,95.5,92.4,95.6,9.789,5,5,5,104.682
26.89,8,15.565999999999999,35.891999999999996,35.893,5.325,105.402,108.897,65.0,55.0,31.1,100.6,67.7,89.4,97.1,89.3,95.5,92.4,95.6,9.026,5,5,5,104.681
26.91,8,15.402000000000001,35.924,35.792,5.396,105.402,108.708,65.0,55.0,31.1,100.6,67.7,89.4,97.1,89.3,95.5,92.4,95.6,8.926,5,5,5,104.677
26.93,8,15.270999999999999,35.846000000000004,35.498000000000005,4.803,105.54299999999999,108.74600000000001,65.0,55.0,31.1,100.6,67.7,89.4,97.1,89.3,95.5,92.4,95.6,9.071000000000002,5,5,5,104.681
26.95,8,15.44,35.467,35.773,4.946,105.426,108.802,65.0,55.0,31.1,100.6,67.7,89.4,97.1,89.3,95.5,92.4,95.6,9.003,5,5,5,104.685
26.97,8,14.748,35.763000000000005,35.758,5.096,105.33200000000001,108.821,65.0,55.0,31.1,100.6,67.7,89.4,97.1,89.3,95.5,92.4,95.6,9.266,5,5,5,104.681
26.99,8,15.318,35.908,35.653000000000006,5.368,105.355,108.556,65.0,55.0,31.1,100.6,67.7,89.4,97.1,89.3,95.5,92.4,95.6,8.911,5,5,5,104.68
27.01,8,14.877,35.79,35.760999999999996,4.925,105.166,108.537,65.0,55.0,31.1,100.6,67.7,89.4,97.1,89.3,95.5,92.4,95.6,8.811,5,5,5,104.678
27.03,8,14.84,35.471000000000004,35.769999999999996,5.276,105.37899999999999,108.897,65.0,55.0,31.1,100.6,67.7,89.4,97.1,89.3,95.5,92.4,95.6,9.23,5,5,5,104.685
27.05,8,14.856,35.999,35.898,5.503,105.426,108.537,65.0,55.0,31.1,100.6,67.7,89.4,97.1,89.3,95.5,92.4,95.6,8.938,5,5,5,104.685
27.07,8,14.868,35.918000000000006,35.688,5.259,105.30799999999999,108.765,65.0,55.0,31.1,100.6,67.7,89.4,97.1,89.3,95.5,92.4,95.6,8.139,5,5,5,104.68299999999999
27.09,8,14.92,35.861000000000004,35.55800000000001,5.292,105.449,108.537,65.0,55.0,31.1,100.6,67.7,89.4,97.1,89.3,95.5,92.4,95.6,8.85,5,5,5,104.68299999999999
27.11,8,15.152999999999999,35.283,35.631,4.964,105.37899999999999,108.49799999999999,65.0,55.0,31.1,100.6,67.7,89.4,97.1,89.3,95.5,92.4,95.6,9.463000000000001,5,5,5,104.681
27.13,8,15.097999999999999,36.009,35.614999999999995,4.724,105.26100000000001,108.632,65.0,55.0,31.1,100.6,67.7,89.4,97.1,89.3,95.5,92.4,95.6,8.773,5,5,5,104.685
27.15,8,14.817,35.328,35.525999999999996,5.324,105.37899999999999,108.537,65.0,55.0,31.1,100.6,67.7,89.4,97.1,89.3,95.5,92.4,95.6,8.299,5,5,5,104.68700000000001
27.17,8,14.702,35.568,35.846999999999994,5.082,105.26100000000001,108.575,65.0,55.0,31.1,100.6,67.7,89.4,97.1,89.3,95.5,92.4,95.6,8.856,5,5,5,104.684
27.19,8,14.595,35.614000000000004,35.778999999999996,5.423,105.426,108.65100000000001,65.0,55.0,31.1,100.6,67.7,89.4,97.1,89.3,95.5,92.4,95.6,9.187000000000001,5,5,5,104.69200000000001
27.21,8,14.621,35.376,35.439,5.206,105.14200000000001,108.40299999999999,65.0,55.0,31.1,100.6,67.7,89.4,97.1,89.3,95.5,92.4,95.6,8.77,5,5,5,104.685
27.23,8,14.763,35.305,35.735,5.127,105.14200000000001,108.537,65.0,55.0,31.1,100.6,67.7,89.4,97.1,89.3,95.5,92.4,95.6,8.648,5,5,5,104.693
27.25,8,14.617,35.866,35.543000000000006,4.954,105.19,108.51799999999999,65.0,55.0,31.1,100.6,67.7,89.4,97.1,89.3,95.5,92.4,95.6,8.844,5,5,5,104.69
27.27,8,14.846,35.711,35.479,4.992,105.23700000000001,108.441,65.0,55.0,31.1,100.6,67.7,89.4,97.1,89.3,95.5,92.4,95.6,9.117,5,5,5,104.681
27.29,8,15.061,35.527,35.47,4.807,105.024,108.32700000000001,65.0,55.0,31.1,100.6,67.7,89.4,97.1,89.3,95.5,92.4,95.6,8.745000000000001,5,5,5,104.686
27.31,8,14.627,35.41,35.646,4.933,105.071,108.42200000000001,65.0,55.0,31.1,100.6,67.7,89.4,97.1,89.3,95.5,92.4,95.6,8.805,5,5,5,104.68700000000001
27.33,8,14.424,35.82,35.501999999999995,4.827,105.14200000000001,108.307,65.0,55.0,31.1,100.6,67.7,89.4,97.1,89.3,95.5,92.4,95.6,9.271,5,5,5,104.682
27.35,8,14.562000000000001,35.013999999999996,35.411,4.821,105.04700000000001,108.479,65.0,55.0,31.1,100.6,67.7,89.4,97.1,89.3,95.5,92.4,95.6,8.91,5,5,5,104.68700000000001
27.37,8,14.495,34.840999999999994,35.61,4.919,105.024,108.288,65.0,55.0,31.1,100.6,67.7,89.4,97.1,89.3,95.5,92.4,95.6,7.945,5,5,5,104.68700000000001
27.39,8,13.89,35.402,35.563,5.111,104.95200000000001,108.365,65.0,55.0,31.1,100.6,67.7,89.4,97.1,89.3,95.5,92.4,95.6,8.797,5,5,5,104.682
27.41,8,14.315,35.17,35.435,5.327,104.785,108.307,65.0,55.0,31.1,100.6,67.7,89.4,97.1,89.3,95.5,92.4,95.6,9.199,5,5,5,104.686
27.43,8,13.925,35.063,35.518,4.958,105.095,108.32700000000001,65.0,55.0,31.1,100.6,67.7,89.4,97.1,89.3,95.5,92.4,95.6,8.716000000000001,5,5,5,104.68799999999999
27.45,8,13.853,34.918000000000006,35.366,5.225,104.905,108.212,65.0,55.0,31.1,100.6,67.7,89.4,97.1,89.3,95.5,92.4,95.6,8.306000000000001,5,5,5,104.686
27.47,8,13.604,34.647,35.532,5.277,104.85700000000001,108.441,65.0,55.0,31.1,100.6,67.7,89.4,97.1,89.3,95.5,92.4,95.6,8.835,5,5,5,104.67399999999999
27.49,8,14.645,35.135000000000005,35.555,4.95,104.76100000000001,108.212,65.0,55.0,31.1,100.6,67.7,89.4,97.1,89.3,95.5,92.4,95.6,9.136,5,5,5,104.684
27.51,8,14.23,34.794,35.402,4.861,104.95200000000001,108.154,65.0,55.0,31.1,100.6,67.7,89.4,97.1,89.3,95.5,92.4,95.6,9.02,5,5,5,104.685
27.53,8,14.488999999999999,34.861000000000004,35.302,5.378,104.976,108.193,65.0,55.0,31.1,100.6,67.7,89.4,97.1,89.3,95.5,92.4,95.6,8.594,5,5,5,104.684
27.55,8,14.177,34.563,35.29,5.011,104.833,108.23100000000001,65.0,55.0,31.1,100.6,67.7,89.4,97.1,89.3,95.5,92.4,95.6,8.887,5,5,5,104.684
27.57,8,13.911,35.349000000000004,35.484,4.883,104.76100000000001,108.288,65.0,55.0,31.1,100.6,67.7,89.4,97.1,89.3,95.5,92.4,95.6,9.013,5,5,5,104.68299999999999
27.59,8,13.486,35.174,35.438,5.054,104.833,108.116,65.0,55.0,31.1,100.6,67.7,89.4,97.1,89.3,95.5,92.4,95.6,8.751000000000001,5,5,5,104.681
27.61,8,13.972999999999999,35.228,35.427,5.011,104.641,108.212,65.0,55.0,31.1,100.6,67.7,89.4,97.1,89.3,95.5,92.4,95.6,8.7,5,5,5,104.679
27.63,8,13.895,34.638999999999996,35.578,4.86,104.881,107.98100000000001,65.0,55.0,31.1,100.6,67.7,89.4,97.1,89.3,95.5,92.4,95.6,9.512,5,5,5,104.676
27.65,8,13.959,35.331,35.338,4.79,104.881,107.962,65.0,55.0,31.1,100.6,67.7,89.4,97.1,89.3,95.5,92.4,95.6,8.471,5,5,5,104.68
27.67,8,13.993,35.125,35.471999999999994,4.81,104.665,108.116,65.0,55.0,31.1,100.6,67.7,89.4,97.1,89.3,95.5,92.4,95.6,7.823,5,5,5,104.677
27.69,8,13.714,34.355999999999995,35.361000000000004,4.759,104.785,108.0,65.0,55.0,31.1,100.6,67.7,89.4,97.1,89.3,95.5,92.4,95.6,8.871,5,5,5,104.677
27.71,8,13.435,34.590999999999994,35.618,4.953,104.689,107.962,65.0,55.0,31.1,100.6,67.7,89.4,97.1,89.3,95.5,92.4,95.6,9.294,5,5,5,104.675
27.73,8,13.913,34.474000000000004,35.251,5.298,104.905,108.039,65.0,55.0,31.1,100.6,67.7,89.4,97.1,89.3,95.5,92.4,95.6,8.6,5,5,5,104.671
27.75,8,13.54,34.805,35.343,5.556,104.665,108.154,65.0,55.0,31.1,100.6,67.7,89.4,97.1,89.3,95.5,92.4,95.6,8.439,5,5,5,104.675
27.77,8,13.441,34.548,35.456,5.102,104.809,107.904,65.0,55.0,31.1,100.6,67.7,89.4,97.1,89.3,95.5,92.4,95.6,8.707,5,5,5,104.677
27.79,8,14.101,34.801,35.244,4.56,104.569,107.865,65.0,55.0,31.1,100.6,67.7,89.4,97.1,89.3,95.5,92.4,95.6,9.036000000000001,5,5,5,104.675
27.81,8,13.671,34.391999999999996,35.337,4.663,104.785,107.76799999999999,65.0,55.0,31.1,100.6,67.7,89.4,97.1,89.3,95.5,92.4,95.6,8.679,5,5,5,104.681
27.83,8,13.506,34.295,35.248000000000005,4.857,104.641,107.884,65.0,55.0,31.1,100.6,67.7,89.4,97.1,89.3,95.5,92.4,95.6,8.582,5,5,5,104.68799999999999
27.85,8,13.897,34.344,35.357,4.976,104.617,107.884,65.0,55.0,31.1,100.6,67.7,89.4,97.1,89.3,95.5,92.4,95.6,8.651,5,5,5,104.68700000000001
27.87,8,13.717,33.965,35.278000000000006,5.19,104.49700000000001,107.865,65.0,55.0,31.1,100.6,67.7,89.4,97.1,89.3,95.5,92.4,95.6,8.975,5,5,5,104.684
27.89,8,14.044,33.824,35.375,5.06,104.59299999999999,107.846,65.0,55.0,31.1,100.6,67.7,89.4,97.1,89.3,95.5,92.4,95.6,8.193999999999999,5,5,5,104.684
27.91,8,13.312999999999999,34.608000000000004,35.297,5.104,104.545,107.92299999999999,65.0,55.0,31.1,100.6,67.7,89.4,97.1,89.3,95.5,92.4,95.6,8.706,5,5,5,104.68299999999999
27.93,8,13.696,34.518,35.150999999999996,5.054,104.521,107.904,65.0,55.0,31.1,100.6,67.7,89.4,97.1,89.3,95.5,92.4,95.6,8.907,5,5,5,104.694
27.95,8,13.715,34.114000000000004,35.229,5.128,104.521,107.904,65.0,55.0,31.1,100.6,67.7,89.4,97.1,89.3,95.5,92.4,95.6,9.469999999999999,5,5,5,104.695
27.97,8,13.049,34.364999999999995,35.409000000000006,5.009,104.59299999999999,107.594,65.0,55.0,31.1,100.6,67.7,89.4,97.1,89.3,95.5,92.4,95.6,8.395,5,5,5,104.68299999999999
27.99,8,13.389,34.818,35.239000000000004,5.281,104.4,107.71,65.0,55.0,31.1,100.6,67.7,89.4,97.1,89.3,95.5,92.4,95.6,9.327,5,5,5,104.68799999999999
28.01,8,13.833,34.047,35.253,5.261,104.545,107.73,65.0,55.0,31.1,100.6,67.7,89.4,97.1,89.3,95.5,92.4,95.6,9.536000000000001,5,5,5,104.69200000000001
28.03,8,13.311,33.928,35.398,5.6690000000000005,104.279,107.73,65.0,55.0,31.1,100.6,67.7,89.4,97.1,89.3,95.5,92.4,95.6,9.152000000000001,5,5,5,104.677
28.05,8,13.607999999999999,34.22,35.18,5.846,104.569,107.671,65.0,55.0,31.1,100.6,67.7,89.4,97.1,89.3,95.5,92.4,95.6,10.517,5,5,5,104.68799999999999
28.07,8,13.072000000000001,34.513999999999996,35.232,5.5920000000000005,104.4,107.749,65.0,55.0,31.1,100.6,67.7,89.4,97.1,89.3,95.5,92.4,95.6,10.132000000000001,5,5,5,104.677
28.09,8,12.858,33.887,35.172,5.331,104.352,107.671,65.0,55.0,31.1,100.6,67.7,89.4,97.1,89.3,95.5,92.4,95.6,9.636,5,5,5,104.671
28.11,8,12.975999999999999,33.82,35.282,5.449,104.32799999999999,107.633,65.0,55.0,31.1,100.6,67.7,89.4,97.1,89.3,95.5,92.4,95.6,10.587,5,5,5,104.68799999999999
28.13,8,13.472000000000001,34.047,35.39,4.907,104.4,107.633,65.0,55.0,31.1,100.6,67.7,89.4,97.1,89.3,95.5,92.4,95.6,9.551,5,5,5,104.67
28.15,8,13.402999999999999,33.757,35.175,4.581,104.304,107.691,65.0,55.0,31.1,100.6,67.7,89.4,97.1,89.3,95.5,92.4,95.6,9.939,5,5,5,104.667
28.17,8,13.457,34.038,35.165,4.2620000000000005,104.182,107.71,65.0,55.0,31.1,100.6,67.7,89.4,97.1,89.3,95.5,92.4,95.6,10.254999999999999,5,5,5,104.667
28.19,8,13.544,34.594,35.108000000000004,4.357,104.279,107.535,65.0,55.0,31.1,100.6,67.7,89.4,97.1,89.3,95.5,92.4,95.6,9.344,5,5,5,104.664
28.21,8,13.332,33.995000000000005,35.277,4.4399999999999995,104.32799999999999,107.846,65.0,55.0,31.1,100.6,67.7,89.4,97.1,89.3,95.5,92.4,95.6,10.045,5,5,5,104.677
28.23,8,13.356,33.911,35.30800000000001,4.135,104.23100000000001,107.652,65.0,55.0,31.1,100.6,67.7,89.4,97.1,89.3,95.5,92.4,95.6,10.263,5,5,5,104.681
28.25,8,13.238,34.266,35.165,4.199,104.352,107.807,65.0,55.0,31.1,100.6,67.7,89.4,97.1,89.3,95.5,92.4,95.6,9.808,5,5,5,104.68799999999999
28.27,8,12.732,34.099000000000004,35.157,5.067,104.279,107.652,65.0,55.0,31.1,100.6,67.7,89.4,97.1,89.3,95.5,92.4,95.6,10.850999999999999,5,5,5,104.684
28.29,8,13.267999999999999,34.004000000000005,35.111999999999995,5.335,104.255,107.535,65.0,55.0,31.1,100.6,67.7,89.4,97.1,89.3,95.5,92.4,95.6,10.376000000000001,5,5,5,104.68299999999999
28.31,8,12.828,33.887,35.041,5.525,104.06,107.535,65.0,55.0,31.1,100.6,67.7,89.4,97.1,89.3,95.5,92.4,95.6,10.205,5,5,5,104.67299999999999
28.33,8,12.905000000000001,33.579,35.172,4.816,104.085,107.807,65.0,55.0,31.1,100.6,67.7,89.4,97.1,89.3,95.5,92.4,95.6,10.504,5,5,5,104.676
28.35,8,12.61,33.239999999999995,35.314,5.34,103.98700000000001,107.574,65.0,55.0,31.1,100.6,67.7,89.4,97.1,89.3,95.5,92.4,95.6,9.504,5,5,5,104.679
28.37,8,12.521,34.259,35.109,5.817,104.085,107.555,65.0,55.0,31.1,100.6,67.7,89.4,97.1,89.3,95.5,92.4,95.6,10.414,5,5,5,104.68
28.39,8,12.725,34.385999999999996,35.08,5.484,104.182,107.516,65.0,55.0,31.1,100.6,67.7,89.4,97.1,89.3,95.5,92.4,95.6,10.379999999999999,5,5,5,104.68
28.41,8,13.211,33.75,35.199,5.501,103.66799999999999,107.633,65.0,55.0,31.1,100.6,67.7,89.4,97.1,89.3,95.5,92.4,95.6,9.826,5,5,5,104.677
28.43,8,12.468,33.653999999999996,34.96,5.251,104.23100000000001,107.633,65.0,55.0,31.1,100.6,67.7,89.4,97.1,89.3,95.5,92.4,95.6,11.178999999999998,5,5,5,104.681
28.45,8,12.876000000000001,33.699,35.004999999999995,5.076,104.036,107.34,65.0,55.0,31.1,100.6,67.7,89.4,97.1,89.3,95.5,92.4,95.6,10.537,5,5,5,104.678
28.47,8,12.733,33.643,34.851,4.997,103.963,107.41799999999999,65.0,55.0,31.1,100.6,67.7,89.4,97.1,89.3,95.5,92.4,95.6,10.139,5,5,5,104.679
28.49,8,12.627,33.65,35.064,4.783,103.791,107.41799999999999,65.0,55.0,31.1,100.6,67.7,89.4,97.1,89.3,95.5,92.4,95.6,11.361,5,5,5,104.678
28.51,8,12.850999999999999,33.25,35.004000000000005,4.961,103.865,107.321,65.0,55.0,31.1,100.6,67.7,89.4,97.1,89.3,95.5,92.4,95.6,10.215,5,5,5,104.68
28.53,8,12.984,33.441,34.931,5.45,103.791,107.37899999999999,65.0,55.0,31.1,100.6,67.7,89.4,97.1,89.3,95.5,92.4,95.6,10.445,5,5,5,104.68
28.55,8,12.271,33.846999999999994,34.902,5.185,103.865,107.34,65.0,55.0,31.1,100.6,67.7,89.4,97.1,89.3,95.5,92.4,95.6,10.919,5,5,5,104.678
28.57,8,12.831,33.994,35.054,5.264,103.963,107.399,65.0,55.0,31.1,100.6,67.7,89.4,97.1,89.3,95.5,92.4,95.6,9.623000000000001,5,5,5,104.68
28.59,8,12.536000000000001,33.150999999999996,34.867,4.997,104.109,107.301,65.0,55.0,31.2,100.3,67.8,89.4,97.1,89.3,95.5,92.4,95.6,10.399000000000001,5,5,5,104.679
28.61,8,12.574,33.388999999999996,34.938,4.941,103.98700000000001,107.124,65.0,55.0,31.2,100.3,67.8,89.4,97.1,89.3,95.5,92.4,95.6,10.748999999999999,5,5,5,104.685
28.63,8,12.113,33.91,34.793000000000006,5.065,103.889,107.45700000000001,65.0,55.0,31.2,100.3,67.8,89.4,97.1,89.3,95.5,92.4,95.6,10.08,5,5,5,104.68700000000001
28.65,8,12.547999999999998,33.498000000000005,34.760999999999996,5.465,103.816,107.37899999999999,65.0,55.0,31.2,100.3,67.8,89.4,97.1,89.3,95.5,92.4,95.6,11.132000000000001,5,5,5,104.689
28.67,8,12.384,33.368,34.91,5.4,103.889,107.36,65.0,55.0,31.2,100.3,67.8,89.4,97.1,89.3,95.5,92.4,95.6,10.547,5,5,5,104.68700000000001
28.69,8,12.722000000000001,33.144999999999996,35.06699999999999,5.186,103.865,107.321,65.0,55.0,31.2,100.3,67.8,89.4,97.1,89.3,95.5,92.4,95.6,10.487,5,5,5,104.678
28.71,8,12.361,33.313,34.861999999999995,4.94,103.742,107.20299999999999,65.0,55.0,31.2,100.3,67.8,89.4,97.1,89.3,95.5,92.4,95.6,10.898,5,5,5,104.68
28.73,8,12.801,33.077,34.956999999999994,5.529,103.742,107.36,65.0,55.0,31.2,100.3,67.8,89.4,97.1,89.3,95.5,92.4,95.6,9.945,5,5,5,104.679
28.75,8,11.925,33.251,34.980000000000004,5.249,103.619,107.281,65.0,55.0,31.2,100.3,67.8,89.4,97.1,89.3,95.5,92.4,95.6,10.549,5,5,5,104.675
28.77,8,12.553999999999998,33.445,34.748000000000005,4.581,103.594,107.065,65.0,55.0,31.2,100.3,67.8,89.4,97.1,89.3,95.5,92.4,95.6,10.672999999999998,5,5,5,104.679
28.79,8,11.771,33.178,34.766,5.253,103.545,107.105,65.0,55.0,31.2,100.3,67.8,89.4,97.1,89.3,95.5,92.4,95.6,9.975,5,5,5,104.675
28.81,8,12.472999999999999,33.283,34.955,5.072,103.816,107.046,65.0,55.0,31.2,100.3,67.8,89.4,97.1,89.3,95.5,92.4,95.6,10.753,5,5,5,104.68
28.83,8,12.753,33.088,34.686,5.033,103.791,107.065,65.0,55.0,31.2,100.3,67.8,89.4,97.1,89.3,95.5,92.4,95.6,10.440999999999999,5,5,5,104.679
28.85,8,12.527000000000001,33.041,34.843,4.733,103.569,107.18299999999999,65.0,55.0,31.2,100.3,67.8,89.4,97.1,89.3,95.5,92.4,95.6,10.408999999999999,5,5,5,104.68
28.87,8,11.947,33.066,34.894000000000005,5.161,103.66799999999999,107.02600000000001,65.0,55.0,31.2,100.3,67.8,89.4,97.1,89.3,95.5,92.4,95.6,11.094,5,5,5,104.677
28.89,8,11.937000000000001,33.166,34.864000000000004,5.24,103.693,106.868,65.0,55.0,31.2,100.3,67.8,89.4,97.1,89.3,95.5,92.4,95.6,10.533,5,5,5,104.678
28.91,8,12.012,33.171,34.549,4.953,103.865,106.829,65.0,55.0,31.2,100.3,67.8,89.4,97.1,89.3,95.5,92.4,95.6,10.501000000000001,5,5,5,104.679
28.93,8,12.283,32.879999999999995,34.834,5.111,103.64299999999999,106.90799999999999,65.0,55.0,31.2,100.3,67.8,89.4,97.1,89.3,95.5,92.4,95.6,11.574,5,5,5,104.678
28.95,8,12.247,32.699,34.595,5.242,103.594,106.848,65.0,55.0,31.2,100.3,67.8,89.4,97.1,89.3,95.5,92.4,95.6,10.219999999999999,5,5,5,104.68299999999999
28.97,8,11.942,32.762,34.803,4.79,103.619,106.927,65.0,55.0,31.2,100.3,67.8,89.4,97.1,89.3,95.5,92.4,95.6,11.846,5,5,5,104.682
28.99,8,11.940999999999999,32.43300000000001,34.617,5.328,103.791,106.927,65.0,55.0,31.2,100.3,67.8,89.4,97.1,89.3,95.5,92.4,95.6,10.596,5,5,5,104.681
29.01,8,12.094,32.992,34.785,5.395,103.52,106.868,65.0,55.0,31.2,100.3,67.8,89.4,97.1,89.3,95.5,92.4,95.6,11.997,5,5,5,104.67399999999999
29.03,8,11.692,32.658,34.676,5.076,103.29700000000001,106.65,65.0,55.0,31.2,100.3,67.8,89.4,97.1,89.3,95.5,92.4,95.6,11.008,5,5,5,104.691
29.05,8,11.814,33.043000000000006,34.741,5.139,103.321,106.848,65.0,55.0,31.2,100.3,67.8,89.4,97.1,89.3,95.5,92.4,95.6,12.181000000000001,5,5,5,104.68700000000001
29.07,8,11.627,32.429,34.786,5.211,103.37100000000001,106.67,65.0,55.0,31.2,100.3,67.8,89.4,97.1,89.3,95.5,92.4,95.6,11.312999999999999,5,5,5,104.69
29.09,8,11.898,32.962,34.721000000000004,5.143,103.495,106.749,65.0,55.0,31.2,100.3,67.8,89.4,97.1,89.3,95.5,92.4,95.6,12.543,5,5,5,104.68799999999999
29.11,8,11.806000000000001,32.495000000000005,34.506,5.155,103.37100000000001,106.63,65.0,55.0,31.2,100.3,67.8,89.4,97.1,89.3,95.5,92.4,95.6,11.582999999999998,5,5,5,104.697
29.13,8,12.099,32.495000000000005,34.718,4.903,103.421,106.65,65.0,55.0,31.2,100.3,67.8,89.4,97.1,89.3,95.5,92.4,95.6,12.512,5,5,5,104.693
29.15,8,11.174,32.923,34.766,5.195,103.569,106.67,65.0,55.0,31.2,100.3,67.8,89.4,97.1,89.3,95.5,92.4,95.6,11.846,5,5,5,104.697
29.17,8,11.93,32.848,34.797,4.841,103.421,106.67,65.0,55.0,31.2,100.3,67.8,89.4,97.1,89.3,95.5,92.4,95.6,12.615,5,5,5,104.68700000000001
29.19,8,11.224,32.153999999999996,34.587,4.602,103.197,106.67,65.0,55.0,31.2,100.3,67.8,89.4,97.1,89.3,95.5,92.4,95.6,12.163,5,5,5,104.69
29.21,8,11.656,32.868,34.658,4.842,103.147,106.63,65.0,55.0,31.2,100.3,67.8,89.4,97.1,89.3,95.5,92.4,95.6,12.613,5,5,5,104.686
29.23,8,11.466000000000001,32.516999999999996,34.572,4.645,103.17200000000001,106.331,65.0,55.0,31.2,100.3,67.8,89.4,97.1,89.3,95.5,92.4,95.6,12.182,5,5,5,104.68
29.25,8,11.832999999999998,32.535,34.399,4.701,103.17200000000001,106.63,65.0,55.0,31.2,100.3,67.8,89.4,97.1,89.3,95.5,92.4,95.6,12.555,5,5,5,104.68799999999999
29.27,8,11.086,32.327,34.516,4.981,103.396,106.551,65.0,55.0,31.2,100.3,67.8,89.4,97.1,89.3,95.5,92.4,95.6,12.268,5,5,5,104.685
29.29,8,11.462,32.929,34.905,4.797,103.197,106.411,65.0,55.0,31.2,100.3,67.8,89.4,97.1,89.3,95.5,92.4,95.6,12.66,5,5,5,104.68299999999999
29.31,8,11.541,32.298,34.65,4.923,103.147,106.391,65.0,55.0,31.2,100.3,67.8,89.4,97.1,89.3,95.5,92.4,95.6,12.585,5,5,5,104.684
29.33,8,11.492999999999999,32.03,34.598,4.659,103.09700000000001,106.23100000000001,65.0,55.0,31.2,100.3,67.8,89.4,97.1,89.3,95.5,92.4,95.6,12.77,5,5,5,104.682
29.35,8,11.533999999999999,32.322,34.462,5.136,103.272,106.391,65.0,55.0,31.2,100.3,67.8,89.4,97.1,89.3,95.5,92.4,95.6,12.486,5,5,5,104.682
29.37,8,12.023,32.374,34.425,5.791,103.24700000000001,106.291,65.0,55.0,31.2,100.3,67.8,89.4,97.1,89.3,95.5,92.4,95.6,12.693,5,5,5,104.681
29.39,8,11.225,31.875999999999998,34.638000000000005,5.181,103.04700000000001,106.331,65.0,55.0,31.2,100.3,67.8,89.4,97.1,89.3,95.5,92.4,95.6,12.841000000000001,5,5,5,104.679
29.41,8,11.549,32.619,34.605000000000004,4.998,103.072,106.251,65.0,55.0,31.2,100.3,67.8,89.4,97.1,89.3,95.5,92.4,95.6,12.251000000000001,5,5,5,104.68299999999999
29.43,8,11.283999999999999,31.995,34.391999999999996,5.094,103.072,106.23100000000001,65.0,55.0,31.2,100.3,67.8,89.4,97.1,89.3,95.5,92.4,95.6,13.086,5,5,5,104.684
29.45,8,11.424,32.076,34.519000000000005,5.724,102.921,106.211,65.0,55.0,31.2,100.3,67.8,89.4,97.1,89.3,95.5,92.4,95.6,11.972999999999999,5,5,5,104.682
29.47,8,11.025,32.452,34.611000000000004,5.411,102.946,106.11,65.0,55.0,31.2,100.3,67.8,89.4,97.1,89.3,95.5,92.4,95.6,13.24,5,5,5,104.684
29.49,8,11.287,32.289,34.551,4.834,103.022,106.191,65.0,55.0,31.2,100.3,67.8,89.4,97.1,89.3,95.5,92.4,95.6,11.939,5,5,5,104.677
29.51,8,11.48,31.895,34.269000000000005,5.205,102.846,106.251,65.0,55.0,31.2,100.3,67.8,89.4,97.1,89.3,95.5,92.4,95.6,13.362,5,5,5,104.682
29.53,8,11.676,32.44,34.44199999999999,5.225,103.022,106.23100000000001,65.0,55.0,31.2,100.3,67.8,89.4,97.1,89.3,95.5,92.4,95.6,11.777999999999999,5,5,5,104.684
29.55,8,11.472000000000001,32.025,34.172,4.946,102.99700000000001,106.07,65.0,55.0,31.2,100.3,67.8,89.4,97.1,89.3,95.5,92.4,95.6,13.478,5,5,5,104.679
29.57,8,11.457,31.985,34.273,4.864,103.04700000000001,106.05,65.0,55.0,31.2,100.3,67.8,89.4,97.1,89.3,95.5,92.4,95.6,11.859,5,5,5,104.682
29.59,8,11.071000000000002,31.719,34.322,5.041,102.87100000000001,106.09,65.0,55.0,31.2,100.3,67.8,89.4,97.1,89.3,95.5,92.4,95.6,13.25,5,5,5,104.679
29.61,8,11.113,32.143,34.461,5.264,102.921,106.15,65.0,55.0,31.2,100.3,67.8,89.4,97.1,89.3,95.5,92.4,95.6,12.109,5,5,5,104.68700000000001
29.63,8,10.821000000000002,32.133,34.339,5.246,103.04700000000001,105.90899999999999,65.0,55.0,31.2,100.3,67.8,89.4,97.1,89.3,95.5,92.4,95.6,13.1,5,5,5,104.691
29.65,8,10.762,32.204,34.435,5.17,102.82,106.01,65.0,55.0,31.2,100.3,67.8,89.4,97.1,89.3,95.5,92.4,95.6,12.325,5,5,5,104.693
29.67,8,10.475999999999999,31.904,34.221000000000004,5.347,102.921,105.98899999999999,65.0,55.0,31.2,100.3,67.8,89.4,97.1,89.3,95.5,92.4,95.6,13.821,5,5,5,104.686
29.69,8,11.307,31.930999999999997,34.409000000000006,5.344,102.795,106.07,65.0,55.0,31.2,100.3,67.8,89.4,97.1,89.3,95.5,92.4,95.6,12.620000000000001,5,5,5,104.678
29.71,8,10.46,31.537,34.379999999999995,4.359,102.846,105.949,65.0,55.0,31.2,100.3,67.8,89.4,97.1,89.3,95.5,92.4,95.6,13.482999999999999,5,5,5,104.681
29.73,8,11.412,32.2,34.349000000000004,4.724,102.896,106.09,65.0,55.0,31.2,100.3,67.8,89.4,97.1,89.3,95.5,92.4,95.6,12.39,5,5,5,104.681
29.75,8,10.995000000000001,32.172,34.476,4.841,102.82,106.11,65.0,55.0,31.2,100.3,67.8,89.4,97.1,89.3,95.5,92.4,95.6,13.277999999999999,5,5,5,104.684
29.77,8,10.99,31.979,34.528999999999996,4.452,102.719,105.98899999999999,65.0,55.0,31.2,100.3,67.8,89.4,97.1,89.3,95.5,92.4,95.6,12.556000000000001,5,5,5,104.679
29.79,8,10.853,31.97,34.305,4.797,102.77,105.949,65.0,55.0,31.2,100.3,67.8,89.4,97.1,89.3,95.5,92.4,95.6,13.235,5,5,5,104.68
29.81,8,11.171,31.554000000000002,34.294,4.98,102.64399999999999,105.82799999999999,65.0,55.0,31.2,100.3,67.8,89.4,97.1,89.3,95.5,92.4,95.6,12.703,5,5,5,104.684
29.83,8,10.91,31.463,34.143,4.732,102.82,105.787,65.0,55.0,31.2,100.3,67.8,89.4,97.1,89.3,95.5,92.4,95.6,12.815000000000001,5,5,5,104.681
29.85,8,10.642,32.203,34.361999999999995,4.886,102.669,105.88799999999999,65.0,55.0,31.2,100.3,67.8,89.4,97.1,89.3,95.5,92.4,95.6,12.591000000000001,5,5,5,104.68299999999999
29.87,8,10.51,31.741,34.14,5.148,102.946,105.787,65.0,55.0,31.2,100.3,67.8,89.4,97.1,89.3,95.5,92.4,95.6,13.037,5,5,5,104.678
29.89,8,10.7,31.732,34.232,5.18,102.719,105.88799999999999,65.0,55.0,31.2,100.3,67.8,89.4,97.1,89.3,95.5,92.4,95.6,12.780000000000001,5,5,5,104.681
29.91,8,10.425,31.548000000000002,34.22,5.167,102.64399999999999,105.82799999999999,65.0,55.0,31.2,100.3,67.8,89.4,97.1,89.3,95.5,92.4,95.6,12.594999999999999,5,5,5,104.68299999999999
29.93,8,11.024000000000001,31.897,34.051,5.082,102.618,106.07,65.0,55.0,31.2,100.3,67.8,89.4,97.1,89.3,95.5,92.4,95.6,13.32,5,5,5,104.68
29.95,8,10.818999999999999,31.206,34.010000000000005,4.81,102.46600000000001,105.686,65.0,55.0,31.2,100.3,67.8,89.4,97.1,89.3,95.5,92.4,95.6,12.452000000000002,5,5,5,104.685
29.97,8,10.666,31.334,34.245999999999995,5.03,102.745,105.76700000000001,65.0,55.0,31.2,100.3,67.8,89.4,97.1,89.3,95.5,92.4,95.6,13.302,5,5,5,104.68299999999999
29.99,8,10.114,31.725,34.211,5.23,102.59299999999999,105.807,65.0,55.0,31.2,100.3,67.8,89.4,97.1,89.3,95.5,92.4,95.6,12.428999999999998,5,5,5,104.682
30.01,8,10.831,31.592,34.202,5.564,102.669,105.787,65.0,55.0,31.2,100.3,67.8,89.4,97.1,89.3,95.5,92.4,95.6,13.017000000000001,5,5,5,104.68
30.03,8,10.128,31.395,34.208,4.774,102.694,105.645,65.0,55.0,31.2,100.3,67.8,89.4,97.1,89.3,95.5,92.4,95.6,12.594,5,5,5,104.677
30.05,8,10.891,31.105,34.146,5.015,102.542,105.868,65.0,55.0,31.2,100.3,67.8,89.4,97.1,89.3,95.5,92.4,95.6,13.214,5,5,5,104.682
30.07,8,10.213,31.514,34.205,5.288,102.669,105.74600000000001,65.0,55.0,31.2,100.3,67.8,89.4,97.1,89.3,95.5,92.4,95.6,12.582999999999998,5,5,5,104.681
30.09,8,10.337,31.147,34.107,5.086,102.745,105.807,65.0,55.0,31.2,100.3,67.8,89.4,97.1,89.3,95.5,92.4,95.6,13.28,5,5,5,104.68
30.11,8,10.434999999999999,31.381999999999998,33.944,5.235,102.669,105.807,65.0,55.0,31.2,100.3,67.8,89.4,97.1,89.3,95.5,92.4,95.6,12.626000000000001,5,5,5,104.68700000000001
30.13,8,10.622,31.022,33.791,5.495,102.287,105.665,65.0,55.0,31.2,100.3,67.8,89.4,97.1,89.3,95.5,92.4,95.6,12.725,5,5,5,104.686
30.15,8,10.336,30.948,33.931,5.449,102.415,105.461,65.0,55.0,31.2,100.3,67.8,89.4,97.1,89.3,95.5,92.4,95.6,12.705,5,5,5,104.68
30.17,8,10.767,31.013,34.1,5.411,102.287,105.54299999999999,65.0,55.0,31.2,100.3,67.8,89.4,97.1,89.3,95.5,92.4,95.6,12.764,5,5,5,104.68799999999999
30.19,8,10.236,31.287,34.009,5.776,102.618,105.686,65.0,55.0,31.2,100.3,67.8,89.4,97.1,89.3,95.5,92.4,95.55,12.9,5,5,5,104.684
30.21,8,10.644,31.329,34.169,5.456,102.36399999999999,105.726,65.0,55.0,31.2,100.3,67.8,89.4,97.1,89.3,95.5,92.331,95.484,12.702000000000002,5,5,5,104.68799999999999
30.23,8,10.721,31.011,33.978,5.272,102.46600000000001,105.54299999999999,65.0,55.0,31.2,100.3,67.8,89.4,97.1,89.3,95.5,92.274,95.447,13.235,5,5,5,104.68700000000001
30.25,8,10.853,31.265,34.027,5.219,102.56700000000001,105.625,65.0,55.0,31.2,100.3,67.8,89.4,97.1,89.3,95.5,92.242,95.42699999999999,12.022,5,5,5,104.69
30.27,8,10.149000000000001,31.342,34.096000000000004,5.389,102.44,105.665,65.0,55.0,31.2,100.3,67.8,89.4,97.1,89.3,95.5,92.223,95.415,13.567,5,5,5,104.685
30.29,8,10.393,30.764,34.065,5.123,102.338,105.48200000000001,65.0,55.0,31.2,100.3,67.8,89.4,97.1,89.3,95.5,92.21300000000001,95.408,12.062000000000001,5,5,5,104.685
30.31,8,10.303999999999998,30.905,33.928,5.153,102.542,105.645,65.0,55.0,31.2,100.3,67.8,89.4,97.1,89.3,95.5,92.207,95.405,13.469,5,5,5,104.686
30.33,8,10.456,31.544,33.869,4.971,102.56700000000001,105.665,65.0,55.0,31.2,100.3,67.8,89.4,97.1,89.3,95.5,92.204,95.403,11.92,5,5,5,104.68799999999999
30.35,8,9.541,30.898000000000003,34.06699999999999,5.052,102.31299999999999,105.625,65.0,55.0,31.2,100.3,67.8,89.4,97.1,89.3,95.5,92.202,95.402,13.476,5,5,5,104.689
30.37,8,10.466000000000001,31.214000000000002,33.974000000000004,4.86,102.389,105.56299999999999,65.0,55.0,31.2,100.3,67.8,89.4,97.1,89.3,95.41199999999999,92.20100000000001,95.40100000000001,12.122,5,5,5,104.68799999999999
30.39,8,10.102,31.158,33.854,4.818,102.389,105.461,65.0,55.0,31.2,100.3,67.8,89.4,97.1,89.3,95.363,92.20100000000001,95.4,13.657,5,5,5,104.69200000000001
30.41,8,10.228,31.396,34.037,4.8,102.31299999999999,105.645,65.0,55.0,31.2,100.3,67.8,89.4,97.1,89.3,95.336,92.2,95.4,12.151,5,5,5,104.68700000000001
30.43,8,9.616,31.209,34.079,4.503,102.415,105.318,65.0,55.0,31.2,100.3,67.8,89.4,97.1,89.3,95.32,92.2,95.4,13.471,5,5,5,104.686
30.45,8,10.016,31.179000000000002,34.083,4.676,102.133,105.50200000000001,65.0,55.0,31.2,100.3,67.8,89.4,97.1,89.3,95.311,92.2,95.4,12.341000000000001,5,5,5,104.68299999999999
30.47,8,9.538,30.485,33.985,4.677,102.005,105.113,65.0,55.0,31.2,100.3,67.8,89.4,97.1,89.23100000000001,95.306,92.2,95.4,13.363999999999999,5,5,5,104.68299999999999
30.49,8,10.216000000000001,31.299,33.899,4.398,102.133,105.318,65.0,55.0,31.2,100.3,67.8,89.4,97.1,89.17399999999999,95.304,92.2,95.4,12.346,5,5,5,104.68299999999999
30.51,8,9.727,31.215999999999998,34.072,4.681,102.21,105.339,65.0,55.0,31.2,100.3,67.8,89.4,97.1,89.142,95.30199999999999,92.2,95.4,13.511000000000001,5,5,5,104.686
30.53,8,10.219,30.701999999999998,33.617,4.809,102.133,105.29799999999999,65.0,55.0,31.2,100.3,67.8,89.4,97.1,89.123,95.301,92.2,95.4,12.412,5,5,5,104.68700000000001
30.55,8,10.145,31.09,33.706,4.639,102.262,105.236,65.0,55.0,31.2,100.3,67.8,89.4,97.1,89.113,95.301,92.2,95.4,13.193,5,5,5,104.685
30.57,8,9.875,30.816,33.745000000000005,4.743,102.10799999999999,105.277,65.0,55.0,31.2,100.3,67.8,89.4,97.1,89.107,95.3,92.2,95.4,12.547999999999998,5,5,5,104.689
30.59,8,9.735,30.947,33.486999999999995,4.716,101.927,105.17399999999999,65.0,55.0,31.1,100.0,68.1,89.4,97.1,89.104,95.3,92.2,95.4,12.992,5,5,5,104.68799999999999
30.61,8,9.870000000000001,31.163,33.575,4.998,102.005,105.133,65.0,55.0,31.1,100.0,68.1,89.4,97.1,89.102,95.3,92.2,95.4,12.666,5,5,5,104.685
30.63,8,9.411000000000001,31.416,33.64,4.859,102.185,105.236,65.0,55.0,31.1,100.0,68.1,89.4,97.1,89.101,95.3,92.2,95.4,13.281,5,5,5,104.691
30.65,8,9.739,30.795,33.706999999999994,5.069,101.95299999999999,105.195,65.0,55.0,31.1,100.0,68.1,89.4,97.1,89.101,95.3,92.2,95.4,12.567,5,5,5,104.68799999999999
30.67,8,9.629999999999999,30.858,33.712,5.356,101.875,105.257,65.0,55.0,31.1,100.0,68.1,89.4,97.1,89.1,95.3,92.2,95.4,13.179,5,5,5,104.68799999999999
30.69,8,9.823,31.098000000000003,33.715999999999994,5.113,102.03,105.195,65.0,55.0,31.1,100.0,68.1,89.4,97.1,89.1,95.3,92.2,95.4,12.786000000000001,5,5,5,104.686
30.71,8,9.428999999999998,30.711,33.489999999999995,4.98,101.979,105.133,65.0,55.0,31.1,100.0,68.1,89.4,97.1,89.1,95.3,92.2,95.4,13.206,5,5,5,104.68700000000001
30.73,8,9.541,30.184,33.324,5.638,102.10799999999999,104.947,65.0,55.0,31.1,100.0,68.1,89.4,97.1,89.1,95.3,92.2,95.4,12.696000000000002,5,5,5,104.689
30.75,8,9.205,30.305,33.554,5.436,101.927,105.113,65.0,55.0,31.1,100.0,68.1,89.4,97.1,89.1,95.3,92.2,95.4,13.185,5,5,5,104.68700000000001
30.77,8,9.761,30.073,33.375,5.611,102.03,104.96799999999999,65.0,55.0,31.1,100.0,68.1,89.4,97.1,89.1,95.3,92.2,95.4,12.733,5,5,5,104.69
30.79,8,9.687000000000001,30.469,33.108000000000004,5.679,101.927,104.885,65.0,55.0,31.1,100.0,68.1,89.4,97.1,89.1,95.3,92.2,95.4,12.913,5,5,5,104.69
30.81,8,9.803999999999998,30.281,33.205,5.601,102.005,104.98899999999999,65.0,55.0,31.1,100.0,68.1,89.4,97.1,89.1,95.3,92.2,95.4,13.128,5,5,5,104.69
30.83,8,9.352,30.795,33.048,5.929,101.85,105.071,65.0,55.0,31.1,100.0,68.1,89.4,97.1,89.1,95.3,92.2,95.4,12.562000000000001,5,5,5,104.69
30.85,8,9.556000000000001,30.245,33.094,5.9990000000000006,102.056,105.09200000000001,65.0,55.0,31.1,100.0,68.1,89.4,97.1,89.1,95.3,92.2,95.4,13.401,5,5,5,104.68700000000001
30.87,8,9.452,30.065,33.278000000000006,5.532,101.85,104.98899999999999,65.0,55.0,31.1,100.0,68.1,89.4,97.1,89.1,95.3,92.2,95.4,12.303999999999998,5,5,5,104.68799999999999
30.89,8,9.678999999999998,30.258000000000003,33.378,5.756,101.824,104.906,65.0,55.0,31.1,100.0,68.1,89.4,97.1,89.1,95.3,92.2,95.4,13.616,5,5,5,104.686
30.91,8,9.528,30.443,33.393,5.585,101.616,104.865,65.0,55.0,31.1,100.0,68.1,89.4,97.1,89.1,95.3,92.2,95.4,12.921,5,5,5,104.68700000000001
30.93,8,9.553,30.47,33.35,5.329,101.66799999999999,105.17399999999999,65.0,55.0,31.1,100.0,68.1,89.4,97.1,89.1,95.3,92.2,95.4,12.54,5,5,5,104.69200000000001
30.95,8,9.256,30.323,33.351,5.072,101.694,104.927,65.0,55.0,31.1,100.0,68.1,89.4,97.1,89.1,95.3,92.2,95.4,14.041,5,5,5,104.682
30.97,8,9.666,30.005,33.56,5.418,101.616,104.844,65.0,55.0,31.1,100.0,68.1,89.4,97.1,89.1,95.3,92.2,95.4,13.281,5,5,5,104.68700000000001
30.99,8,9.671,30.239,33.239000000000004,5.287,101.875,104.865,65.0,55.0,31.1,100.0,68.1,89.4,97.1,89.1,95.3,92.2,95.4,13.865,5,5,5,104.68700000000001
31.01,8,9.256,30.365,33.271,5.039,101.95299999999999,105.071,65.0,55.0,31.1,100.0,68.1,89.4,97.1,89.1,95.3,92.2,95.4,14.597000000000001,5,5,5,104.68700000000001
31.03,8,9.649000000000001,30.623,33.135999999999996,4.464,101.772,105.03,65.0,55.0,31.1,100.0,68.1,89.4,97.1,89.1,95.3,92.2,95.4,13.579,5,5,5,104.68700000000001
31.05,8,9.597999999999999,30.372,33.292,4.162,101.927,105.071,65.0,55.0,31.1,100.0,68.1,89.4,97.1,89.1,95.3,92.2,95.4,14.611,5,5,5,104.69
31.07,8,9.326,30.430999999999997,33.229,4.035,102.133,105.17399999999999,65.0,55.0,31.1,100.0,68.1,89.4,97.1,89.1,95.3,92.2,95.4,14.448,5,5,5,104.685
31.09,8,9.087,31.234,33.285,4.784,102.08200000000001,104.906,65.0,55.0,31.1,100.0,68.1,89.4,97.1,89.1,95.3,92.2,95.4,13.377,5,5,5,104.68299999999999
31.11,8,9.014,30.096,33.012,5.254,101.90100000000001,105.051,65.0,55.0,31.1,100.0,68.1,89.4,97.1,89.1,95.3,92.2,95.4,15.144,5,5,5,104.681
31.13,8,9.306000000000001,30.362,32.935,4.83,102.15899999999999,104.865,65.0,55.0,31.1,100.0,68.1,89.4,97.1,89.1,95.3,92.2,95.4,14.2,5,5,5,104.68299999999999
31.15,8,9.166,30.478,32.978,4.508,101.95299999999999,104.885,65.0,55.0,31.1,100.0,68.1,89.4,97.1,89.1,95.3,92.2,95.4,13.876,5,5,5,104.678
31.17,8,9.154,29.849,33.010999999999996,4.084,101.66799999999999,104.865,65.0,55.0,31.1,100.0,68.1,89.4,97.1,89.1,95.3,92.2,95.4,15.655999999999999,5,5,5,104.681
31.19,8,9.233,30.849,33.038,4.197,101.875,104.96799999999999,65.0,55.0,31.1,100.0,68.1,89.4,97.1,89.1,95.3,92.2,95.4,14.207,5,5,5,104.682
31.21,8,9.428,29.697,32.789,4.209,101.772,104.823,65.0,55.0,31.1,100.0,68.1,89.4,97.1,89.1,95.3,92.2,95.4,15.038,5,5,5,104.682
31.23,8,9.469,30.08,32.721999999999994,4.59,102.005,105.009,65.0,55.0,31.1,100.0,68.1,89.4,97.1,89.1,95.3,92.2,95.4,15.524000000000001,5,5,5,104.684
31.25,8,9.103,30.069000000000003,32.787,4.647,101.79799999999999,104.76100000000001,65.0,55.0,31.1,100.0,68.1,89.4,97.1,89.1,95.3,92.2,95.4,14.123,5,5,5,104.685
31.27,8,9.158999999999999,30.215,32.71,4.926,101.79799999999999,104.927,65.0,55.0,31.1,100.0,68.1,89.4,97.1,89.1,95.3,92.2,95.4,15.603,5,5,5,104.682
31.29,8,9.073,29.94,32.819,5.04,101.85,104.906,65.0,55.0,31.1,100.0,68.1,89.4,97.1,89.1,95.3,92.2,95.4,15.062999999999999,5,5,5,104.678
31.31,8,8.946,30.239,32.723,4.376,101.824,104.865,65.0,55.0,31.1,100.0,68.1,89.4,97.1,89.1,95.3,92.2,95.4,14.107000000000001,5,5,5,104.684
31.36,18,8.958,30.33,32.725,4.326,101.79799999999999,104.906,65.0,55.0,31.1,100.0,68.1,89.4,97.1,89.1,95.3,92.2,95.4,14.163,5,5,5,104.68299999999999
31.41,18,8.644,29.801,32.291,5.142,101.90100000000001,104.927,65.0,55.0,31.1,100.0,68.1,89.4,96.947,89.1,95.3,92.2,95.4,15.419,5,5,5,104.682
31.46,18,9.048,29.69,32.4,5.976,101.64200000000001,104.74,65.0,55.0,31.1,100.0,68.1,89.4,96.911,89.1,95.3,92.2,95.4,14.229,5,5,5,104.682
31.51,18,8.853,29.831,32.117,5.509,101.74600000000001,104.927,65.0,55.0,31.1,100.0,68.1,89.4,96.903,89.1,95.3,92.2,95.4,14.881,5,5,5,104.68700000000001
31.56,18,8.801,29.8,32.626,4.815,101.564,104.823,65.0,55.0,31.1,100.0,68.1,89.4,96.90100000000001,89.1,95.3,92.2,95.4,14.498,5,5,5,104.68700000000001
31.61,18,8.451,29.659000000000002,32.45,36.857,101.772,104.719,65.0,55.0,31.1,100.0,68.1,89.4,96.9,89.1,95.3,92.2,95.4,13.42,5,5,5,104.684
31.66,18,8.568999999999999,29.493000000000002,32.484,56.818999999999996,101.74600000000001,104.63600000000001,65.0,55.0,31.1,100.0,68.1,89.4,96.9,89.1,95.3,92.2,95.4,14.565,5,5,5,104.684
31.71,18,9.021,29.381,31.605999999999998,64.94399999999999,101.616,104.844,65.0,55.0,31.1,100.0,68.1,89.4,96.9,89.1,95.3,92.2,95.4,13.876,5,5,5,104.681
31.76,18,8.962,29.936,30.979,80.66199999999999,101.66799999999999,104.615,65.0,55.0,31.1,100.0,68.1,89.4,96.9,89.1,95.3,92.2,95.4,14.228,5,5,5,104.677
31.81,18,8.782,29.823,30.525,102.351,101.485,104.53200000000001,65.0,55.0,31.1,100.0,68.1,89.4,96.9,89.1,95.3,92.2,95.4,14.198,5,5,5,104.67
31.86,18,8.335,29.276,30.487,121.554,101.38,104.63600000000001,65.0,55.0,31.1,100.0,68.1,89.4,96.9,89.1,95.3,92.2,95.4,13.651,5,5,5,104.681
31.91,18,8.904,29.083000000000002,29.923000000000002,139.85399999999998,101.59,104.427,65.0,55.0,31.1,100.0,68.1,89.4,96.9,89.1,95.3,92.2,95.4,15.183,5,5,5,104.677
31.96,18,8.517,29.494,30.018,154.365,101.43299999999999,104.28,65.0,55.0,31.1,100.0,68.1,89.4,96.9,89.1,95.3,92.2,95.4,14.773,5,5,5,104.677
32.01,18,8.389,29.388,29.745,165.01,101.43299999999999,104.34299999999999,65.0,55.0,31.1,100.0,68.1,89.4,96.9,89.1,95.3,92.2,95.4,13.547,5,5,5,104.682
32.06,18,7.933,29.261999999999997,30.329,173.235,101.17,104.28,65.0,55.0,31.1,100.0,68.1,89.4,96.9,89.1,95.3,92.2,95.4,13.547,5,5,5,104.678
32.11,18,8.24,29.115,30.099,177.72799999999998,101.223,104.322,65.0,55.0,31.1,100.0,68.1,89.4,96.9,89.1,95.3,92.2,95.4,14.237,5,5,5,104.679
32.16,18,8.465,29.416,29.623,178.28,101.196,104.301,65.0,55.0,31.1,100.0,68.1,89.4,96.9,89.1,95.3,92.2,95.4,12.735,5,5,5,104.677
32.21,18,7.8149999999999995,29.114,32.242,176.74200000000002,101.459,104.04799999999999,65.0,55.0,31.1,100.0,68.1,89.4,96.9,89.1,95.3,92.2,95.4,14.064,5,5,5,104.689
32.26,18,7.869,29.535,32.282,173.31599999999997,101.354,104.259,65.0,55.0,31.1,100.0,68.1,89.4,96.9,89.1,95.3,92.2,95.4,13.177999999999999,5,5,5,104.685
32.31,18,8.269,28.881,32.372,175.42700000000002,101.249,104.238,65.0,55.0,31.1,100.0,68.1,89.4,96.9,89.1,95.3,92.2,95.4,13.004,5,5,5,104.682
32.36,18,8.683,29.608,32.266,175.766,101.064,104.196,65.0,55.0,31.1,100.0,68.1,89.4,96.9,89.1,95.3,92.2,95.4,13.476,5,5,5,104.684
32.41,18,8.176,29.051,32.159000000000006,173.548,101.14299999999999,104.09100000000001,65.0,55.0,31.1,100.0,68.1,89.4,96.9,89.1,95.3,92.2,95.4,12.425,5,5,5,104.686
32.46,18,8.122,28.781999999999996,32.010999999999996,173.685,101.09100000000001,104.006,65.0,55.0,31.1,100.0,68.1,89.4,96.9,89.1,95.3,92.2,95.4,13.639,5,5,5,104.682
32.51,10,7.765000000000001,29.518,32.167,144.977,101.14299999999999,103.87899999999999,65.0,55.0,31.1,100.0,68.1,89.4,96.9,89.1,95.3,92.2,95.4,13.401,5,5,5,104.686
32.56,10,7.446,28.916999999999998,32.403000000000006,101.426,101.196,104.09100000000001,65.0,55.0,31.1,100.0,68.1,89.4,96.9,89.1,95.3,92.2,95.4,13.07,5,5,5,104.69
32.61,10,7.4879999999999995,28.496,32.084,62.964,100.958,103.794,65.0,55.0,31.1,100.0,68.1,89.4,96.9,89.1,95.3,92.2,95.4,14.134,5,5,5,104.681
32.66,10,6.992,28.244,32.471000000000004,36.681,100.79799999999999,103.836,64.9,55.0,31.1,99.7,68.1,89.4,96.9,89.1,95.3,92.2,95.4,12.479,5,5,5,104.68
32.71,10,8.101,28.776,32.479,51.536,100.79799999999999,103.751,64.9,55.0,31.1,99.7,68.1,89.4,96.9,89.1,95.3,92.2,95.4,13.51,5,5,5,104.68799999999999
32.76,10,7.6530000000000005,29.366999999999997,32.361000000000004,56.658,100.932,104.006,64.9,55.0,31.1,99.7,68.1,89.4,96.9,89.1,95.3,92.2,95.4,13.378,5,5,5,104.68299999999999
32.81,10,7.616,28.772,32.217,53.523999999999994,100.852,103.921,64.9,55.0,31.1,99.7,68.1,89.4,96.9,89.1,95.3,92.2,95.4,13.039,5,5,5,104.689
32.86,10,7.013,28.726,32.589,49.144,100.825,103.9,64.9,55.0,31.1,99.7,68.1,89.4,96.9,89.1,95.3,92.2,95.4,13.859,5,5,5,104.68299999999999
32.91,10,7.759,28.393,32.419,57.688,100.79799999999999,103.87899999999999,64.9,55.0,31.1,99.7,68.1,89.4,96.9,89.1,95.3,92.2,95.4,12.393,5,5,5,104.68799999999999
32.96,10,7.763,29.425,28.956999999999997,69.10300000000001,100.69200000000001,103.921,64.9,55.0,31.1,99.7,68.1,89.4,96.9,89.1,95.3,92.2,95.4,12.594999999999999,5,5,5,104.706
33.01,10,6.879,29.583000000000002,34.799,74.63600000000001,100.772,103.645,64.9,55.0,31.1,99.7,68.1,89.4,96.9,89.1,95.3,92.2,95.4,11.489,5,5,5,104.70700000000001
33.06,10,6.27,29.201999999999998,13.658999999999999,72.307,100.55799999999999,103.73,64.9,55.0,31.1,99.7,68.1,89.4,96.9,89.1,95.3,92.2,95.4,11.395,5,5,5,104.70299999999999
33.11,10,5.401,28.221999999999998,33.794,60.826,100.45,103.602,64.9,55.0,31.1,99.7,68.1,89.4,96.9,89.1,95.3,92.2,95.4,11.654,5,5,5,104.713
33.16,10,5.329,26.005,30.673000000000002,37.952,100.745,103.473,64.9,55.0,31.1,99.7,68.1,89.4,96.9,89.1,95.3,92.2,95.4,10.361,5,5,5,104.711
33.21,10,5.292,21.694000000000003,25.808000000000003,22.062,100.477,103.40899999999999,64.9,55.0,31.1,99.7,68.1,89.4,96.9,89.1,95.3,92.2,95.4,9.596,5,5,5,104.71799999999999
33.26,10,5.334,14.435,16.929000000000002,10.846,100.01700000000001,103.473,64.9,55.0,31.1,99.7,68.1,89.4,96.9,89.1,95.3,92.2,95.4,10.207,5,5,5,104.72399999999999
33.31,10,5.295,7.215999999999999,6.792,21.923,100.01700000000001,103.15,64.9,55.0,31.1,99.7,68.1,89.4,96.9,89.1,95.3,92.2,95.4,10.049,5,5,5,104.71700000000001
33.36,10,5.329,5.475,5.169,41.77,100.315,103.12899999999999,64.9,55.0,31.1,99.7,68.1,89.4,96.788,88.97399999999999,95.3,92.15,95.4,9.594,5,5,5,104.708
33.41,10,5.293,5.559,5.147,59.783,100.125,102.49600000000001,64.9,55.0,31.1,99.7,68.1,89.4,96.645,88.918,95.3,92.036,95.4,9.741,5,5,5,104.721
33.46,10,5.33,5.674,5.087,60.215,100.15299999999999,102.67200000000001,64.9,55.0,31.1,99.7,68.1,89.4,96.611,88.904,95.19800000000001,92.008,95.4,9.852,5,5,5,104.714
33.51,10,5.293,5.566,5.233,60.394,100.20700000000001,102.49600000000001,64.9,55.0,31.1,99.7,68.1,89.4,96.60300000000001,88.90100000000001,95.123,92.002,95.263,9.58,5,5,5,104.71
33.56,10,5.331,5.858,5.184,62.165,100.15299999999999,102.40799999999999,64.9,55.0,31.1,99.7,68.1,89.4,96.601,88.9,95.10600000000001,92.0,95.215,8.621,5,5,5,104.699
33.61,10,5.293,5.441,5.028,63.065,100.15299999999999,102.49600000000001,64.9,55.0,31.1,99.7,68.1,89.28399999999999,96.6,88.9,95.101,92.0,95.204,9.421,5,5,5,104.711
33.66,10,5.33,5.47,5.029,63.536,100.18,102.62799999999999,64.9,55.0,31.1,99.7,68.1,89.22,96.6,88.9,95.1,92.0,95.20100000000001,10.152000000000001,5,5,5,104.698
33.71,10,5.339,5.432,5.019,63.229,100.20700000000001,102.65,64.9,55.0,31.1,99.7,68.1,89.205,96.6,88.9,95.1,92.0,95.2,9.368,5,5,5,104.704
33.76,10,5.365,5.564,5.07,65.081,100.20700000000001,102.45299999999999,64.9,55.0,31.1,99.7,68.1,89.20100000000001,96.6,88.9,95.1,92.0,95.2,8.773,5,5,5,104.68799999999999
33.81,10,5.292,5.582,5.158,105.34,100.125,102.584,64.9,55.0,31.1,99.7,68.1,89.2,96.6,88.9,95.1,92.0,95.2,9.280000000000001,5,5,5,104.695
33.86,10,5.329,5.471,5.321,121.708,100.01700000000001,102.45299999999999,64.9,55.0,31.1,99.7,68.1,89.2,96.6,88.9,95.1,92.0,95.2,9.064,5,5,5,104.694
33.91,10,5.293,5.442,5.041,132.30700000000002,100.098,102.56200000000001,64.9,55.0,31.1,99.7,68.1,89.2,96.6,88.9,95.1,92.0,95.2,8.956,5,5,5,104.70200000000001
33.96,10,5.329,5.477,5.302,141.619,100.20700000000001,102.45299999999999,64.9,55.0,31.1,99.7,68.1,89.2,96.6,88.9,95.1,92.0,95.2,8.801,5,5,5,104.697
34.01,10,5.291,5.461,5.123,149.82,100.18,102.32,64.9,55.0,31.1,99.7,68.1,89.2,96.6,88.9,95.1,92.0,95.2,8.656,5,5,5,104.697
34.06,10,5.326,5.509,5.109,154.618,100.01700000000001,102.45299999999999,64.9,55.0,31.1,99.7,68.1,89.2,96.6,88.9,95.1,92.0,95.2,8.217,5,5,5,104.695
34.11,10,5.294,5.489,5.246,158.966,100.098,102.38600000000001,64.9,55.0,31.1,99.7,68.1,89.2,96.6,88.9,95.1,92.0,95.2,8.508,5,5,5,104.693
34.16,10,5.328,5.489,5.269,160.174,100.01700000000001,102.36399999999999,64.9,55.0,31.1,99.7,68.1,89.2,96.6,88.9,95.1,92.0,95.2,7.619,5,5,5,104.7
34.21,10,5.295,5.43,5.054,151.847,99.935,102.25399999999999,64.9,55.0,31.1,99.7,68.1,89.2,96.6,88.9,95.1,92.0,95.2,8.878,5,5,5,104.706
34.26,10,5.326,5.605,5.146,104.152,99.935,102.34200000000001,64.9,55.0,31.1,99.7,68.1,89.2,96.6,88.9,95.1,92.0,95.2,7.772,5,5,5,104.705
34.31,10,5.293,5.461,5.121,66.553,99.90700000000001,102.23200000000001,64.9,55.0,31.1,99.7,68.1,89.2,96.6,88.9,95.1,92.0,95.2,7.806,5,5,5,104.709
34.36,10,5.345,5.577,5.289,43.034,99.79799999999999,102.09899999999999,64.9,55.0,31.1,99.7,68.1,89.2,96.6,88.9,95.1,92.0,95.2,8.182,5,5,5,104.714
34.41,10,5.293,5.522,5.056,26.421999999999997,99.605,102.054,64.9,55.0,31.1,99.7,68.1,89.2,96.6,88.9,95.1,92.0,95.2,7.588,5,5,5,104.713
34.46,11,5.328,5.49,5.091,12.943,99.90700000000001,102.14299999999999,64.9,55.0,31.1,99.7,68.1,89.2,96.6,88.9,95.1,92.0,95.2,7.053,5,5,5,104.71600000000001
34.51,11,5.293,5.515,5.284,8.072,99.715,102.03200000000001,64.9,55.0,31.1,99.7,68.1,89.2,96.6,88.9,95.1,92.0,95.2,7.3919999999999995,5,5,5,104.71700000000001
34.56,11,5.328,5.498,5.167,5.719,99.57700000000001,101.809,64.9,55.0,31.1,99.7,68.1,89.2,96.6,88.9,95.1,92.0,95.2,7.132,5,5,5,104.713
34.61,11,5.296,5.575,5.301,5.459,99.68799999999999,101.652,64.9,55.0,31.1,99.7,68.1,89.2,96.6,88.9,95.1,92.0,95.2,6.98,5,5,5,104.721
34.66,11,5.327,5.467,5.145,5.076,99.55,101.943,64.8,54.9,31.1,99.5,68.3,89.2,96.6,88.9,95.1,92.0,95.2,8.053,5,5,5,104.71799999999999
34.71,11,5.296,5.435,5.33,5.115,99.715,101.697,64.8,54.9,31.1,99.5,68.3,89.2,96.6,88.9,95.1,92.0,95.2,7.2940000000000005,5,5,5,104.723
34.76,11,5.327,5.527,5.232,5.29,99.439,101.809,64.8,54.9,31.1,99.5,68.3,89.2,96.6,88.9,95.1,92.0,95.2,7.2010000000000005,5,5,5,104.719
34.81,11,5.313,5.445,5.331,4.908,99.495,101.854,64.8,54.9,31.1,99.5,68.3,89.2,96.6,88.9,95.1,92.0,95.2,7.55,5,5,5,104.725
34.86,11,5.331,5.489,5.291,4.985,99.633,101.83200000000001,64.8,54.9,31.1,99.5,68.3,89.2,96.6,88.9,95.1,92.0,95.2,7.4,5,5,5,104.72200000000001
34.91,11,5.294,5.449,5.225,4.6,99.57700000000001,101.943,64.8,54.9,31.1,99.5,68.3,89.2,96.6,88.9,95.1,92.0,95.2,7.578,5,5,5,104.715
34.96,11,5.328,5.652,5.376,4.877,99.77,101.876,64.8,54.9,31.1,99.5,68.3,89.2,96.6,88.9,95.1,92.0,95.2,7.455,5,5,5,104.719
35.01,11,5.293,5.498,5.578,4.164,99.935,102.165,64.8,54.9,31.1,99.5,68.3,89.2,96.6,88.9,95.1,92.0,95.2,6.982,5,5,5,104.725
35.06,11,5.325,5.495,5.316,27.343000000000004,100.098,101.988,64.8,54.9,31.1,99.5,68.3,89.2,96.6,88.9,95.1,92.0,95.2,8.683,5,5,5,104.72
35.11,11,5.297,5.45,5.338,42.87,99.88,102.09899999999999,64.8,54.9,31.1,99.5,68.3,89.2,96.6,88.9,95.1,92.0,95.2,8.425,5,5,5,104.72
35.16,11,5.342,5.513,5.559,55.137,100.071,102.18799999999999,64.8,54.9,31.1,99.5,68.3,89.2,96.6,88.9,95.1,92.0,95.2,8.36,5,5,5,104.727
35.21,11,5.905,5.559,5.638,72.367,99.90700000000001,102.01,64.8,54.9,31.1,99.5,68.3,89.2,96.6,88.9,95.1,92.0,95.2,8.583,5,5,5,104.73
35.26,11,5.325,5.5760000000000005,5.501,75.67399999999999,100.098,102.475,64.8,54.9,31.1,99.5,68.3,89.2,96.6,88.9,95.1,92.0,95.2,7.622,5,5,5,104.71799999999999
35.31,11,5.297,5.588,5.311,49.31100000000001,99.825,102.32,64.8,54.9,31.1,99.5,68.3,89.2,96.6,88.9,95.1,92.0,95.2,8.952,5,5,5,104.72
35.36,11,5.326,5.537,5.448,41.236,99.245,102.01,64.8,54.9,31.1,99.5,68.3,89.2,96.6,88.9,95.1,92.0,95.2,8.197,5,5,5,104.719
35.41,11,5.297,5.476,5.5440000000000005,43.123000000000005,98.654,101.675,64.8,54.9,31.1,99.5,68.3,89.2,96.6,88.9,95.1,92.0,95.2,8.46,5,5,5,104.719
35.46,11,5.324,5.467,5.257,46.163999999999994,98.197,101.223,64.8,54.9,31.1,99.5,68.3,89.2,96.6,88.9,95.1,92.0,95.2,8.391,5,5,5,104.71700000000001
35.51,12,5.296,5.554,5.415,75.01,98.226,101.064,64.8,54.9,31.1,99.5,68.3,89.2,96.6,88.9,95.1,92.0,95.2,8.092,5,5,5,104.71700000000001
35.56,12,5.323,5.59,5.485,43.382,98.08200000000001,101.178,64.8,54.9,31.1,99.5,68.3,89.2,96.6,88.85,95.1,91.95,95.2,8.934,5,5,5,104.71600000000001
35.61,12,5.341,5.503,5.24,26.148000000000003,98.226,101.45,64.8,54.9,31.1,99.5,68.3,89.2,96.55,88.736,95.1,91.836,95.2,8.378,5,5,5,104.721
35.66,12,5.325,5.7219999999999995,5.324,12.222000000000001,98.111,101.427,64.8,54.9,31.1,99.5,68.3,89.2,96.436,88.708,95.1,91.808,95.2,8.525,5,5,5,104.727
35.71,12,5.295,5.471,5.116,7.909,98.226,101.495,64.8,54.9,31.1,99.5,68.3,89.2,96.408,88.702,95.1,91.80199999999999,95.2,8.665,5,5,5,104.73
35.76,12,5.324,5.5600000000000005,5.257,7.361,97.47,100.789,64.8,54.9,31.1,99.5,68.3,89.2,96.402,88.7,94.947,91.8,95.2,7.962,5,5,5,104.715
35.81,12,5.297,5.604,5.253,5.308,97.85,101.2,64.8,54.9,31.1,99.5,68.3,89.2,96.4,88.7,94.911,91.8,95.2,8.975,5,5,5,104.71700000000001
35.86,12,5.323,5.769,5.2620000000000005,5.339,97.87899999999999,101.675,64.8,54.9,31.1,99.5,68.3,89.2,96.4,88.7,94.903,91.8,95.2,7.973000000000001,5,5,5,104.71600000000001
35.91,12,5.297,5.5,5.164,5.356,98.024,101.26899999999999,64.8,54.9,31.1,99.5,68.3,89.2,96.4,88.7,94.90100000000001,91.8,95.2,8.196,5,5,5,104.72
35.96,12,5.322,5.5440000000000005,5.329,5.127,98.111,101.427,64.8,54.9,31.1,99.5,68.3,89.2,96.4,88.7,94.9,91.8,95.2,8.437,5,5,5,104.709
36.01,12,5.296,5.531,5.16,4.87,98.28299999999999,101.675,64.8,54.9,31.1,99.5,68.3,89.2,96.4,88.7,94.9,91.8,95.2,9.89,5,5,5,104.72200000000001
36.06,12,5.376,5.692,5.1,4.706,98.111,101.943,64.8,54.9,31.1,99.5,68.3,89.2,96.4,88.7,94.9,91.8,95.2,10.802,5,5,5,104.71
36.11,12,5.299,5.694,5.308,4.929,97.412,101.24600000000001,64.8,54.9,31.1,99.5,68.3,89.2,96.4,88.7,94.9,91.8,95.2,10.884,5,5,5,104.715
36.16,12,5.368,5.769,5.401,5.02,96.878,100.789,64.8,54.9,31.1,99.5,68.3,89.2,96.4,88.7,94.9,91.8,95.10600000000001,10.666,5,5,5,104.713
36.21,12,5.297,5.649,5.392,5.123,97.441,99.882,64.8,54.9,31.1,99.5,68.3,89.2,96.4,88.7,94.9,91.8,94.949,11.66,5,5,5,104.713
36.26,12,5.322,5.57,5.336,5.095,94.968,94.81,64.8,54.9,31.1,99.5,68.3,89.2,96.4,88.7,94.9,91.8,94.91199999999999,11.871,5,5,5,104.71799999999999
36.31,12,5.319,5.523,5.319,5.123,93.73899999999999,95.403,64.8,54.9,31.1,99.5,68.3,89.2,96.4,88.7,94.9,91.8,94.903,11.386,5,5,5,104.721
36.36,12,5.324,5.732,5.505,4.829,93.308,93.196,64.8,54.9,31.1,99.5,68.3,89.2,96.4,88.7,94.9,91.8,94.90100000000001,11.639,5,5,5,104.71799999999999
36.41,12,5.319,5.527,5.589,4.949,93.173,92.852,64.8,54.9,31.1,99.5,68.3,89.047,96.4,88.7,94.9,91.8,94.9,12.644,5,5,5,104.713
36.46,12,5.32,5.471,5.293,4.5,93.10600000000001,92.765,64.8,54.9,31.1,99.5,68.3,89.01100000000001,96.4,88.7,94.9,91.8,94.9,12.232,5,5,5,104.71700000000001
36.51,12,5.299,5.572,5.674,4.828,93.207,92.358,64.8,54.9,31.1,99.5,68.3,89.003,96.4,88.7,94.9,91.8,94.9,11.5,5,5,5,104.708
36.56,12,5.32,5.501,5.552,4.785,92.597,92.211,64.8,54.9,31.1,99.5,68.3,89.001,96.4,88.7,94.9,91.8,94.9,11.924,5,5,5,104.714
36.61,12,5.3,5.495,5.491,5.498,92.836,92.50399999999999,64.8,54.9,31.1,99.5,68.3,89.0,96.4,88.7,94.9,91.8,94.9,12.807,5,5,5,104.719
36.66,12,5.319,5.802,5.415,4.909,92.971,92.27,64.8,54.9,31.1,99.1,68.6,89.0,96.4,88.7,94.9,91.8,94.9,12.158,5,5,5,104.713
36.71,12,5.3,5.469,5.366,5.015,92.734,92.387,64.8,54.9,31.1,99.1,68.6,89.0,96.4,88.7,94.9,91.8,94.9,11.568999999999999,5,5,5,104.721
36.76,12,5.319,5.817,5.461,5.103,93.039,92.678,64.8,54.9,31.1,99.1,68.6,89.0,96.4,88.7,94.9,91.8,94.9,11.984,5,5,5,104.71799999999999
36.81,12,5.319,5.671,5.503,5.165,93.14,92.417,64.8,54.9,31.1,99.1,68.6,89.0,96.4,88.7,94.9,91.8,94.9,12.896,5,5,5,104.72
36.86,12,5.369,5.5120000000000005,5.459,4.772,93.207,92.475,64.8,54.9,31.1,99.1,68.6,89.0,96.4,88.7,94.9,91.8,94.9,12.331,5,5,5,104.714
36.91,12,5.345,5.673,5.417,4.874,92.971,92.678,64.8,54.9,31.1,99.1,68.6,89.0,96.4,88.7,94.9,91.8,94.9,11.783999999999999,5,5,5,104.721
36.96,12,5.338,5.535,5.499,4.771,92.597,92.387,64.8,54.9,31.1,99.1,68.6,89.0,96.4,88.7,94.9,91.8,94.9,12.957999999999998,5,5,5,104.71700000000001
37.01,12,5.339,5.719,5.403,4.676,92.904,92.329,64.8,54.9,31.1,99.1,68.6,89.0,96.4,88.7,94.9,91.8,94.9,14.219,5,5,5,104.71799999999999
37.06,12,5.413,5.586,5.337,4.66,93.005,92.794,64.8,54.9,31.1,99.1,68.6,89.0,96.4,88.7,94.9,91.8,94.9,15.595,5,5,5,104.713
37.11,12,5.302,5.609,5.44,17.293,93.14,92.765,64.8,54.9,31.1,99.1,68.6,89.0,96.4,88.7,94.9,91.8,94.9,16.362000000000002,5,5,5,104.72200000000001
37.16,12,5.32,5.474,5.452,24.746,93.34100000000001,92.765,64.8,54.9,31.1,99.1,68.6,89.0,96.4,88.7,94.9,91.8,94.9,16.66,5,5,5,104.721
37.21,12,5.302,5.553,5.428,33.07,93.10600000000001,92.649,64.8,54.9,31.1,99.1,68.6,89.0,96.4,88.7,94.9,91.8,94.9,16.277,5,5,5,104.72200000000001
37.26,12,5.361,5.538,5.568,55.695,92.80199999999999,92.649,64.8,54.9,31.1,99.1,68.6,89.0,96.4,88.7,94.9,91.8,94.9,16.067,5,5,5,104.71700000000001
37.31,12,5.32,5.519,5.427,78.536,92.971,92.329,64.8,54.9,31.1,99.1,68.6,89.0,96.4,88.7,94.9,91.8,94.9,16.602,5,5,5,104.71799999999999
37.36,12,5.317,5.5600000000000005,5.395,97.486,93.039,92.29899999999999,64.8,54.9,31.1,99.1,68.6,89.0,96.4,88.7,94.9,91.8,94.9,16.85,5,5,5,104.71799999999999
